0 -37.6717 69.5993 32.6771 0 0 1 24151 1 
0 46.9657 39.4192 32.6771 0 0 1 24151 1 
0 45.2314 54.1119 32.6771 0 0 1 24151 1 
0 -31.996 47.3353 32.6771 0 0 1 24151 1 
0 -13.9672 65.0362 32.6771 0 0 1 24151 1 
0 -40.5158 52.4013 32.6771 0 0 1 24151 1 
0 -32.4051 53.1825 32.6771 0 0 1 24151 1 
0 1.12373 67.0693 32.6771 0 0 1 24151 1 
0 26.7023 41.9381 32.6771 0 0 1 24151 1 
0 43.0597 44.1116 32.6771 0 0 1 24151 1 
0 37.9376 56.9249 32.6771 0 0 1 24151 1 
0 -17.4892 68.539 32.6771 0 0 1 24151 1 
0 -4.7265 65.1926 32.6771 0 0 1 24151 1 
0 -50.0393 43.4842 32.6771 0 0 1 24151 1 
0 55.092 54.6969 32.6771 0 0 1 24151 1 
0 -16.9464 64.9016 32.6771 0 0 1 24151 1 
0 55.6639 53.7455 32.6771 0 0 1 24151 1 
0 -49.2987 42.3904 32.6771 0 0 1 24151 1 
0 35.7111 42.6377 32.6771 0 0 1 24151 1 
0 18.1906 67.4512 32.6771 0 0 1 24151 1 
0 45.1622 45.0825 32.6771 0 0 1 24151 1 
0 30.0569 62.5919 32.6771 0 0 1 24151 1 
0 41.1513 40.8965 32.6771 0 0 1 24151 1 
0 48.7145 53.6518 32.6771 0 0 1 24151 1 
0 -22.9009 65.1691 32.6771 0 0 1 24151 1 
0 45.3358 42.8824 32.6771 0 0 1 24151 1 
0 53.8064 46.2694 32.6771 0 0 1 24151 1 
0 48.9629 68.3507 32.6771 0 0 1 24151 1 
0 24.1576 62.4708 30.9534 -0.665068 -0.746783 0 24297 3 
0 24.4422 62.1683 30.5343 -0.785702 -0.618605 0 24297 3 
0 23.9796 62.6144 32.5238 -0.589673 -0.807642 0 24297 3 
0 22.7547 63.0624 31.6134 -0.0706025 -0.997505 0 24297 3 
0 24.9106 61.1266 32.5105 -0.984179 -0.177174 0 24297 3 
0 24.7339 61.6905 30.5259 -0.909292 -0.416158 0 24297 3 
0 23.5704 62.8541 32.0103 -0.416246 -0.909252 0 24297 3 
0 24.6047 61.9341 32.3801 -0.85455 -0.51937 0 24297 3 
0 23.921 62.6558 30.2723 -0.564838 -0.825202 0 24297 3 
0 22.8998 63.0476 31.071 -0.132091 -0.991238 0 24297 3 
0 24.6567 61.8441 32.3378 -0.876594 -0.48123 0 24297 3 
0 24.8242 61.4626 31.9115 -0.94756 -0.319579 0 24297 3 
0 24.3055 62.327 32.5286 -0.727743 -0.68585 0 24297 3 
0 23.8212 62.7205 30.825 -0.522542 -0.852614 0 24297 3 
0 23.8895 62.6771 30.6299 -0.551453 -0.834206 0 24297 3 
0 24.1163 62.5066 32.4739 -0.6476 -0.76198 0 24297 3 
0 24.0754 62.5406 32.5992 -0.630251 -0.776392 0 24297 3 
0 24.3894 62.233 31.8536 -0.763314 -0.646027 0 24297 3 
0 24.7903 61.5564 31.7169 -0.933222 -0.359301 0 24297 3 
0 24.7555 61.6418 30.5365 -0.918475 -0.395478 0 24297 3 
0 24.6847 61.7916 31.6396 -0.888449 -0.458976 0 24297 3 
0 23.3414 62.9448 32.3259 -0.319194 -0.947689 0 24297 3 
0 23.9382 62.6439 31.919 -0.572114 -0.820174 0 24297 3 
0 24.9439 60.8459 30.7093 -0.998304 -0.0582119 0 24297 3 
0 23.5518 62.8626 31.4914 -0.408363 -0.91282 0 24297 3 
0 24.7737 61.5983 31.7245 -0.926179 -0.377084 0 24297 3 
0 24.9372 60.9334 31.2113 -0.995449 -0.0953001 0 24297 3 
0 24.8467 61.3922 31.7854 -0.957105 -0.289742 0 24297 3 
0 -23.9465 62.6382 32.0493 0.575608 -0.817725 0 24289 3 
0 -22.8154 63.0573 31.3186 0.0963026 -0.995352 0 24289 3 
0 -23.3464 62.9432 30.3846 0.321306 -0.946976 0 24289 3 
0 -23.4364 62.9106 32.609 0.359459 -0.933161 0 24289 3 
0 -23.9649 62.6251 32.4316 0.583422 -0.812169 0 24289 3 
0 -24.3894 62.233 31.7996 0.763299 -0.646045 0 24289 3 
0 -22.7041 63.0654 32.4787 0.0491411 -0.998792 0 24289 3 
0 -24.2818 62.3517 32.2819 0.717737 -0.696314 0 24289 3 
0 -24.8081 61.5086 30.3788 0.940763 -0.339065 0 24289 3 
0 -24.9088 61.1363 30.3325 0.983432 -0.181277 0 24289 3 
0 -22.6517 63.0674 32.1865 0.0269382 -0.999637 0 24289 3 
0 -24.6479 61.8601 31.5773 0.872842 -0.488003 0 24289 3 
0 -22.9432 63.0414 30.6335 0.150456 -0.988617 0 24289 3 
0 -24.2078 62.4247 32.112 0.68634 -0.727281 0 24289 3 
0 -24.6327 61.8867 31.273 0.866429 -0.4993 0 24289 3 
0 -24.8705 61.3082 30.3979 0.96717 -0.254131 0 24289 3 
0 -24.5338 62.0438 30.9415 0.824498 -0.565865 0 24289 3 
0 -24.9458 60.8081 31.5274 0.999108 -0.0422209 0 24289 3 
0 -24.794 61.5468 31.807 0.93478 -0.355227 0 24289 3 
0 -23.6742 62.8035 32.6706 0.460254 -0.887787 0 24289 3 
0 -24.9392 60.9107 30.6552 0.996323 -0.0856802 0 24289 3 
0 -22.8287 63.056 31.9337 0.101955 -0.994789 0 24289 3 
0 -23.6898 62.7954 31.8045 0.466838 -0.884343 0 24289 3 
0 -23.9889 62.6076 30.8268 0.593596 -0.804763 0 24289 3 
0 -24.9476 60.7448 31.4011 0.999882 -0.0153874 0 24289 3 
0 -24.8072 61.5112 30.4646 0.940364 -0.34017 0 24289 3 
0 -23.411 62.9202 30.4303 0.348721 -0.937226 0 24289 3 
0 -24.6345 61.8837 31.6334 0.867182 -0.497992 0 24289 3 
0 -24.9479 36.6275 33.9759 1 0 0 24274 1 
0 -24.9479 28.2477 42.188 1 0 0 24274 1 
0 -24.9479 33.963 32.3038 1 0 0 24274 1 
0 -24.9479 29.4519 32.9725 1 0 0 24274 1 
0 -24.9479 33.4121 40.7116 1 0 0 24274 1 
0 -24.9479 30.2781 30.4744 1 0 0 24274 1 
0 -24.9479 28.7157 47.0659 1 0 0 24274 1 
0 -24.9479 27.6732 53.493 1 0 0 24274 1 
0 -24.9479 28.707 35.4579 1 0 0 24274 1 
0 -24.9479 31.1689 42.5473 1 0 0 24274 1 
0 -24.9479 28.1487 50.1861 1 0 0 24274 1 
0 -24.9479 35.1828 35.1953 1 0 0 24274 1 
0 -24.9479 29.4101 45.037 1 0 0 24274 1 
0 -24.9479 32.3413 32.128 1 0 0 24274 1 
0 -24.9479 31.4691 33.5486 1 0 0 24274 1 
0 -24.9479 26.1991 51.2448 1 0 0 24274 1 
0 -24.9479 30.5759 38.0361 1 0 0 24274 1 
0 -24.9479 25.6809 53.149 1 0 0 24274 1 
0 -24.9479 33.1338 36.1825 1 0 0 24274 1 
0 -24.9479 31.4729 35.179 1 0 0 24274 1 
0 -24.9479 31.8783 32.7405 1 0 0 24274 1 
0 -24.9479 31.9093 44.1664 1 0 0 24274 1 
0 -24.9479 30.7733 36.3827 1 0 0 24274 1 
0 -24.9479 29 43.4875 1 0 0 24274 1 
0 -24.9479 35.2681 38.2267 1 0 0 24274 1 
0 -24.9479 28.7417 38.5462 1 0 0 24274 1 
0 -24.9479 28.2303 47.6806 1 0 0 24274 1 
0 -24.9479 26.3637 40.6336 1 0 0 24274 1 
0 56.4104 -32.9336 19.0392 1 0 0 24299 1 
0 56.4104 -35.6662 51.6348 1 0 0 24299 1 
0 56.4104 -54.5295 52.7055 1 0 0 24299 1 
0 56.4104 14.0322 18.6771 1 0 0 24299 1 
0 56.4104 -24.2629 6.00948 1 0 0 24299 1 
0 56.4104 -58.3129 0.200431 1 0 0 24299 1 
0 56.4104 24.7521 39.9611 1 0 0 24299 1 
0 56.4104 -30.8757 52.9714 1 0 0 24299 1 
0 56.4104 9.9532 16.2735 1 0 0 24299 1 
0 56.4104 -20.9546 38.3583 1 0 0 24299 1 
0 56.4104 65.4956 4.79366 1 0 0 24299 1 
0 56.4104 14.7401 35.7263 1 0 0 24299 1 
0 56.4104 -26.3724 12.0318 1 0 0 24299 1 
0 56.4104 -61.632 6.9878 1 0 0 24299 1 
0 56.4104 -66.8695 47.1151 1 0 0 24299 1 
0 56.4104 -36.6128 42.7451 1 0 0 24299 1 
0 56.4104 -15.6912 42.8399 1 0 0 24299 1 
0 56.4104 -70.0989 39.0725 1 0 0 24299 1 
0 56.4104 -60.3032 43.6997 1 0 0 24299 1 
0 56.4104 30.6134 36.259 1 0 0 24299 1 
0 56.4104 28.5197 26.6196 1 0 0 24299 1 
0 56.4104 0.788464 0.129561 1 0 0 24299 1 
0 56.4104 -14.3285 2.8626 1 0 0 24299 1 
0 56.4104 37.4753 20.7121 1 0 0 24299 1 
0 56.4104 7.20342 41.598 1 0 0 24299 1 
0 56.4104 16.2321 25.1173 1 0 0 24299 1 
0 56.4104 -68.5942 15.433 1 0 0 24299 1 
0 56.4104 -51.3179 7.56412 1 0 0 24299 1 
0 18.0988 -9.01812 0 0 0 -1 627 1 
0 49.222 -3.01173 0 0 0 -1 627 1 
0 46.1221 56.6946 0 0 0 -1 627 1 
0 -31.8608 -60.3211 0 0 0 -1 627 1 
0 -50.3828 -46.6811 0 0 0 -1 627 1 
0 -32.435 -9.79193 0 0 0 -1 627 1 
0 27.8292 33.0475 0 0 0 -1 627 1 
0 25.4535 -31.8094 0 0 0 -1 627 1 
0 -15.4246 7.94343 0 0 0 -1 627 1 
0 2.67222 -4.9966 0 0 0 -1 627 1 
0 15.3389 -54.1115 0 0 0 -1 627 1 
0 -52.4066 -31.9833 0 0 0 -1 627 1 
0 -18.6147 -24.2462 0 0 0 -1 627 1 
0 -6.56223 61.3091 0 0 0 -1 627 1 
0 -0.655371 -61.6457 0 0 0 -1 627 1 
0 -29.982 -51.0803 0 0 0 -1 627 1 
0 -55.1478 61.6659 0 0 0 -1 627 1 
0 -42.3265 -6.78532 0 0 0 -1 627 1 
0 19.813 -47.4019 0 0 0 -1 627 1 
0 -51.3586 -54.6946 0 0 0 -1 627 1 
0 -48.4809 64.0579 0 0 0 -1 627 1 
0 30.1344 36.3248 0 0 0 -1 627 1 
0 -2.40901 -17.2042 0 0 0 -1 627 1 
0 43.14 59.6817 0 0 0 -1 627 1 
0 42.1586 65.0803 0 0 0 -1 627 1 
0 -19.2475 -43.6393 0 0 0 -1 627 1 
0 -43.3973 64.1776 0 0 0 -1 627 1 
0 14.6029 -20.1496 0 0 0 -1 627 1 
0 24.2173 22.6963 31.3829 -0.690373 0.723454 0 12760 3 
0 23.8259 22.3944 53.5722 -0.524523 0.851396 0 12760 3 
0 24.1022 22.5935 41.4215 -0.641608 0.767033 0 12760 3 
0 24.9045 23.9529 49.2511 -0.981598 0.190957 0 12760 3 
0 24.5324 23.0661 36.5816 -0.8239 0.566735 0 12760 3 
0 24.9209 24.0473 44.4164 -0.988541 0.150954 0 12760 3 
0 24.5701 23.1226 35.9425 -0.839871 0.542785 0 12760 3 
0 24.1775 22.6592 51.0867 -0.673527 0.739163 0 12760 3 
0 24.6387 23.2357 50.4339 -0.868967 0.494871 0 12760 3 
0 24.8501 23.7311 32.721 -0.958551 0.284922 0 12760 3 
0 22.7261 22.0478 41.9567 -0.0584515 0.99829 0 12760 3 
0 24.7929 23.5623 50.6761 -0.934311 0.356459 0 12760 3 
0 24.9022 23.9414 37.5642 -0.980639 0.195825 0 12760 3 
0 24.8399 23.6976 42.3191 -0.954211 0.299134 0 12760 3 
0 24.0575 22.557 48.86 -0.622646 0.782503 0 12760 3 
0 23.0287 22.0852 30.296 -0.186673 0.982422 0 12760 3 
0 23.9471 22.4743 48.1671 -0.575883 0.817532 0 12760 3 
0 23.7133 22.3292 51.3107 -0.476813 0.879005 0 12760 3 
0 24.593 23.1589 47.397 -0.849607 0.527417 0 12760 3 
0 24.7854 23.5429 37.6721 -0.931122 0.364709 0 12760 3 
0 24.8281 23.6612 34.8613 -0.949231 0.314578 0 12760 3 
0 23.8423 22.4046 34.5778 -0.531464 0.847081 0 12760 3 
0 24.1581 22.6417 32.253 -0.665301 0.746576 0 12760 3 
0 24.1069 22.5974 55.1512 -0.64361 0.765354 0 12760 3 
0 24.8636 23.7784 36.4301 -0.964271 0.264918 0 12760 3 
0 23.2279 22.1321 32.8967 -0.271107 0.962549 0 12760 3 
0 22.596 22.0437 36.6708 0 0.999994 0 12760 3 
0 24.6894 23.3296 57.8221 -0.890453 0.455075 0 12760 3 
0 -20.5097 15.0058 30.206 0.991034 -0.133611 0 4883 3 
0 -20.497 15.0914 30.6993 0.987213 -0.159407 0 4883 3 
0 -20.1545 16.1139 37.1359 0.884052 -0.467389 0 4883 3 
0 -20.4848 15.1621 26.7706 0.98354 -0.180688 0 4883 3 
0 -17.5604 17.8645 24.2518 0.102647 -0.994718 0 4883 3 
0 -17.8762 17.8164 30.0848 0.197776 -0.980247 0 4883 3 
0 -20.3634 15.6291 49.6093 0.94696 -0.321351 0 4883 3 
0 -19.3075 17.1433 56.5477 0.628909 -0.777479 0 4883 3 
0 -19.7429 16.7196 42.1504 0.760053 -0.649862 0 4883 3 
0 -20.4184 15.4504 42.5548 0.96355 -0.267529 0 4883 3 
0 -20.243 15.9334 30.5846 0.910713 -0.413039 0 4883 3 
0 -19.466 17.0066 47.2305 0.676657 -0.736299 0 4883 3 
0 -20.1812 16.0622 25.6018 0.892105 -0.451828 0 4883 3 
0 -20.032 16.3262 36.2127 0.847145 -0.531362 0 4883 3 
0 -20.4449 15.3487 47.5114 0.971536 -0.236891 0 4883 3 
0 -20.0252 16.337 38.5298 0.845114 -0.534587 0 4883 3 
0 -19.7738 16.6829 37.5085 0.769381 -0.63879 0 4883 3 
0 -18.0306 17.7815 43.1622 0.244266 -0.969708 0 4883 3 
0 -20.2933 15.8167 46.1068 0.925853 -0.377884 0 4883 3 
0 -18.825 17.468 23.4312 0.483583 -0.875299 0 4883 3 
0 -20.5392 14.6027 42.4497 0.999926 -0.0122001 0 4883 3 
0 -19.6818 16.7891 40.8389 0.741644 -0.670794 0 4883 3 
0 -19.077 17.3138 56.319 0.559485 -0.82884 0 4883 3 
0 -17.5718 17.8633 46.0605 0.10608 -0.994358 0 4883 3 
0 -20.5019 15.0598 36.0429 0.988703 -0.149888 0 4883 3 
0 -20.3384 15.6999 51.0712 0.939447 -0.342693 0 4883 3 
0 -20.1468 16.1284 33.0571 0.881722 -0.471769 0 4883 3 
0 -17.2976 17.8811 38.1195 0.0234878 -0.999724 0 4883 3 
0 19.9365 16.47 49.5066 -0.818388 -0.574667 0 5153 3 
0 17.2415 17.8819 54.7972 0 -0.999978 0 5153 3 
0 20.4057 15.4951 35.4736 -0.959704 -0.281013 0 5153 3 
0 17.9233 17.8066 34.9382 -0.211946 -0.977281 0 5153 3 
0 19.358 17.1016 38.4872 -0.644123 -0.764922 0 5153 3 
0 18.117 17.7584 28.5429 -0.2703 -0.962776 0 5153 3 
0 20.474 15.218 25.1692 -0.980295 -0.197541 0 5153 3 
0 19.4033 17.0628 49.6151 -0.657769 -0.75322 0 5153 3 
0 17.8091 17.8293 45.1751 -0.177552 -0.984111 0 5153 3 
0 20.5314 14.7929 39.7028 -0.997583 -0.0694786 0 5153 3 
0 20.4847 15.1628 24.8927 -0.983501 -0.180901 0 5153 3 
0 20.5347 14.7393 47.4977 -0.998577 -0.0533301 0 5153 3 
0 18.7719 17.4968 30.5366 -0.46758 -0.883951 0 5153 3 
0 19.0489 17.3326 43.4617 -0.551013 -0.834497 0 5153 3 
0 18.1185 17.758 56.7972 -0.270761 -0.962647 0 5153 3 
0 18.9643 17.3866 24.4397 -0.525522 -0.85078 0 5153 3 
0 18.4692 17.6379 50.9285 -0.376397 -0.926459 0 5153 3 
0 17.4064 17.8768 42.2273 -0.0562501 -0.998417 0 5153 3 
0 20.4934 15.113 50.9044 -0.986141 -0.165911 0 5153 3 
0 20.2652 15.8834 38.073 -0.917401 -0.397965 0 5153 3 
0 18.1166 17.7586 29.8866 -0.270184 -0.962809 0 5153 3 
0 20.3505 15.6664 38.9862 -0.943073 -0.332586 0 5153 3 
0 20.5287 14.8288 29.4549 -0.99677 -0.0803061 0 5153 3 
0 17.806 17.8298 45.3292 -0.176632 -0.984277 0 5153 3 
0 17.7283 17.8428 53.7897 -0.153228 -0.988191 0 5153 3 
0 19.9186 16.4953 44.9048 -0.812994 -0.582272 0 5153 3 
0 19.6143 16.8615 38.8517 -0.721332 -0.692589 0 5153 3 
0 17.319 17.8805 38.5086 -0.0299093 -0.999553 0 5153 3 
0 3.23022 -15.629 14.1848 0 0 1 2039 1 
0 -3.40061 -15.0368 14.1848 0 0 1 2039 1 
0 -3.44464 -13.5144 14.1848 0 0 1 2039 1 
0 -2.60109 -14.3182 14.1848 0 0 1 2039 1 
0 -3.603 -13.7071 14.1848 0 0 1 2039 1 
0 -3.16806 -15.6441 14.1848 0 0 1 2039 1 
0 -2.99077 -15.4246 14.1848 0 0 1 2039 1 
0 -3.92324 -13.3798 14.1848 0 0 1 2039 1 
0 -0.943346 -13.03 14.1848 0 0 1 2039 1 
0 -2.50308 -13.2166 14.1848 0 0 1 2039 1 
0 3.13789 -14.279 14.1848 0 0 1 2039 1 
0 -3.35132 -12.2269 14.1848 0 0 1 2039 1 
0 -3.26791 -12.1775 14.1848 0 0 1 2039 1 
0 1.35308 -14.3504 14.1848 0 0 1 2039 1 
0 -3.56462 -13.4422 14.1848 0 0 1 2039 1 
0 1.1139 -11.6515 14.1848 0 0 1 2039 1 
0 2.23932 -14.4993 14.1848 0 0 1 2039 1 
0 -1.89964 -13.6297 14.1848 0 0 1 2039 1 
0 -3.79136 -13.9075 14.1848 0 0 1 2039 1 
0 -1.91635 -13.8672 14.1848 0 0 1 2039 1 
0 2.89674 -13.617 14.1848 0 0 1 2039 1 
0 -1.23119 -13.7438 14.1848 0 0 1 2039 1 
0 -3.49972 -14.005 14.1848 0 0 1 2039 1 
0 0.0975717 -11.3239 14.1848 0 0 1 2039 1 
0 -0.0740805 -11.8757 14.1848 0 0 1 2039 1 
0 -0.230024 -13.4408 14.1848 0 0 1 2039 1 
0 0.918081 -11.6324 14.1848 0 0 1 2039 1 
0 0.633591 -13.4453 14.1848 0 0 1 2039 1 
0 3.13073 -11.1012 21.4737 -0.784912 -0.619607 0 4762 2 
0 3.961 -13.1039 22.2146 -0.99307 -0.117522 0 4762 2 
0 -1.88477 -10.0574 14.2759 0.472534 -0.881312 0 4762 2 
0 -3.98047 -13.3174 20.5401 0.997951 -0.0639828 0 4762 2 
0 -2.26579 -10.29 22.6211 0.568061 -0.822986 0 4762 2 
0 -2.35315 -10.3521 18.8906 0.589963 -0.80743 0 4762 2 
0 -2.76832 -10.7011 18.4294 0.69405 -0.719926 0 4762 2 
0 -0.574111 -9.62551 14.7757 0.143937 -0.989587 0 4762 2 
0 -1.8484 -10.0381 18.653 0.463417 -0.88614 0 4762 2 
0 -3.86772 -12.5979 14.9494 0.969684 -0.244364 0 4762 2 
0 -2.39108 -10.3801 21.4181 0.599474 -0.800394 0 4762 2 
0 -3.71859 -12.1299 18.2516 0.932297 -0.361694 0 4762 2 
0 3.83545 -12.4778 17.5613 -0.961595 -0.274474 0 4762 2 
0 -3.52246 -11.7014 19.4463 0.883123 -0.469142 0 4762 2 
0 -3.9183 -12.8269 22.0276 0.982367 -0.186965 0 4762 2 
0 -3.3565 -11.4178 15.5601 0.841514 -0.540235 0 4762 2 
0 3.80606 -12.3797 17.663 -0.954225 -0.299089 0 4762 2 
0 -3.67767 -12.0286 18.1835 0.922037 -0.387101 0 4762 2 
0 0.196521 -9.58882 17.4351 -0.0492703 -0.998785 0 4762 2 
0 -3.96939 -13.1812 20.1287 0.995173 -0.0981347 0 4762 2 
0 3.97003 -13.1877 14.4613 -0.995334 -0.0964934 0 4762 2 
0 2.12715 -10.1985 20.373 -0.533302 -0.845925 0 4762 2 
0 3.83942 -12.4918 17.412 -0.962588 -0.270969 0 4762 2 
0 -1.28908 -9.79803 18.2252 0.323188 -0.946335 0 4762 2 
0 -0.686786 -9.64355 14.5422 0.172186 -0.985065 0 4762 2 
0 2.69571 -10.6328 16.8279 -0.675848 -0.737041 0 4762 2 
0 -1.32882 -9.81183 23.023 0.333151 -0.942874 0 4762 2 
0 -0.0411092 -9.58419 20.1415 0.0103066 -0.999947 0 4762 2 
0 3.72667 -14.9943 19.1733 -0.934321 0.356432 0 4766 2 
0 3.98169 -13.8079 18.576 -0.998259 0.0589874 0 4766 2 
0 1.98084 -17.0346 22.0048 -0.49662 0.867968 0 4766 2 
0 0.389558 -17.5422 19.1831 -0.097667 0.995219 0 4766 2 
0 -1.70275 -17.1795 19.7062 0.4269 0.904299 0 4766 2 
0 1.74833 -17.1577 14.6417 -0.438327 0.898816 0 4766 2 
0 2.41246 -16.749 20.2271 -0.604832 0.796353 0 4766 2 
0 1.57986 -17.235 18.9824 -0.396091 0.918211 0 4766 2 
0 -1.79704 -17.1335 15.3535 0.45054 0.892756 0 4766 2 
0 -2.09073 -16.9694 21.5624 0.524171 0.851613 0 4766 2 
0 1.69818 -17.1817 21.0949 -0.425755 0.904838 0 4766 2 
0 -3.01332 -16.1859 14.5552 0.755476 0.655176 0 4766 2 
0 0.240815 -9.59125 17.6938 -0.0603752 -0.998176 0 4766 2 
0 1.96848 -17.0417 22.3607 -0.493521 0.869734 0 4766 2 
0 3.9828 -13.7884 15.9563 -0.998535 0.0541055 0 4766 2 
0 3.21849 -15.9286 16.6673 -0.806915 0.590667 0 4766 2 
0 1.37315 -17.3174 20.5736 -0.344264 0.938873 0 4766 2 
0 3.54778 -15.3954 18.257 -0.889472 0.456991 0 4766 2 
0 0.14479 -17.5586 14.4289 -0.0363005 0.999341 0 4766 2 
0 -0.237532 -17.5542 20.1507 0.0595521 0.998225 0 4766 2 
0 2.82249 -16.3909 16.3696 -0.707632 0.706581 0 4766 2 
0 -3.90705 -12.77 17.1526 0.979545 -0.201223 0 4766 2 
0 3.46514 -15.548 21.239 -0.868753 0.495246 0 4766 2 
0 3.98662 -13.6994 15.3459 -0.999495 0.0317873 0 4766 2 
0 1.42936 -17.2963 19.6363 -0.358357 0.933584 0 4766 2 
0 -1.54235 -17.251 19.6363 0.386686 0.922212 0 4766 2 
0 1.75616 -17.1538 23.0479 -0.440291 0.897855 0 4766 2 
0 2.65498 -16.5492 17.5775 -0.665637 0.746276 0 4766 2 
0 14.7369 -5.25222 23.1099 0 0 1 5326 1 
0 7.96042 -1.21043 23.1099 0 0 1 5326 1 
0 -14.3731 10.2125 23.1099 0 0 1 5326 1 
0 17.4639 -3.92009 23.1099 0 0 1 5326 1 
0 15.6637 2.38385 23.1099 0 0 1 5326 1 
0 3.39152 12.744 23.1099 0 0 1 5326 1 
0 -1.97291 -5.83807 23.1099 0 0 1 5326 1 
0 -10.3156 -1.13585 23.1099 0 0 1 5326 1 
0 15.0965 -8.42811 23.1099 0 0 1 5326 1 
0 -13.8415 -0.649331 23.1099 0 0 1 5326 1 
0 -5.89581 2.44879 23.1099 0 0 1 5326 1 
0 15.3629 17.6271 23.1099 0 0 1 5326 1 
0 10.0561 -9.93115 23.1099 0 0 1 5326 1 
0 16.7553 4.47373 23.1099 0 0 1 5326 1 
0 -8.44613 9.84574 23.1099 0 0 1 5326 1 
0 -9.28196 11.2292 23.1099 0 0 1 5326 1 
0 14.9083 12.755 23.1099 0 0 1 5326 1 
0 8.47766 -16.6582 23.1099 0 0 1 5326 1 
0 13.7481 0.557466 23.1099 0 0 1 5326 1 
0 -9.65493 -7.6449 23.1099 0 0 1 5326 1 
0 -8.93121 6.58081 23.1099 0 0 1 5326 1 
0 17.3834 -11.8122 23.1099 0 0 1 5326 1 
0 -12.5568 -12.5287 23.1099 0 0 1 5326 1 
0 4.18037 -14.3556 23.1099 0 0 1 5326 1 
0 -2.29107 7.77032 23.1099 0 0 1 5326 1 
0 -16.1532 5.36482 23.1099 0 0 1 5326 1 
0 2.05431 -4.13547 23.1099 0 0 1 5326 1 
0 7.90275 5.13143 23.1099 0 0 1 5326 1 
0 -4.33579 17.882 54.8207 0 -1 0 5186 1 
0 -13.4983 17.882 55.1526 0 -1 0 5186 1 
0 -4.951 17.882 37.724 0 -1 0 5186 1 
0 -13.9445 17.882 55.8369 0 -1 0 5186 1 
0 5.64433 17.882 33.5476 0 -1 0 5186 1 
0 1.79447 17.882 36.1974 0 -1 0 5186 1 
0 15.2238 17.882 25.2937 0 -1 0 5186 1 
0 9.76632 17.882 39.5711 0 -1 0 5186 1 
0 -17.0041 17.882 51.2786 0 -1 0 5186 1 
0 9.52835 17.882 46.5362 0 -1 0 5186 1 
0 6.90461 17.882 26.1361 0 -1 0 5186 1 
0 11.7914 17.882 42.6091 0 -1 0 5186 1 
0 10.3797 17.882 54.6681 0 -1 0 5186 1 
0 3.9625 17.882 30.0892 0 -1 0 5186 1 
0 16.9085 17.882 26.7039 0 -1 0 5186 1 
0 -12.7251 17.882 46.3787 0 -1 0 5186 1 
0 4.42381 17.882 37.0396 0 -1 0 5186 1 
0 -12.7401 17.882 55.8547 0 -1 0 5186 1 
0 -2.24869 17.882 45.7287 0 -1 0 5186 1 
0 5.19414 17.882 45.0693 0 -1 0 5186 1 
0 -13.7795 17.882 48.8442 0 -1 0 5186 1 
0 -11.4341 17.882 28.8502 0 -1 0 5186 1 
0 -12.8643 17.882 55.478 0 -1 0 5186 1 
0 -5.28286 17.882 53.9552 0 -1 0 5186 1 
0 11.3854 17.882 32.9052 0 -1 0 5186 1 
0 -11.1255 17.882 52.981 0 -1 0 5186 1 
0 3.81614 17.882 37.8404 0 -1 0 5186 1 
0 5.56752 17.882 33.6186 0 -1 0 5186 1 
0 17.0292 22.0437 40.7318 0 1 0 12929 1 
0 -9.41239 22.0437 53.1878 0 1 0 12929 1 
0 6.53381 22.0437 43.7293 0 1 0 12929 1 
0 -11.0701 22.0437 41.5863 0 1 0 12929 1 
0 -11.6512 22.0437 45.4758 0 1 0 12929 1 
0 13.6573 22.0437 50.1212 0 1 0 12929 1 
0 -15.3707 22.0437 48.8743 0 1 0 12929 1 
0 -5.26462 22.0437 57.0255 0 1 0 12929 1 
0 -3.05807 22.0437 49.5165 0 1 0 12929 1 
0 0.69039 22.0437 50.621 0 1 0 12929 1 
0 -10.3608 22.0437 43.5843 0 1 0 12929 1 
0 -17.1461 22.0437 51.0336 0 1 0 12929 1 
0 -10.5902 22.0437 42.0948 0 1 0 12929 1 
0 12.5208 22.0437 47.3674 0 1 0 12929 1 
0 -1.70056 22.0437 35.6097 0 1 0 12929 1 
0 -11.6334 22.0437 43.0807 0 1 0 12929 1 
0 12.0179 22.0437 51.4291 0 1 0 12929 1 
0 16.977 22.0437 32.2222 0 1 0 12929 1 
0 18.4629 22.0437 31.8612 0 1 0 12929 1 
0 -10.4051 22.0437 41.3168 0 1 0 12929 1 
0 2.00344 22.0437 42.6261 0 1 0 12929 1 
0 -10.8979 22.0437 57.1069 0 1 0 12929 1 
0 -10.2152 22.0437 44.4418 0 1 0 12929 1 
0 16.9716 22.0437 42.5991 0 1 0 12929 1 
0 -5.132 22.0437 56.0449 0 1 0 12929 1 
0 -0.378026 22.0437 57.7756 0 1 0 12929 1 
0 10.1125 22.0437 48.8016 0 1 0 12929 1 
0 12.7269 22.0437 49.5895 0 1 0 12929 1 
0 -23.3354 22.1651 53.5841 0.316648 0.948543 0 12895 3 
0 -22.7774 22.0513 52.8174 0.0802106 0.996778 0 12895 3 
0 -24.8852 23.8632 32.8841 0.97344 0.228942 0 12895 3 
0 -24.9344 24.1511 51.5513 0.994263 0.106961 0 12895 3 
0 -23.3568 22.1724 47.9801 0.325728 0.945464 0 12895 3 
0 -22.7824 22.0517 41.1969 0.0823129 0.996607 0 12895 3 
0 -24.648 23.2522 30.9465 0.872912 0.487877 0 12895 3 
0 -24.3852 22.8741 44.3001 0.761531 0.648129 0 12895 3 
0 -24.3693 22.8556 47.215 0.754794 0.655961 0 12895 3 
0 -24.501 23.0217 56.6794 0.810615 0.58558 0 12895 3 
0 -24.2198 22.6987 32.1541 0.69143 0.722443 0 12895 3 
0 -22.9119 22.066 57.0704 0.137197 0.990544 0 12895 3 
0 -24.2506 22.7288 44.0862 0.704509 0.709695 0 12895 3 
0 -24.9056 23.9585 57.1365 0.982058 0.18858 0 12895 3 
0 -24.9108 23.9864 55.1096 0.984252 0.176774 0 12895 3 
0 -24.6392 23.2365 30.6895 0.869156 0.494538 0 12895 3 
0 -22.6579 22.0447 54.8647 0.0295498 0.999563 0 12895 3 
0 -24.3779 22.8655 45.6302 0.758446 0.651736 0 12895 3 
0 -24.1468 22.6317 46.977 0.660509 0.750818 0 12895 3 
0 -24.3164 22.7967 36.7635 0.732378 0.680898 0 12895 3 
0 -23.822 22.392 55.2909 0.522848 0.852426 0 12895 3 
0 -24.6961 23.3428 32.4981 0.893283 0.449495 0 12895 3 
0 -24.8612 23.7698 40.3571 0.963267 0.268545 0 12895 3 
0 -24.0078 22.5185 57.8363 0.60159 0.798805 0 12895 3 
0 -23.2589 22.1411 44.9013 0.284255 0.958749 0 12895 3 
0 -24.8266 23.6567 47.4901 0.948596 0.316489 0 12895 3 
0 -24.1516 22.636 56.0034 0.662558 0.74901 0 12895 3 
0 -24.8112 23.6121 52.5783 0.94208 0.335387 0 12895 3 
0 2.62284 26.5163 30.2035 0 0 1 12933 1 
0 -16.2279 52.9758 30.2035 0 0 1 12933 1 
0 10.6139 34.0713 30.2035 0 0 1 12933 1 
0 -15.1331 53.9056 30.2035 0 0 1 12933 1 
0 -17.6255 56.8878 30.2035 0 0 1 12933 1 
0 -23.3855 57.7369 30.2035 0 0 1 12933 1 
0 -14.0494 56.8889 30.2035 0 0 1 12933 1 
0 19.0539 49.1578 30.2035 0 0 1 12933 1 
0 -12.4045 51.2035 30.2035 0 0 1 12933 1 
0 -15.93 27.5363 30.2035 0 0 1 12933 1 
0 -6.84551 44.464 30.2035 0 0 1 12933 1 
0 -22.8905 61.7726 30.2035 0 0 1 12933 1 
0 14.347 50.1688 30.2035 0 0 1 12933 1 
0 8.79588 26.0941 30.2035 0 0 1 12933 1 
0 16.6631 50.0891 30.2035 0 0 1 12933 1 
0 -5.53371 25.3321 30.2035 0 0 1 12933 1 
0 -21.376 54.4762 30.2035 0 0 1 12933 1 
0 5.73901 39.1708 30.2035 0 0 1 12933 1 
0 -7.3653 40.9418 30.2035 0 0 1 12933 1 
0 -12.8676 55.3868 30.2035 0 0 1 12933 1 
0 1.6292 39.9565 30.2035 0 0 1 12933 1 
0 -15.7001 24.9869 30.2035 0 0 1 12933 1 
0 8.0973 51.5285 30.2035 0 0 1 12933 1 
0 -7.0509 45.9811 30.2035 0 0 1 12933 1 
0 0.845796 59.5207 30.2035 0 0 1 12933 1 
0 -4.8371 47.2565 30.2035 0 0 1 12933 1 
0 -19.6529 47.8425 30.2035 0 0 1 12933 1 
0 7.8146 58.3014 30.2035 0 0 1 12933 1 
0 32.1119 35.3249 47.2369 0 1 0 24161 1 
0 33.397 35.3249 33.2101 0 1 0 24161 1 
0 44.6538 35.3249 50.6569 0 1 0 24161 1 
0 52.6949 35.3249 56.2768 0 1 0 24161 1 
0 32.2727 35.3249 34.1271 0 1 0 24161 1 
0 30.1375 35.3249 52.2466 0 1 0 24161 1 
0 39.4288 35.3249 55.9081 0 1 0 24161 1 
0 54.9361 35.3249 50.3339 0 1 0 24161 1 
0 48.1472 35.3249 45.3722 0 1 0 24161 1 
0 53.4452 35.3249 57.7714 0 1 0 24161 1 
0 25.2215 35.3249 44.4844 0 1 0 24161 1 
0 51.8615 35.3249 46.5296 0 1 0 24161 1 
0 45.1879 35.3249 57.7487 0 1 0 24161 1 
0 48.2933 35.3249 50.8251 0 1 0 24161 1 
0 42.4206 35.3249 40.7038 0 1 0 24161 1 
0 30.3368 35.3249 44.7239 0 1 0 24161 1 
0 29.3527 35.3249 47.1987 0 1 0 24161 1 
0 48.944 35.3249 48.5515 0 1 0 24161 1 
0 35.2446 35.3249 43.8712 0 1 0 24161 1 
0 29.4656 35.3249 47.0241 0 1 0 24161 1 
0 36.7485 35.3249 42.8348 0 1 0 24161 1 
0 26.8655 35.3249 47.2774 0 1 0 24161 1 
0 37.7045 35.3249 53.745 0 1 0 24161 1 
0 46.1983 35.3249 33.3388 0 1 0 24161 1 
0 42.5086 35.3249 44.5057 0 1 0 24161 1 
0 44.2859 35.3249 44.7569 0 1 0 24161 1 
0 40.1866 35.3249 51.4961 0 1 0 24161 1 
0 30.4762 35.3249 35.4061 0 1 0 24161 1 
0 -11.6796 70.6937 16.0715 0 1 0 24309 1 
0 3.81906 70.6937 17.2122 0 1 0 24309 1 
0 43.0597 70.6937 17.6429 0 1 0 24309 1 
0 26.1003 70.6937 3.05006 0 1 0 24309 1 
0 27.6583 70.6937 1.20885 0 1 0 24309 1 
0 55.8472 70.6937 15.2844 0 1 0 24309 1 
0 -39.5637 70.6937 2.03594 0 1 0 24309 1 
0 -42.6781 70.6937 17.445 0 1 0 24309 1 
0 -35.5038 70.6937 31.9285 0 1 0 24309 1 
0 53.628 70.6937 19.8376 0 1 0 24309 1 
0 35.8827 70.6937 7.43182 0 1 0 24309 1 
0 46.2659 70.6937 3.79764 0 1 0 24309 1 
0 35.0922 70.6937 27.6578 0 1 0 24309 1 
0 -13.473 70.6937 22.2909 0 1 0 24309 1 
0 55.3754 70.6937 8.91265 0 1 0 24309 1 
0 37.3113 70.6937 24.9095 0 1 0 24309 1 
0 -17.906 70.6937 12.1047 0 1 0 24309 1 
0 -3.08975 70.6937 15.1468 0 1 0 24309 1 
0 -7.52838 70.6937 5.72724 0 1 0 24309 1 
0 -16.1421 70.6937 16.8795 0 1 0 24309 1 
0 12.9697 70.6937 6.65804 0 1 0 24309 1 
0 0.602365 70.6937 8.52399 0 1 0 24309 1 
0 -9.23699 70.6937 3.57371 0 1 0 24309 1 
0 -6.75096 70.6937 27.2682 0 1 0 24309 1 
0 -49.8831 70.6937 32.0874 0 1 0 24309 1 
0 33.6752 70.6937 7.96 0 1 0 24309 1 
0 24.4926 70.6937 22.9851 0 1 0 24309 1 
0 -24.0919 70.6937 28.899 0 1 0 24309 1 
0 -56.4104 -54.936 35.501 -1 0 0 24305 1 
0 -56.4104 -6.36174 45.6501 -1 0 0 24305 1 
0 -56.4104 -64.1512 3.15729 -1 0 0 24305 1 
0 -56.4104 -26.5568 35.0138 -1 0 0 24305 1 
0 -56.4104 -67.1075 52.7128 -1 0 0 24305 1 
0 -56.4104 -43.7727 9.05901 -1 0 0 24305 1 
0 -56.4104 12.6773 42.6634 -1 0 0 24305 1 
0 -56.4104 -27.6138 21.8123 -1 0 0 24305 1 
0 -56.4104 24.3575 12.8134 -1 0 0 24305 1 
0 -56.4104 -35.0451 7.8852 -1 0 0 24305 1 
0 -56.4104 -28.7809 52.629 -1 0 0 24305 1 
0 -56.4104 -62.5908 51.7591 -1 0 0 24305 1 
0 -56.4104 34.4714 7.6417 -1 0 0 24305 1 
0 -56.4104 15.6436 13.9358 -1 0 0 24305 1 
0 -56.4104 -3.59002 30.4574 -1 0 0 24305 1 
0 -56.4104 -57.3355 27.1341 -1 0 0 24305 1 
0 -56.4104 -65.3396 6.5407 -1 0 0 24305 1 
0 -56.4104 21.0764 22.67 -1 0 0 24305 1 
0 -56.4104 -26.1225 19.9765 -1 0 0 24305 1 
0 -56.4104 53.5468 18.247 -1 0 0 24305 1 
0 -56.4104 2.60829 4.38662 -1 0 0 24305 1 
0 -56.4104 -38.4112 3.68374 -1 0 0 24305 1 
0 -56.4104 -62.872 48.8436 -1 0 0 24305 1 
0 -56.4104 0.313012 8.94966 -1 0 0 24305 1 
0 -56.4104 -58.8925 0.390271 -1 0 0 24305 1 
0 -56.4104 -41.2391 8.85805 -1 0 0 24305 1 
0 -56.4104 34.1722 1.14451 -1 0 0 24305 1 
0 -56.4104 -31.1124 0.295571 -1 0 0 24305 1 
0 -52.4547 35.3249 45.3074 0 1 0 24157 1 
0 -41.1477 35.3249 38.7044 0 1 0 24157 1 
0 -25.2246 35.3249 45.0989 0 1 0 24157 1 
0 -54.7994 35.3249 40.6563 0 1 0 24157 1 
0 -44.4141 35.3249 39.3217 0 1 0 24157 1 
0 -54.2049 35.3249 44.9076 0 1 0 24157 1 
0 -39.6807 35.3249 39.5353 0 1 0 24157 1 
0 -47.1822 35.3249 41.2917 0 1 0 24157 1 
0 -39.9507 35.3249 45.4442 0 1 0 24157 1 
0 -28.6626 35.3249 41.4609 0 1 0 24157 1 
0 -27.9503 35.3249 37.421 0 1 0 24157 1 
0 -31.8031 35.3249 57.3918 0 1 0 24157 1 
0 -43.8059 35.3249 46.4424 0 1 0 24157 1 
0 -50.9732 35.3249 47.1185 0 1 0 24157 1 
0 -30.9045 35.3249 36.3883 0 1 0 24157 1 
0 -29.8535 35.3249 43.3487 0 1 0 24157 1 
0 -54.6145 35.3249 38.544 0 1 0 24157 1 
0 -51.9529 35.3249 47.8896 0 1 0 24157 1 
0 -30.7408 35.3249 41.0414 0 1 0 24157 1 
0 -34.9977 35.3249 54.7827 0 1 0 24157 1 
0 -55.3295 35.3249 52.478 0 1 0 24157 1 
0 -40.3567 35.3249 51.5893 0 1 0 24157 1 
0 -44.7304 35.3249 35.1254 0 1 0 24157 1 
0 -47.3869 35.3249 54.9329 0 1 0 24157 1 
0 -50.9082 35.3249 56.4987 0 1 0 24157 1 
0 -25.4498 35.3249 51.1911 0 1 0 24157 1 
0 -51.1433 35.3249 56.8431 0 1 0 24157 1 
0 -40.91 35.3249 52.4941 0 1 0 24157 1 
0 6.03359 63.0683 30.4858 0 -1 0 24291 1 
0 3.65566 63.0683 31.8193 0 -1 0 24291 1 
0 0.411632 63.0683 32.2858 0 -1 0 24291 1 
0 -0.336664 63.0683 30.8633 0 -1 0 24291 1 
0 16.4574 63.0683 31.1101 0 -1 0 24291 1 
0 13.5996 63.0683 30.5185 0 -1 0 24291 1 
0 12.7345 63.0683 30.7586 0 -1 0 24291 1 
0 -12.4424 63.0683 32.3891 0 -1 0 24291 1 
0 21.0026 63.0683 32.2927 0 -1 0 24291 1 
0 -13.632 63.0683 31.8568 0 -1 0 24291 1 
0 21.8929 63.0683 30.8435 0 -1 0 24291 1 
0 0.905901 63.0683 32.1541 0 -1 0 24291 1 
0 -1.20715 63.0683 30.2412 0 -1 0 24291 1 
0 18.8081 63.0683 31.9501 0 -1 0 24291 1 
0 -19.8 63.0683 31.9975 0 -1 0 24291 1 
0 13.7531 63.0683 30.7641 0 -1 0 24291 1 
0 6.28133 63.0683 31.6354 0 -1 0 24291 1 
0 10.0103 63.0683 30.993 0 -1 0 24291 1 
0 -20.0745 63.0683 32.6179 0 -1 0 24291 1 
0 -14.5316 63.0683 31.3214 0 -1 0 24291 1 
0 13.645 63.0683 31.581 0 -1 0 24291 1 
0 -3.40421 63.0683 30.3556 0 -1 0 24291 1 
0 17.8521 63.0683 30.214 0 -1 0 24291 1 
0 -18.9931 63.0683 32.1467 0 -1 0 24291 1 
0 -16.0897 63.0683 31.884 0 -1 0 24291 1 
0 -8.66745 63.0683 31.0519 0 -1 0 24291 1 
0 -0.472812 63.0683 30.9758 0 -1 0 24291 1 
0 3.63748 63.0683 31.0275 0 -1 0 24291 1 
0 24.9479 26.7322 49.9247 -1 0 0 24283 1 
0 24.9479 25.7739 49.3996 -1 0 0 24283 1 
0 24.9479 28.0826 42.7579 -1 0 0 24283 1 
0 24.9479 32.5641 46.722 -1 0 0 24283 1 
0 24.9479 32.7321 51.5018 -1 0 0 24283 1 
0 24.9479 29.4918 45.2065 -1 0 0 24283 1 
0 24.9479 30.1701 38.0296 -1 0 0 24283 1 
0 24.9479 25.3123 45.9143 -1 0 0 24283 1 
0 24.9479 26.6588 30.4053 -1 0 0 24283 1 
0 24.9479 31.3116 35.6348 -1 0 0 24283 1 
0 24.9479 31.4316 30.7353 -1 0 0 24283 1 
0 24.9479 27.5309 36.6181 -1 0 0 24283 1 
0 24.9479 30.7326 33.0668 -1 0 0 24283 1 
0 24.9479 28.0137 38.0496 -1 0 0 24283 1 
0 24.9479 28.5652 44.7074 -1 0 0 24283 1 
0 24.9479 36.9476 32.9127 -1 0 0 24283 1 
0 24.9479 30.3184 35.2305 -1 0 0 24283 1 
0 24.9479 26.0282 50.2608 -1 0 0 24283 1 
0 24.9479 31.0979 31.2455 -1 0 0 24283 1 
0 24.9479 30.4086 49.7268 -1 0 0 24283 1 
0 24.9479 29.7378 35.2457 -1 0 0 24283 1 
0 24.9479 27.5716 40.5406 -1 0 0 24283 1 
0 24.9479 26.1457 42.775 -1 0 0 24283 1 
0 24.9479 28.4344 49.4678 -1 0 0 24283 1 
0 24.9479 26.1896 42.9027 -1 0 0 24283 1 
0 24.9479 27.3968 44.2783 -1 0 0 24283 1 
0 24.9479 29.6673 37.877 -1 0 0 24283 1 
0 24.9479 32.5023 50.6287 -1 0 0 24283 1 
0 24.8749 -70.6937 23.5615 0 -1 0 38586 1 
0 7.25683 -70.6937 15.947 0 -1 0 38586 1 
0 51.6275 -70.6937 15.453 0 -1 0 38586 1 
0 -28.8309 -70.6937 33.4198 0 -1 0 38586 1 
0 16.7526 -70.6937 15.4823 0 -1 0 38586 1 
0 -8.46881 -70.6937 13.7882 0 -1 0 38586 1 
0 49.2982 -70.6937 40.0672 0 -1 0 38586 1 
0 16.0549 -70.6937 10.7679 0 -1 0 38586 1 
0 50.9413 -70.6937 32.8414 0 -1 0 38586 1 
0 -29.2554 -70.6937 11.5904 0 -1 0 38586 1 
0 29.4533 -70.6937 24.0367 0 -1 0 38586 1 
0 35.8354 -70.6937 9.5183 0 -1 0 38586 1 
0 -37.3113 -70.6937 21.9288 0 -1 0 38586 1 
0 -43.1377 -70.6937 52.5304 0 -1 0 38586 1 
0 -33.2685 -70.6937 25.8181 0 -1 0 38586 1 
0 -55.1128 -70.6937 27.1468 0 -1 0 38586 1 
0 27.921 -70.6937 18.1881 0 -1 0 38586 1 
0 55.1003 -70.6937 27.0273 0 -1 0 38586 1 
0 -48.0992 -70.6937 44.4694 0 -1 0 38586 1 
0 14.4847 -70.6937 5.80296 0 -1 0 38586 1 
0 -18.7998 -70.6937 21.274 0 -1 0 38586 1 
0 9.66194 -70.6937 16.5807 0 -1 0 38586 1 
0 50.18 -70.6937 14.261 0 -1 0 38586 1 
0 20.4871 -70.6937 19.8178 0 -1 0 38586 1 
0 12.8582 -70.6937 25.8161 0 -1 0 38586 1 
0 29.3569 -70.6937 18.4785 0 -1 0 38586 1 
0 53.6232 -70.6937 28.6604 0 -1 0 38586 1 
0 -55.4434 -70.6937 45.0714 0 -1 0 38586 1 
0 -4.61694 -17.882 25.8402 0 1 0 38592 1 
0 5.86303 -17.882 27.1338 0 1 0 38592 1 
0 -5.11461 -17.882 25.8988 0 1 0 38592 1 
0 -14.0896 -17.882 24.6016 0 1 0 38592 1 
0 -10.3755 -17.882 27.8399 0 1 0 38592 1 
0 -12.6991 -17.882 25.9455 0 1 0 38592 1 
0 12.3577 -17.882 24.0158 0 1 0 38592 1 
0 -6.72672 -17.882 26.6512 0 1 0 38592 1 
0 -5.22549 -17.882 24.1001 0 1 0 38592 1 
0 -0.312596 -17.882 25.3598 0 1 0 38592 1 
0 7.86298 -17.882 26.117 0 1 0 38592 1 
0 12.3738 -17.882 27.6221 0 1 0 38592 1 
0 -15.3626 -17.882 25.0118 0 1 0 38592 1 
0 -2.28504 -17.882 23.7632 0 1 0 38592 1 
0 -4.11936 -17.882 27.3291 0 1 0 38592 1 
0 0.0134007 -17.882 25.6182 0 1 0 38592 1 
0 10.8185 -17.882 23.4158 0 1 0 38592 1 
0 3.29509 -17.882 26.0045 0 1 0 38592 1 
0 2.09051 -17.882 26.6481 0 1 0 38592 1 
0 -9.1216 -17.882 23.3749 0 1 0 38592 1 
0 14.317 -17.882 23.3364 0 1 0 38592 1 
0 -6.68118 -17.882 24.243 0 1 0 38592 1 
0 16.2518 -17.882 24.6193 0 1 0 38592 1 
0 -15.1883 -17.882 26.947 0 1 0 38592 1 
0 -6.79504 -17.882 25.9475 0 1 0 38592 1 
0 -1.78589 -17.882 24.5676 0 1 0 38592 1 
0 11.3337 -17.882 24.0579 0 1 0 38592 1 
0 -7.14539 -17.882 24.5679 0 1 0 38592 1 
0 -20.5394 5.30217 48.1432 1 0 0 38594 1 
0 -20.5394 3.14879 53.8804 1 0 0 38594 1 
0 -20.5394 13.9607 45.5073 1 0 0 38594 1 
0 -20.5394 7.18517 39.55 1 0 0 38594 1 
0 -20.5394 11.263 44.0285 1 0 0 38594 1 
0 -20.5394 -7.71474 28.7003 1 0 0 38594 1 
0 -20.5394 4.77776 27.6048 1 0 0 38594 1 
0 -20.5394 -8.02424 47.0342 1 0 0 38594 1 
0 -20.5394 8.17516 43.2054 1 0 0 38594 1 
0 -20.5394 -11.4769 26.673 1 0 0 38594 1 
0 -20.5394 -5.8673 46.2069 1 0 0 38594 1 
0 -20.5394 -1.2993 54.7065 1 0 0 38594 1 
0 -20.5394 14.1243 48.3158 1 0 0 38594 1 
0 -20.5394 11.0887 36.6653 1 0 0 38594 1 
0 -20.5394 4.30517 40.0252 1 0 0 38594 1 
0 -20.5394 -0.780487 44.943 1 0 0 38594 1 
0 -20.5394 7.97091 34.8221 1 0 0 38594 1 
0 -20.5394 -0.0663072 36.1817 1 0 0 38594 1 
0 -20.5394 -4.61573 30.5083 1 0 0 38594 1 
0 -20.5394 1.19397 33.0268 1 0 0 38594 1 
0 -20.5394 0.866438 31.48 1 0 0 38594 1 
0 -20.5394 -1.55475 51.9271 1 0 0 38594 1 
0 -20.5394 0.873904 29.9539 1 0 0 38594 1 
0 -20.5394 12.9565 31.6226 1 0 0 38594 1 
0 -20.5394 -2.57389 50.9721 1 0 0 38594 1 
0 -20.5394 -1.06376 38.3105 1 0 0 38594 1 
0 -20.5394 -1.64479 52.129 1 0 0 38594 1 
0 -20.5394 -7.82505 39.487 1 0 0 38594 1 
0 20.5394 9.54503 36.2324 -1 0 0 38600 1 
0 20.5394 10.8507 48.591 -1 0 0 38600 1 
0 20.5394 -3.73062 35.3746 -1 0 0 38600 1 
0 20.5394 -8.4299 43.1709 -1 0 0 38600 1 
0 20.5394 -1.56986 28.3292 -1 0 0 38600 1 
0 20.5394 -7.21673 33.9885 -1 0 0 38600 1 
0 20.5394 -7.00136 29.9544 -1 0 0 38600 1 
0 20.5394 -4.80434 42.5089 -1 0 0 38600 1 
0 20.5394 -10.1212 24.678 -1 0 0 38600 1 
0 20.5394 11.81 24.8013 -1 0 0 38600 1 
0 20.5394 -6.74538 24.1847 -1 0 0 38600 1 
0 20.5394 8.44945 27.4413 -1 0 0 38600 1 
0 20.5394 -3.74262 29.1923 -1 0 0 38600 1 
0 20.5394 -8.10601 42.7997 -1 0 0 38600 1 
0 20.5394 -0.80493 52.0383 -1 0 0 38600 1 
0 20.5394 12.1645 37.1834 -1 0 0 38600 1 
0 20.5394 -7.01221 26.0323 -1 0 0 38600 1 
0 20.5394 12.5195 46.2053 -1 0 0 38600 1 
0 20.5394 11.4606 50.3628 -1 0 0 38600 1 
0 20.5394 4.58533 39.3119 -1 0 0 38600 1 
0 20.5394 12.4234 45.4846 -1 0 0 38600 1 
0 20.5394 12.1795 29.1797 -1 0 0 38600 1 
0 20.5394 -2.89929 23.5231 -1 0 0 38600 1 
0 20.5394 6.78075 39.5866 -1 0 0 38600 1 
0 20.5394 -7.55937 38.3851 -1 0 0 38600 1 
0 20.5394 -6.80697 52.8799 -1 0 0 38600 1 
0 20.5394 3.48664 41.7149 -1 0 0 38600 1 
0 20.5394 -0.395443 43.997 -1 0 0 38600 1 
0 -17.7564 -17.8383 23.5074 0.161679 0.986843 0 38604 3 
0 -19.7204 -16.7456 24.2143 0.753299 0.657679 0 38604 3 
0 -20.5387 -14.6317 26.4237 0.999781 0.0209236 0 38604 3 
0 -18.3072 -17.6988 23.3708 0.327608 0.944814 0 38604 3 
0 -20.4962 -15.0965 26.7391 0.986963 0.160945 0 38604 3 
0 -17.4194 -17.876 23.4735 0.0601744 0.998188 0 38604 3 
0 -20.3486 -15.6717 24.4246 0.942506 0.33419 0 38604 3 
0 -18.0399 -17.7791 25.6513 0.247078 0.968996 0 38604 3 
0 -20.5103 -15.0013 25.6228 0.991215 0.132257 0 38604 3 
0 -19.5214 -16.9545 24.5596 0.693332 0.720618 0 38604 3 
0 -17.3122 -17.8807 25.1038 0.0278727 0.999611 0 38604 3 
0 -20.5379 -14.6636 23.7197 0.999534 0.030532 0 38604 3 
0 -18.4681 -17.6383 27.5185 0.376064 0.926594 0 38604 3 
0 -20.5373 -14.6812 27.0752 0.999358 0.0358263 0 38604 3 
0 -19.7668 -16.6914 27.5092 0.767248 0.64135 0 38604 3 
0 -19.9359 -16.4709 23.4203 0.818208 0.574922 0 38604 3 
0 -20.3558 -15.6512 24.094 0.944672 0.328016 0 38604 3 
0 -20.5264 -14.8564 27.0671 0.996068 0.0885937 0 38604 3 
0 -20.5212 -14.9097 23.1386 0.994509 0.104649 0 38604 3 
0 -20.1862 -16.0525 25.871 0.893584 0.448896 0 38604 3 
0 -17.6648 -17.852 26.9827 0.134086 0.99097 0 38604 3 
0 -19.8391 -16.6017 24.8931 0.789041 0.61434 0 38604 3 
0 -20.5034 -15.0502 23.6978 0.989137 0.146996 0 38604 3 
0 -18.7327 -17.5172 25.6302 0.455779 0.890093 0 38604 3 
0 -20.273 -15.8654 26.3032 0.919731 0.392549 0 38604 3 
0 -19.7934 -16.659 23.1157 0.775288 0.631608 0 38604 3 
0 -20.0326 -16.3252 27.1552 0.847336 0.531058 0 38604 3 
0 -20.1796 -16.0654 26.5282 0.891617 0.45279 0 38604 3 
0 19.9598 -16.4364 27.6721 -0.825405 0.564541 0 38608 3 
0 19.183 -17.2393 27.4827 -0.591394 0.806383 0 38608 3 
0 20.4801 -15.1869 24.4338 -0.982139 0.188156 0 38608 3 
0 20.0992 -16.2142 24.0542 -0.867396 0.497618 0 38608 3 
0 20.3439 -15.6847 25.2831 -0.941104 0.338118 0 38608 3 
0 20.5375 -14.6763 24.3703 -0.99941 0.0343411 0 38608 3 
0 18.7252 -17.521 26.7631 -0.453495 0.891259 0 38608 3 
0 17.3611 -17.879 23.2275 -0.0426045 0.999092 0 38608 3 
0 19.2173 -17.2138 27.0986 -0.601724 0.798704 0 38608 3 
0 20.5237 -14.8853 23.9741 -0.995255 0.0973045 0 38608 3 
0 19.6169 -16.8588 25.0515 -0.722096 0.691793 0 38608 3 
0 19.2875 -17.1593 25.0083 -0.62289 0.782309 0 38608 3 
0 18.7933 -17.4854 27.8405 -0.474008 0.88052 0 38608 3 
0 19.0864 -17.3074 24.7263 -0.562323 0.826918 0 38608 3 
0 18.6347 -17.5653 25.8105 -0.426245 0.904608 0 38608 3 
0 17.4611 -17.8732 25.2752 -0.0727303 0.997352 0 38608 3 
0 18.8375 -17.4611 26.4254 -0.487334 0.873216 0 38608 3 
0 20.1421 -16.1372 25.9585 -0.880305 0.474409 0 38608 3 
0 18.7161 -17.5256 26.6868 -0.45078 0.892635 0 38608 3 
0 19.3908 -17.0737 26.708 -0.653988 0.756505 0 38608 3 
0 20.1656 -16.0928 26.0459 -0.887379 0.461041 0 38608 3 
0 20.5381 -14.6549 25.95 -0.999611 0.0278966 0 38608 3 
0 20.5394 -14.5742 24.4313 -0.999994 0 0 38608 3 
0 18.9843 -17.3742 25.1612 -0.531565 0.847017 0 38608 3 
0 19.5645 -16.9123 23.1265 -0.706327 0.707886 0 38608 3 
0 19.9596 -16.4367 27.5042 -0.825351 0.56462 0 38608 3 
0 17.3768 -17.8783 26.3401 -0.0473456 0.998879 0 38608 3 
0 20.5319 -14.7856 26.8672 -0.997734 0.0672786 0 38608 3 
0 44.1306 -65.5338 57.3599 -1 0 0 40158 1 
0 44.1306 -65.9978 56.2553 -1 0 0 40158 1 
0 44.1306 -23.563 38.6146 -1 0 0 40158 1 
0 44.1306 -66.1255 31.7187 -1 0 0 40158 1 
0 44.1306 -56.0097 29.0329 -1 0 0 40158 1 
0 44.1306 -30.2928 55.8006 -1 0 0 40158 1 
0 44.1306 -66.5407 43.5723 -1 0 0 40158 1 
0 44.1306 -22.0678 37.6971 -1 0 0 40158 1 
0 44.1306 -30.3287 51.0871 -1 0 0 40158 1 
0 44.1306 -24.2318 42.2445 -1 0 0 40158 1 
0 44.1306 -66.7593 39.0114 -1 0 0 40158 1 
0 44.1306 -61.7159 51.0405 -1 0 0 40158 1 
0 44.1306 -62.9152 38.0651 -1 0 0 40158 1 
0 44.1306 -56.6708 30.7057 -1 0 0 40158 1 
0 44.1306 -51.8153 43.2611 -1 0 0 40158 1 
0 44.1306 -56.0866 51.8835 -1 0 0 40158 1 
0 44.1306 -14.0282 48.9278 -1 0 0 40158 1 
0 44.1306 -48.2078 49.0874 -1 0 0 40158 1 
0 44.1306 -49.8781 57.0757 -1 0 0 40158 1 
0 44.1306 -38.1049 55.2546 -1 0 0 40158 1 
0 44.1306 -28.4377 42.2076 -1 0 0 40158 1 
0 44.1306 -23.8964 41.826 -1 0 0 40158 1 
0 44.1306 -21.9057 32.2019 -1 0 0 40158 1 
0 44.1306 -36.7923 57.3941 -1 0 0 40158 1 
0 44.1306 -66.2424 57.8072 -1 0 0 40158 1 
0 44.1306 -48.4607 54.0823 -1 0 0 40158 1 
0 44.1306 -36.9116 41.9193 -1 0 0 40158 1 
0 44.1306 -38.2422 32.1759 -1 0 0 40158 1 
0 22.4862 -9.83245 54.1935 0 -1 0 40162 1 
0 20.8644 -9.83245 51.9531 0 -1 0 40162 1 
0 37.8177 -9.83245 50.2847 0 -1 0 40162 1 
0 39.8522 -9.83245 41.2698 0 -1 0 40162 1 
0 25.061 -9.83245 33.5916 0 -1 0 40162 1 
0 21.3441 -9.83245 57.1999 0 -1 0 40162 1 
0 32.8522 -9.83245 57.7938 0 -1 0 40162 1 
0 29.5257 -9.83245 50.818 0 -1 0 40162 1 
0 24.8393 -9.83245 56.4191 0 -1 0 40162 1 
0 26.5727 -9.83245 57.7596 0 -1 0 40162 1 
0 24.9081 -9.83245 33.9161 0 -1 0 40162 1 
0 34.7915 -9.83245 39.8766 0 -1 0 40162 1 
0 29.7018 -9.83245 42.231 0 -1 0 40162 1 
0 42.1308 -9.83245 46.3819 0 -1 0 40162 1 
0 40.0265 -9.83245 32.4541 0 -1 0 40162 1 
0 36.5034 -9.83245 41.1942 0 -1 0 40162 1 
0 29.2866 -9.83245 33.7816 0 -1 0 40162 1 
0 38.7232 -9.83245 57.1094 0 -1 0 40162 1 
0 36.9045 -9.83245 32.01 0 -1 0 40162 1 
0 36.0294 -9.83245 47.5207 0 -1 0 40162 1 
0 31.7977 -9.83245 29.3354 0 -1 0 40162 1 
0 21.5724 -9.83245 57.8284 0 -1 0 40162 1 
0 30.8138 -9.83245 36.2552 0 -1 0 40162 1 
0 38.817 -9.83245 38.5134 0 -1 0 40162 1 
0 40.6561 -9.83245 37.8632 0 -1 0 40162 1 
0 41.4074 -9.83245 55.1518 0 -1 0 40162 1 
0 41.6556 -9.83245 42.7403 0 -1 0 40162 1 
0 37.0963 -9.83245 40.6083 0 -1 0 40162 1 
0 43.8915 -10.1836 30.2583 -0.760877 -0.648896 0 40124 3 
0 44.084 -10.5309 52.8303 -0.953448 -0.301558 0 40124 3 
0 43.9027 -10.1969 55.0324 -0.772053 -0.635558 0 40124 3 
0 43.9959 -10.3311 35.3727 -0.865265 -0.501315 0 40124 3 
0 44.0967 -10.5744 34.4972 -0.966145 -0.258001 0 40124 3 
0 43.6466 -9.97586 57.1863 -0.516007 -0.856584 0 40124 3 
0 43.8411 -10.1287 49.1852 -0.710454 -0.703744 0 40124 3 
0 43.1503 -9.83264 30.0365 -0.0196551 -0.999807 0 40124 3 
0 44.1012 -10.5918 48.4442 -0.970615 -0.240639 0 40124 3 
0 44.0643 -10.4744 46.8275 -0.933686 -0.358094 0 40124 3 
0 43.186 -9.83398 56.2033 -0.055366 -0.998466 0 40124 3 
0 43.8654 -10.1542 51.0129 -0.734804 -0.678279 0 40124 3 
0 43.3837 -9.865 48.0995 -0.253066 -0.967449 0 40124 3 
0 43.3459 -9.85591 49.7743 -0.215342 -0.976539 0 40124 3 
0 43.8245 -10.1124 43.6416 -0.693936 -0.720037 0 40124 3 
0 43.7747 -10.0675 37.0436 -0.644067 -0.764969 0 40124 3 
0 43.1442 -9.83254 52.1655 -0.0136158 -0.999907 0 40124 3 
0 43.9825 -10.3087 56.3295 -0.851874 -0.523747 0 40124 3 
0 43.8193 -10.1074 39.6895 -0.688688 -0.725058 0 40124 3 
0 44.0136 -10.363 51.5574 -0.882974 -0.469422 0 40124 3 
0 43.3612 -9.8594 35.6228 -0.230599 -0.973049 0 40124 3 
0 43.8557 -10.1438 38.8175 -0.725089 -0.688655 0 40124 3 
0 43.8354 -10.1231 33.6974 -0.704831 -0.709375 0 40124 3 
0 43.4646 -9.88988 53.9622 -0.33401 -0.94257 0 40124 3 
0 44.1297 -10.79 54.6358 -0.999099 -0.042437 0 40124 3 
0 44.1101 -10.631 43.5742 -0.979496 -0.201463 0 40124 3 
0 43.905 -10.1998 43.0826 -0.774424 -0.632667 0 40124 3 
0 43.4423 -9.88226 49.6659 -0.311688 -0.950184 0 40124 3 
0 -26.2137 -1.68971 57.8381 0 0 1 40320 1 
0 54.4629 -24.4304 57.8381 0 0 1 40320 1 
0 -55.4639 -69.1389 57.8381 0 0 1 40320 1 
0 42.6396 16.1743 57.8381 0 0 1 40320 1 
0 34.4935 10.4131 57.8381 0 0 1 40320 1 
0 -32.1786 18.9594 57.8381 0 0 1 40320 1 
0 53.1322 -34.8338 57.8381 0 0 1 40320 1 
0 -38.5989 3.54924 57.8381 0 0 1 40320 1 
0 -41.2413 -55.4914 57.8381 0 0 1 40320 1 
0 -22.7488 16.7051 57.8381 0 0 1 40320 1 
0 -42.9311 -32.6484 57.8381 0 0 1 40320 1 
0 47.3438 -41.637 57.8381 0 0 1 40320 1 
0 34.7679 18.8334 57.8381 0 0 1 40320 1 
0 48.4166 14.424 57.8381 0 0 1 40320 1 
0 52.4734 22.1373 57.8381 0 0 1 40320 1 
0 -32.3247 -55.267 57.8381 0 0 1 40320 1 
0 44.3492 21.8302 57.8381 0 0 1 40320 1 
0 56.3237 21.5306 57.8381 0 0 1 40320 1 
0 -55.6844 -24.6666 57.8381 0 0 1 40320 1 
0 -26.1762 -9.04037 57.8381 0 0 1 40320 1 
0 -38.8856 28.0092 57.8381 0 0 1 40320 1 
0 -40.6142 -7.46243 57.8381 0 0 1 40320 1 
0 46.6007 -49.6069 57.8381 0 0 1 40320 1 
0 -29.8886 -12.8606 57.8381 0 0 1 40320 1 
0 -33.91 -61.8103 57.8381 0 0 1 40320 1 
0 -23.2894 15.1452 57.8381 0 0 1 40320 1 
0 -54.1771 27.5431 57.8381 0 0 1 40320 1 
0 32.3611 15.4894 57.8381 0 0 1 40320 1 
0 -25.7256 -9.83245 44.1618 0 -1 0 40324 1 
0 -25.8398 -9.83245 57.8182 0 -1 0 40324 1 
0 -21.9514 -9.83245 43.0842 0 -1 0 40324 1 
0 -22.6526 -9.83245 39.7903 0 -1 0 40324 1 
0 -20.6629 -9.83245 28.417 0 -1 0 40324 1 
0 -24.9909 -9.83245 39.5407 0 -1 0 40324 1 
0 -21.6954 -9.83245 40.9963 0 -1 0 40324 1 
0 -20.6907 -9.83245 31.4223 0 -1 0 40324 1 
0 -21.0114 -9.83245 55.9244 0 -1 0 40324 1 
0 -22.5223 -9.83245 28.0015 0 -1 0 40324 1 
0 -27.0143 -9.83245 35.4941 0 -1 0 40324 1 
0 -26.0568 -9.83245 43.6956 0 -1 0 40324 1 
0 -26.8511 -9.83245 42.9007 0 -1 0 40324 1 
0 -21.3547 -9.83245 47.0955 0 -1 0 40324 1 
0 -22.5479 -9.83245 45.9519 0 -1 0 40324 1 
0 -27.3096 -9.83245 44.5284 0 -1 0 40324 1 
0 -22.2033 -9.83245 31.7448 0 -1 0 40324 1 
0 -21.3416 -9.83245 40.1104 0 -1 0 40324 1 
0 -26.4513 -9.83245 54.9258 0 -1 0 40324 1 
0 -23.3627 -9.83245 33.4913 0 -1 0 40324 1 
0 -26.5434 -9.83245 51.1258 0 -1 0 40324 1 
0 -26.552 -9.83245 29.639 0 -1 0 40324 1 
0 -27.0278 -9.83245 31.3257 0 -1 0 40324 1 
0 -27.3625 -9.83245 45.3755 0 -1 0 40324 1 
0 -26.0034 -9.83245 37.3418 0 -1 0 40324 1 
0 -21.8051 -9.83245 47.6297 0 -1 0 40324 1 
0 -25.9546 -9.83245 36.3011 0 -1 0 40324 1 
0 -26.409 -9.83245 28.9196 0 -1 0 40324 1 
0 -28.5092 -21.2187 52.0002 1 0 0 40330 1 
0 -28.5092 -53.9486 38.8997 1 0 0 40330 1 
0 -28.5092 -20.2388 33.0948 1 0 0 40330 1 
0 -28.5092 -56.9724 42.1147 1 0 0 40330 1 
0 -28.5092 -19.0527 43.416 1 0 0 40330 1 
0 -28.5092 -18.1658 31.1181 1 0 0 40330 1 
0 -28.5092 -48.4398 29.0636 1 0 0 40330 1 
0 -28.5092 -66.0675 31.1855 1 0 0 40330 1 
0 -28.5092 -54.7485 44.788 1 0 0 40330 1 
0 -28.5092 -62.8671 35.4483 1 0 0 40330 1 
0 -28.5092 -11.7073 29.3673 1 0 0 40330 1 
0 -28.5092 -22.416 48.703 1 0 0 40330 1 
0 -28.5092 -50.4008 54.0529 1 0 0 40330 1 
0 -28.5092 -66.5346 48.2478 1 0 0 40330 1 
0 -28.5092 -54.0439 30.916 1 0 0 40330 1 
0 -28.5092 -16.5977 41.7356 1 0 0 40330 1 
0 -28.5092 -17.5347 51.8306 1 0 0 40330 1 
0 -28.5092 -26.1334 38.6931 1 0 0 40330 1 
0 -28.5092 -46.0457 29.7295 1 0 0 40330 1 
0 -28.5092 -58.2454 54.384 1 0 0 40330 1 
0 -28.5092 -19.6454 57.683 1 0 0 40330 1 
0 -28.5092 -64.9737 39.9952 1 0 0 40330 1 
0 -28.5092 -27.3585 57.6099 1 0 0 40330 1 
0 -28.5092 -54.1414 42.4862 1 0 0 40330 1 
0 -28.5092 -33.5587 45.4288 1 0 0 40330 1 
0 -28.5092 -24.9789 44.3504 1 0 0 40330 1 
0 -28.5092 -24.798 38.9614 1 0 0 40330 1 
0 -28.5092 -26.2171 45.0906 1 0 0 40330 1 
0 18.6036 -29.7688 27.8938 0 0 1 40334 1 
0 36.7237 -28.5739 27.8938 0 0 1 40334 1 
0 -10.9114 -54.1238 27.8938 0 0 1 40334 1 
0 8.05178 -50.2799 27.8938 0 0 1 40334 1 
0 -27.091 -55.3192 27.8938 0 0 1 40334 1 
0 14.1512 -24.2585 27.8938 0 0 1 40334 1 
0 15.7983 -33.667 27.8938 0 0 1 40334 1 
0 -26.5505 -57.4435 27.8938 0 0 1 40334 1 
0 10.6871 -45.6875 27.8938 0 0 1 40334 1 
0 -9.44188 -38.8379 27.8938 0 0 1 40334 1 
0 2.89067 -47.8369 27.8938 0 0 1 40334 1 
0 34.4725 -37.8107 27.8938 0 0 1 40334 1 
0 37.2466 -61.4843 27.8938 0 0 1 40334 1 
0 35.8019 -20.4761 27.8938 0 0 1 40334 1 
0 2.49651 -56.5038 27.8938 0 0 1 40334 1 
0 36.9135 -13.2217 27.8938 0 0 1 40334 1 
0 2.38611 -54.7837 27.8938 0 0 1 40334 1 
0 -4.22287 -58.6284 27.8938 0 0 1 40334 1 
0 24.3018 -39.5232 27.8938 0 0 1 40334 1 
0 -17.3656 -19.0782 27.8938 0 0 1 40334 1 
0 34.5798 -29.586 27.8938 0 0 1 40334 1 
0 -4.37193 -31.6386 27.8938 0 0 1 40334 1 
0 35.4675 -41.4124 27.8938 0 0 1 40334 1 
0 -8.42151 -25.2776 27.8938 0 0 1 40334 1 
0 2.33495 -70.4447 27.8938 0 0 1 40334 1 
0 19.7502 -26.2637 27.8938 0 0 1 40334 1 
0 17.624 -65.9096 27.8938 0 0 1 40334 1 
0 39.8205 -27.6562 27.8938 0 0 1 40334 1 
0 -28.0385 -9.98403 46.6008 0.52933 -0.848416 0 40296 3 
0 -28.4045 -10.3872 41.1401 0.895384 -0.445294 0 40296 3 
0 -28.1806 -10.0914 51.377 0.671469 -0.741033 0 40296 3 
0 -28.2582 -10.1699 44.6726 0.749058 -0.662504 0 40296 3 
0 -28.5036 -10.7273 40.886 0.994459 -0.105126 0 40296 3 
0 -28.4918 -10.6472 28.5192 0.982685 -0.185284 0 40296 3 
0 -28.178 -10.0891 44.8669 0.668872 -0.743378 0 40296 3 
0 -28.5092 -10.8322 43.1541 1 0 0 40296 3 
0 -28.4984 -10.6863 51.0759 0.989257 -0.14619 0 40296 3 
0 -27.9265 -9.92371 36.631 0.417356 -0.908743 0 40296 3 
0 -28.1386 -10.0554 46.1542 0.629468 -0.777026 0 40296 3 
0 -27.867 -9.89865 42.3827 0.357802 -0.933797 0 40296 3 
0 -27.5565 -9.83357 57.4348 0.0473448 -0.998879 0 40296 3 
0 -28.4848 -10.6128 31.8153 0.97559 -0.219599 0 40296 3 
0 -27.5906 -9.83577 37.5463 0.0814523 -0.996677 0 40296 3 
0 -28.2215 -10.1306 41.1716 0.712291 -0.701884 0 40296 3 
0 -28.1462 -10.0616 30.5034 0.637 -0.770864 0 40296 3 
0 -27.6723 -9.84584 29.4504 0.163097 -0.98661 0 40296 3 
0 -27.9548 -9.93726 30.3121 0.44568 -0.895192 0 40296 3 
0 -28.4037 -10.3855 40.078 0.894582 -0.446903 0 40296 3 
0 -28.4043 -10.3867 51.0023 0.895139 -0.445788 0 40296 3 
0 -28.3036 -10.2251 42.8298 0.7944 -0.607395 0 40296 3 
0 -28.2782 -10.1933 33.5399 0.769044 -0.639196 0 40296 3 
0 -28.0564 -9.99545 32.5382 0.547207 -0.836997 0 40296 3 
0 -28.2785 -10.1936 53.6991 0.769365 -0.638809 0 40296 3 
0 -28.0227 -9.97438 49.891 0.513541 -0.858065 0 40296 3 
0 -28.498 -10.6834 52.2781 0.988836 -0.149011 0 40296 3 
0 -27.6587 -9.84369 52.6008 0.149555 -0.988753 0 40296 3 
