0 -39.5414 -61.5233 118.57 0 1 0 33323 1 
0 -26.945 -61.5233 116.591 0 1 0 33323 1 
0 -55.118 -61.5233 118.173 0 1 0 33323 1 
0 -72.3328 -61.5233 118.462 0 1 0 33323 1 
0 -46.6302 -61.5233 118.341 0 1 0 33323 1 
0 -64.2892 -61.5233 116.684 0 1 0 33323 1 
0 -68.1497 -61.5233 116.633 0 1 0 33323 1 
0 -30.8483 -61.5233 117.694 0 1 0 33323 1 
0 -43.9207 -61.5233 117.368 0 1 0 33323 1 
0 -31.3061 -61.5233 118.28 0 1 0 33323 1 
0 -72.6995 -61.5233 117.904 0 1 0 33323 1 
0 -56.7408 -61.5233 118.682 0 1 0 33323 1 
0 -41.5409 -61.5233 118.424 0 1 0 33323 1 
0 -69.3861 -61.5233 118.019 0 1 0 33323 1 
0 -28.7457 -61.5233 117.492 0 1 0 33323 1 
0 -73.3343 -61.5233 118.248 0 1 0 33323 1 
0 -60.4297 -61.5233 117.707 0 1 0 33323 1 
0 -40.8037 -61.5233 116.502 0 1 0 33323 1 
0 -37.1297 -61.5233 116.504 0 1 0 33323 1 
0 -50.0524 -61.5233 118.518 0 1 0 33323 1 
0 -69.8049 -61.5233 117.487 0 1 0 33323 1 
0 -44.2767 -61.5233 117.151 0 1 0 33323 1 
0 -33.0537 -61.5233 117.446 0 1 0 33323 1 
0 -61.0111 -61.5233 116.91 0 1 0 33323 1 
0 -69.5684 -61.5233 116.865 0 1 0 33323 1 
0 -74.2003 -61.5233 118.475 0 1 0 33323 1 
0 -34.9427 -61.5233 116.541 0 1 0 33323 1 
0 -35.9084 -61.5233 117.553 0 1 0 33323 1 
0 -45.1731 -61.5233 117.223 0 1 0 33323 1 
0 -58.0859 -61.5233 117.019 0 1 0 33323 1 
0 -43.6362 -61.5233 117.086 0 1 0 33323 1 
0 -50.3549 -61.5233 117.489 0 1 0 33323 1 
0 -40.4539 -61.5233 116.844 0 1 0 33323 1 
0 -60.0573 -61.5233 117.337 0 1 0 33323 1 
0 -53.723 -61.5233 118.083 0 1 0 33323 1 
0 -26.2522 -36.805 112.661 1 0 0 33406 1 
0 -26.2522 -66.9174 99.5452 1 0 0 33406 1 
0 -26.2522 -70.9217 107.026 1 0 0 33406 1 
0 -26.2522 -60.6781 104.163 1 0 0 33406 1 
0 -26.2522 -41.154 111.802 1 0 0 33406 1 
0 -26.2522 -29.576 113.246 1 0 0 33406 1 
0 -26.2522 -44.1232 108.178 1 0 0 33406 1 
0 -26.2522 -62.0611 101.733 1 0 0 33406 1 
0 -26.2522 -29.919 110.817 1 0 0 33406 1 
0 -26.2522 -59.2105 104.731 1 0 0 33406 1 
0 -26.2522 -54.8302 111.693 1 0 0 33406 1 
0 -26.2522 -59.9498 99.1047 1 0 0 33406 1 
0 -26.2522 -63.5987 105.715 1 0 0 33406 1 
0 -26.2522 -52.1815 107.168 1 0 0 33406 1 
0 -26.2522 -50.2446 104.92 1 0 0 33406 1 
0 -26.2522 -41.2671 107.311 1 0 0 33406 1 
0 -26.2522 -56.6968 107.383 1 0 0 33406 1 
0 -26.2522 -71.1032 111.369 1 0 0 33406 1 
0 -26.2522 -63.4098 115.82 1 0 0 33406 1 
0 -26.2522 -68.0082 104.614 1 0 0 33406 1 
0 -26.2522 -67.6695 115.881 1 0 0 33406 1 
0 -26.2522 -33.587 99.0874 1 0 0 33406 1 
0 -26.2522 -49.3259 109.624 1 0 0 33406 1 
0 -26.2522 -58.6708 107.058 1 0 0 33406 1 
0 -26.2522 -31.6398 112.921 1 0 0 33406 1 
0 -26.2522 -67.3855 106.236 1 0 0 33406 1 
0 -26.2522 -61.276 101.082 1 0 0 33406 1 
0 -26.2522 -58.7135 105.521 1 0 0 33406 1 
0 -26.2522 -69.0771 103.499 1 0 0 33406 1 
0 -26.2522 -39.9125 112.685 1 0 0 33406 1 
0 -26.2522 -70.5028 115.429 1 0 0 33406 1 
0 -26.2522 -26.9669 103.088 1 0 0 33406 1 
0 -26.2522 -37.6529 100.805 1 0 0 33406 1 
0 -26.2522 -28.204 111.53 1 0 0 33406 1 
0 -26.2522 -35.0287 113.23 1 0 0 33406 1 
0 -32.9556 -67.6973 118.744 0 0 1 33404 1 
0 -70.8544 -66.5708 118.744 0 0 1 33404 1 
0 -41.1484 -65.0583 118.744 0 0 1 33404 1 
0 -35.0475 -69.0782 118.744 0 0 1 33404 1 
0 -41.4109 -63.7998 118.744 0 0 1 33404 1 
0 -61.5179 -69.2998 118.744 0 0 1 33404 1 
0 -49.1572 -64.33 118.744 0 0 1 33404 1 
0 -31.9551 -69.9858 118.744 0 0 1 33404 1 
0 -34.487 -68.3247 118.744 0 0 1 33404 1 
0 -28.3907 -67.3572 118.744 0 0 1 33404 1 
0 -69.3105 -62.3569 118.744 0 0 1 33404 1 
0 -48.5777 -69.8297 118.744 0 0 1 33404 1 
0 -43.9121 -65.7645 118.744 0 0 1 33404 1 
0 -49.9158 -63.808 118.744 0 0 1 33404 1 
0 -37.2141 -62.9102 118.744 0 0 1 33404 1 
0 -45.4911 -62.2972 118.744 0 0 1 33404 1 
0 -32.0352 -69.0226 118.744 0 0 1 33404 1 
0 -44.9037 -65.3024 118.744 0 0 1 33404 1 
0 -54.9228 -67.0784 118.744 0 0 1 33404 1 
0 -66.479 -63.3117 118.744 0 0 1 33404 1 
0 -40.5661 -70.0826 118.744 0 0 1 33404 1 
0 -73.6396 -62.5705 118.744 0 0 1 33404 1 
0 -48.6038 -65.1446 118.744 0 0 1 33404 1 
0 -62.3161 -64.4449 118.744 0 0 1 33404 1 
0 -46.9764 -68.2354 118.744 0 0 1 33404 1 
0 -36.6515 -65.8675 118.744 0 0 1 33404 1 
0 -59.6386 -70.6191 118.744 0 0 1 33404 1 
0 -26.4189 -70.9893 118.744 0 0 1 33404 1 
0 -64.2269 -68.3811 118.744 0 0 1 33404 1 
0 -69.5519 -65.6304 118.744 0 0 1 33404 1 
0 -71.6515 -63.3821 118.744 0 0 1 33404 1 
0 -51.7047 -65.9235 118.744 0 0 1 33404 1 
0 -60.7867 -68.2408 118.744 0 0 1 33404 1 
0 -53.8409 -66.8734 118.744 0 0 1 33404 1 
0 -27.028 -63.267 118.744 0 0 1 33404 1 
0 62.7972 -71.2302 70.7521 0 -1 0 19791 1 
0 46.5836 -71.2302 8.59495 0 -1 0 19791 1 
0 66.8849 -71.2302 64.998 0 -1 0 19791 1 
0 70.8305 -71.2302 31.2156 0 -1 0 19791 1 
0 -11.6161 -71.2302 52.6338 0 -1 0 19791 1 
0 52.8361 -71.2302 81.1661 0 -1 0 19791 1 
0 -46.4088 -71.2302 29.1271 0 -1 0 19791 1 
0 31.9309 -71.2302 57.4767 0 -1 0 19791 1 
0 2.40147 -71.2302 26.9593 0 -1 0 19791 1 
0 56.7633 -71.2302 72.3475 0 -1 0 19791 1 
0 57.5078 -71.2302 11.4042 0 -1 0 19791 1 
0 -62.9483 -71.2302 38.4222 0 -1 0 19791 1 
0 -69.1515 -71.2302 38.5101 0 -1 0 19791 1 
0 -55.5127 -71.2302 54.3343 0 -1 0 19791 1 
0 24.0515 -71.2302 17.3591 0 -1 0 19791 1 
0 -52.0584 -71.2302 44.4625 0 -1 0 19791 1 
0 -6.53887 -71.2302 8.68382 0 -1 0 19791 1 
0 43.2282 -71.2302 2.31204 0 -1 0 19791 1 
0 -8.0457 -71.2302 40.4153 0 -1 0 19791 1 
0 0.181197 -71.2302 54.2573 0 -1 0 19791 1 
0 5.73388 -71.2302 5.79912 0 -1 0 19791 1 
0 33.1028 -71.2302 107.128 0 -1 0 19791 1 
0 39.9844 -71.2302 54.2077 0 -1 0 19791 1 
0 -56.1628 -71.2302 28.532 0 -1 0 19791 1 
0 74.2547 -71.2302 52.5518 0 -1 0 19791 1 
0 6.30995 -71.2302 81.2749 0 -1 0 19791 1 
0 10.8074 -71.2302 63.6994 0 -1 0 19791 1 
0 -23.6438 -71.2302 76.1532 0 -1 0 19791 1 
0 -16.4152 -71.2302 93.1007 0 -1 0 19791 1 
0 4.45634 -71.2302 12.9811 0 -1 0 19791 1 
0 19.2011 -71.2302 92.2764 0 -1 0 19791 1 
0 -30.6356 -71.2302 15.1784 0 -1 0 19791 1 
0 53.3812 -71.2302 57.7889 0 -1 0 19791 1 
0 -18.2409 -71.2302 35.0355 0 -1 0 19791 1 
0 -49.5544 -71.2302 113.106 0 -1 0 19791 1 
0 -23.8273 -28.488 97.2803 0 0 1 19795 1 
0 -19.0792 -66.2465 97.2803 0 0 1 19795 1 
0 -22.3492 -36.3552 97.2803 0 0 1 19795 1 
0 -24.7709 -37.369 97.2803 0 0 1 19795 1 
0 -22.3737 -65.8701 97.2803 0 0 1 19795 1 
0 -14.8526 -32.1519 97.2803 0 0 1 19795 1 
0 -15.0033 -59.6445 97.2803 0 0 1 19795 1 
0 -16.1634 -51.1513 97.2803 0 0 1 19795 1 
0 -17.5263 -31.915 97.2803 0 0 1 19795 1 
0 -22.7111 -37.4883 97.2803 0 0 1 19795 1 
0 -18.3971 -37.3176 97.2803 0 0 1 19795 1 
0 -15.2621 -66.893 97.2803 0 0 1 19795 1 
0 -17.9856 -65.0796 97.2803 0 0 1 19795 1 
0 -18.2703 -26.2732 97.2803 0 0 1 19795 1 
0 -16.6566 -62.6983 97.2803 0 0 1 19795 1 
0 -24.1868 -48.071 97.2803 0 0 1 19795 1 
0 -22.5291 -54.5554 97.2803 0 0 1 19795 1 
0 -26.0297 -68.7587 97.2803 0 0 1 19795 1 
0 -16.9544 -31.8285 97.2803 0 0 1 19795 1 
0 -16.7914 -45.7681 97.2803 0 0 1 19795 1 
0 -15.9315 -25.4354 97.2803 0 0 1 19795 1 
0 -16.6776 -55.1722 97.2803 0 0 1 19795 1 
0 -24.4165 -48.5367 97.2803 0 0 1 19795 1 
0 -22.9712 -34.9488 97.2803 0 0 1 19795 1 
0 -18.021 -51.3897 97.2803 0 0 1 19795 1 
0 -21.5342 -42.7799 97.2803 0 0 1 19795 1 
0 -17.5237 -29.0663 97.2803 0 0 1 19795 1 
0 -17.4341 -31.1917 97.2803 0 0 1 19795 1 
0 -20.9402 -40.7029 97.2803 0 0 1 19795 1 
0 -19.9002 -28.2405 97.2803 0 0 1 19795 1 
0 -23.4299 -42.3795 97.2803 0 0 1 19795 1 
0 -17.3452 -56.348 97.2803 0 0 1 19795 1 
0 -21.595 -39.3997 97.2803 0 0 1 19795 1 
0 -24.6066 -52.3665 97.2803 0 0 1 19795 1 
0 -24.627 -46.4075 97.2803 0 0 1 19795 1 
0 -62.3252 -40.121 118.641 0 -1 0 33343 1 
0 -33.2228 -40.121 116.963 0 -1 0 33343 1 
0 -58.2635 -40.121 116.846 0 -1 0 33343 1 
0 -29.6243 -40.121 117.327 0 -1 0 33343 1 
0 -46.9104 -40.121 118.261 0 -1 0 33343 1 
0 -35.2906 -40.121 118.249 0 -1 0 33343 1 
0 -44.144 -40.121 118.719 0 -1 0 33343 1 
0 -29.3088 -40.121 117.996 0 -1 0 33343 1 
0 -71.2161 -40.121 117.477 0 -1 0 33343 1 
0 -69.5057 -40.121 118.28 0 -1 0 33343 1 
0 -32.7184 -40.121 116.435 0 -1 0 33343 1 
0 -47.8542 -40.121 116.453 0 -1 0 33343 1 
0 -39.6477 -40.121 117.962 0 -1 0 33343 1 
0 -49.1667 -40.121 117.183 0 -1 0 33343 1 
0 -64.342 -40.121 117.585 0 -1 0 33343 1 
0 -32.1711 -40.121 116.51 0 -1 0 33343 1 
0 -47.326 -40.121 117.039 0 -1 0 33343 1 
0 -46.5485 -40.121 118.646 0 -1 0 33343 1 
0 -68.5592 -40.121 118.065 0 -1 0 33343 1 
0 -60.9831 -40.121 116.767 0 -1 0 33343 1 
0 -42.7326 -40.121 117.62 0 -1 0 33343 1 
0 -50.3193 -40.121 117.699 0 -1 0 33343 1 
0 -56.6611 -40.121 118.02 0 -1 0 33343 1 
0 -55.7598 -40.121 117.963 0 -1 0 33343 1 
0 -40.9532 -40.121 117.282 0 -1 0 33343 1 
0 -45.6475 -40.121 117.779 0 -1 0 33343 1 
0 -68.3217 -40.121 116.673 0 -1 0 33343 1 
0 -52.5646 -40.121 116.995 0 -1 0 33343 1 
0 -67.7451 -40.121 116.96 0 -1 0 33343 1 
0 -72.8912 -40.121 116.889 0 -1 0 33343 1 
0 -28.9302 -40.121 116.641 0 -1 0 33343 1 
0 -57.9755 -40.121 118.166 0 -1 0 33343 1 
0 -34.2525 -40.121 116.839 0 -1 0 33343 1 
0 -44.4189 -40.121 116.941 0 -1 0 33343 1 
0 -55.0928 -40.121 117.613 0 -1 0 33343 1 
0 17.2681 -14.5221 97.2803 0 0 1 19799 1 
0 24.477 -27.6412 97.2803 0 0 1 19799 1 
0 18.4213 70.9201 97.2803 0 0 1 19799 1 
0 15.3001 -51.9936 97.2803 0 0 1 19799 1 
0 18.5323 26.5027 97.2803 0 0 1 19799 1 
0 26.2405 24.0448 97.2803 0 0 1 19799 1 
0 17.5984 -25.0972 97.2803 0 0 1 19799 1 
0 19.785 9.9579 97.2803 0 0 1 19799 1 
0 18.8839 66.1745 97.2803 0 0 1 19799 1 
0 20.388 38.6934 97.2803 0 0 1 19799 1 
0 17.4244 24.7529 97.2803 0 0 1 19799 1 
0 24.7223 27.0623 97.2803 0 0 1 19799 1 
0 18.5425 -27.339 97.2803 0 0 1 19799 1 
0 26.21 53.5552 97.2803 0 0 1 19799 1 
0 22.2864 25.6089 97.2803 0 0 1 19799 1 
0 15.1125 -50.109 97.2803 0 0 1 19799 1 
0 25.191 21.6256 97.2803 0 0 1 19799 1 
0 19.4641 42.8335 97.2803 0 0 1 19799 1 
0 15.3784 56.0433 97.2803 0 0 1 19799 1 
0 16.7664 -62.1745 97.2803 0 0 1 19799 1 
0 15.0786 53.3822 97.2803 0 0 1 19799 1 
0 19.8098 -60.5764 97.2803 0 0 1 19799 1 
0 18.2438 12.1788 97.2803 0 0 1 19799 1 
0 14.9632 34.4005 97.2803 0 0 1 19799 1 
0 16.9621 13.1768 97.2803 0 0 1 19799 1 
0 23.821 48.1021 97.2803 0 0 1 19799 1 
0 20.1035 24.8895 97.2803 0 0 1 19799 1 
0 23.5786 -28.253 97.2803 0 0 1 19799 1 
0 25.6084 16.7685 97.2803 0 0 1 19799 1 
0 22.3447 32.3349 97.2803 0 0 1 19799 1 
0 17.9205 68.086 97.2803 0 0 1 19799 1 
0 21.331 23.7033 97.2803 0 0 1 19799 1 
0 20.6095 -8.84028 97.2803 0 0 1 19799 1 
0 25.0713 -5.18506 97.2803 0 0 1 19799 1 
0 19.5799 58.5055 97.2803 0 0 1 19799 1 
0 26.2522 -36.7454 117.212 -1 0 0 9621 1 
0 26.2522 -23.2549 106.002 -1 0 0 9621 1 
0 26.2522 40.755 117.425 -1 0 0 9621 1 
0 26.2522 40.1686 100.464 -1 0 0 9621 1 
0 26.2522 -45.8476 112.815 -1 0 0 9621 1 
0 26.2522 -50.1035 106.425 -1 0 0 9621 1 
0 26.2522 -43.2762 109.17 -1 0 0 9621 1 
0 26.2522 -1.20023 108.79 -1 0 0 9621 1 
0 26.2522 -12.5265 101.208 -1 0 0 9621 1 
0 26.2522 63.1348 116.511 -1 0 0 9621 1 
0 26.2522 23.4574 118.015 -1 0 0 9621 1 
0 26.2522 -16.7252 114.166 -1 0 0 9621 1 
0 26.2522 -21.8527 117.18 -1 0 0 9621 1 
0 26.2522 -60.2739 117.942 -1 0 0 9621 1 
0 26.2522 -48.9401 112.812 -1 0 0 9621 1 
0 26.2522 -56.1603 116.404 -1 0 0 9621 1 
0 26.2522 67.6689 104.81 -1 0 0 9621 1 
0 26.2522 -69.9314 117.904 -1 0 0 9621 1 
0 26.2522 -30.3718 113.447 -1 0 0 9621 1 
0 26.2522 4.78815 112.927 -1 0 0 9621 1 
0 26.2522 61.6561 118.214 -1 0 0 9621 1 
0 26.2522 -10.7124 108.271 -1 0 0 9621 1 
0 26.2522 64.5543 110.783 -1 0 0 9621 1 
0 26.2522 44.6684 118.369 -1 0 0 9621 1 
0 26.2522 46.4522 99.0437 -1 0 0 9621 1 
0 26.2522 -21.7048 114.643 -1 0 0 9621 1 
0 26.2522 49.1737 114.636 -1 0 0 9621 1 
0 26.2522 -3.61365 115.162 -1 0 0 9621 1 
0 26.2522 60.0226 105.131 -1 0 0 9621 1 
0 26.2522 27.7129 114.631 -1 0 0 9621 1 
0 26.2522 56.1288 106.481 -1 0 0 9621 1 
0 26.2522 -67.9797 99.4105 -1 0 0 9621 1 
0 26.2522 -17.8463 109.446 -1 0 0 9621 1 
0 26.2522 -39.4454 113.492 -1 0 0 9621 1 
0 26.2522 45.7692 115.845 -1 0 0 9621 1 
0 74.3275 35.5271 81.7255 1 0 0 622 1 
0 74.3275 7.704 65.9094 1 0 0 622 1 
0 74.3275 -22.451 68.2698 1 0 0 622 1 
0 74.3275 67.8899 5.55804 1 0 0 622 1 
0 74.3275 -19.1936 51.3042 1 0 0 622 1 
0 74.3275 18.7693 113.907 1 0 0 622 1 
0 74.3275 70.2164 69.5159 1 0 0 622 1 
0 74.3275 45.1865 38.4916 1 0 0 622 1 
0 74.3275 59.696 66.8163 1 0 0 622 1 
0 74.3275 -11.8023 42.7192 1 0 0 622 1 
0 74.3275 32.8525 73.6778 1 0 0 622 1 
0 74.3275 20.3674 15.4644 1 0 0 622 1 
0 74.3275 66.368 94.7208 1 0 0 622 1 
0 74.3275 49.7633 71.0674 1 0 0 622 1 
0 74.3275 1.81724 59.0539 1 0 0 622 1 
0 74.3275 2.2761 42.5747 1 0 0 622 1 
0 74.3275 -50.2442 67.3957 1 0 0 622 1 
0 74.3275 1.51725 89.3666 1 0 0 622 1 
0 74.3275 61.0217 69.5192 1 0 0 622 1 
0 74.3275 5.15472 35.3278 1 0 0 622 1 
0 74.3275 -21.9522 28.604 1 0 0 622 1 
0 74.3275 39.9051 93.126 1 0 0 622 1 
0 74.3275 -14.487 20.3029 1 0 0 622 1 
0 74.3275 -46.0015 61.1498 1 0 0 622 1 
0 74.3275 -62.2436 30.288 1 0 0 622 1 
0 74.3275 -36.0795 5.86471 1 0 0 622 1 
0 74.3275 -50.7522 88.3391 1 0 0 622 1 
0 74.3275 49.7825 112.931 1 0 0 622 1 
0 74.3275 13.9528 35.4803 1 0 0 622 1 
0 74.3275 -68.197 56.2615 1 0 0 622 1 
0 74.3275 -63.6588 63.7266 1 0 0 622 1 
0 74.3275 -47.8522 40.8628 1 0 0 622 1 
0 74.3275 54.7433 69.8366 1 0 0 622 1 
0 74.3275 41.0002 92.8276 1 0 0 622 1 
0 74.3275 59.1937 78.5794 1 0 0 622 1 
0 60.9842 46.6636 0 0 0 -1 627 1 
0 26.4181 -32.5732 0 0 0 -1 627 1 
0 -29.7075 -7.39603 0 0 0 -1 627 1 
0 60.2669 13.273 0 0 0 -1 627 1 
0 -22.8627 69.6456 0 0 0 -1 627 1 
0 -49.7121 37.1039 0 0 0 -1 627 1 
0 -29.321 59.752 0 0 0 -1 627 1 
0 56.7191 35.7671 0 0 0 -1 627 1 
0 -14.0877 -57.779 0 0 0 -1 627 1 
0 -17.943 34.9761 0 0 0 -1 627 1 
0 -34.2473 22.3797 0 0 0 -1 627 1 
0 29.3514 32.077 0 0 0 -1 627 1 
0 61.1738 8.0971 0 0 0 -1 627 1 
0 -58.0264 47.3675 0 0 0 -1 627 1 
0 40.9394 -7.30202 0 0 0 -1 627 1 
0 9.39157 -8.35714 0 0 0 -1 627 1 
0 -68.5692 47.293 0 0 0 -1 627 1 
0 -13.292 55.1189 0 0 0 -1 627 1 
0 46.0734 -43.577 0 0 0 -1 627 1 
0 16.0256 -70.8553 0 0 0 -1 627 1 
0 -17.2641 -3.61899 0 0 0 -1 627 1 
0 35.5347 -64.3316 0 0 0 -1 627 1 
0 60.4249 -55.3358 0 0 0 -1 627 1 
0 -24.6289 29.7778 0 0 0 -1 627 1 
0 -71.0984 -30.3034 0 0 0 -1 627 1 
0 -35.6982 -33.1643 0 0 0 -1 627 1 
0 15.4954 44.0568 0 0 0 -1 627 1 
0 36.7469 -20.8184 0 0 0 -1 627 1 
0 -24.1053 53.1539 0 0 0 -1 627 1 
0 38.0824 -27.0974 0 0 0 -1 627 1 
0 7.2858 -39.4955 0 0 0 -1 627 1 
0 -22.8463 63.4317 0 0 0 -1 627 1 
0 -23.3556 -46.8698 0 0 0 -1 627 1 
0 49.1602 -57.6929 0 0 0 -1 627 1 
0 -57.3115 -3.20768 0 0 0 -1 627 1 
0 -14.767 -27.7855 92.6866 1 0 0 19639 1 
0 -14.767 -42.7596 94.4147 1 0 0 19639 1 
0 -14.767 -66.7509 96.6084 1 0 0 19639 1 
0 -14.767 -37.1211 95.9035 1 0 0 19639 1 
0 -14.767 -44.828 95.7236 1 0 0 19639 1 
0 -14.767 -33.0213 96.1771 1 0 0 19639 1 
0 -14.767 -54.9501 96.9732 1 0 0 19639 1 
0 -14.767 -27.8437 96.9106 1 0 0 19639 1 
0 -14.767 -61.64 96.6655 1 0 0 19639 1 
0 -14.767 -44.2963 94.0045 1 0 0 19639 1 
0 -14.767 -65.5329 96.4686 1 0 0 19639 1 
0 -14.767 -52.103 93.7012 1 0 0 19639 1 
0 -14.767 -51.1237 93.7943 1 0 0 19639 1 
0 -14.767 -64.012 96.0104 1 0 0 19639 1 
0 -14.767 -66.3899 92.3389 1 0 0 19639 1 
0 -14.767 -38.0211 95.0069 1 0 0 19639 1 
0 -14.767 -41.1489 92.0758 1 0 0 19639 1 
0 -14.767 -70.9728 95.2537 1 0 0 19639 1 
0 -14.767 -67.4897 96.9469 1 0 0 19639 1 
0 -14.767 -58.2378 92.5736 1 0 0 19639 1 
0 -14.767 -44.964 96.2719 1 0 0 19639 1 
0 -14.767 -30.3027 94.0539 1 0 0 19639 1 
0 -14.767 -63.9307 92.7695 1 0 0 19639 1 
0 -14.767 -58.6733 95.0827 1 0 0 19639 1 
0 -14.767 -70.0371 97.0027 1 0 0 19639 1 
0 -14.767 -40.7964 95.5851 1 0 0 19639 1 
0 -14.767 -59.7114 94.4165 1 0 0 19639 1 
0 -14.767 -54.6667 96.7975 1 0 0 19639 1 
0 -14.767 -33.9924 96.6224 1 0 0 19639 1 
0 -14.767 -64.9048 93.6711 1 0 0 19639 1 
0 -14.767 -64.4164 94.3214 1 0 0 19639 1 
0 -14.767 -28.6122 93.5009 1 0 0 19639 1 
0 -14.767 -50.8893 92.1883 1 0 0 19639 1 
0 -14.767 -37.0551 94.3885 1 0 0 19639 1 
0 -14.767 -59.0191 96.1919 1 0 0 19639 1 
0 14.767 7.71731 91.8517 -1 0 0 19657 1 
0 14.767 -46.2879 97.2205 -1 0 0 19657 1 
0 14.767 25.9733 96.7655 -1 0 0 19657 1 
0 14.767 -11.571 96.4319 -1 0 0 19657 1 
0 14.767 -47.141 92.3142 -1 0 0 19657 1 
0 14.767 -59.7787 93.4443 -1 0 0 19657 1 
0 14.767 -5.67019 95.7907 -1 0 0 19657 1 
0 14.767 -30.1059 95.4248 -1 0 0 19657 1 
0 14.767 53.5993 92.4671 -1 0 0 19657 1 
0 14.767 -62.5911 94.7451 -1 0 0 19657 1 
0 14.767 -65.0343 97.2656 -1 0 0 19657 1 
0 14.767 27.4079 95.7978 -1 0 0 19657 1 
0 14.767 37.3862 93.1258 -1 0 0 19657 1 
0 14.767 -21.8537 94.24 -1 0 0 19657 1 
0 14.767 15.534 92.7787 -1 0 0 19657 1 
0 14.767 51.4835 92.117 -1 0 0 19657 1 
0 14.767 -47.6746 92.5812 -1 0 0 19657 1 
0 14.767 -54.397 97.1816 -1 0 0 19657 1 
0 14.767 52.1763 96.5865 -1 0 0 19657 1 
0 14.767 25.9928 96.9925 -1 0 0 19657 1 
0 14.767 18.9919 96.1312 -1 0 0 19657 1 
0 14.767 -70.593 96.4711 -1 0 0 19657 1 
0 14.767 25.6879 92.9907 -1 0 0 19657 1 
0 14.767 -0.584038 93.838 -1 0 0 19657 1 
0 14.767 -15.0811 92.1513 -1 0 0 19657 1 
0 14.767 -65.5338 94.0799 -1 0 0 19657 1 
0 14.767 -23.9895 96.901 -1 0 0 19657 1 
0 14.767 -44.02 96.3722 -1 0 0 19657 1 
0 14.767 -27.1586 92.8503 -1 0 0 19657 1 
0 14.767 -55.9895 93.9254 -1 0 0 19657 1 
0 14.767 24.7123 92.5261 -1 0 0 19657 1 
0 14.767 -36.1073 93.2055 -1 0 0 19657 1 
0 14.767 -45.6315 94.4738 -1 0 0 19657 1 
0 14.767 -68.055 92.9733 -1 0 0 19657 1 
0 14.767 -59.9254 96.5679 -1 0 0 19657 1 
0 42.4121 71.2302 75.3448 0 1 0 19823 1 
0 70.0667 71.2302 83.649 0 1 0 19823 1 
0 -72.496 71.2302 74.6664 0 1 0 19823 1 
0 56.8 71.2302 2.21918 0 1 0 19823 1 
0 -28.9401 71.2302 87.2766 0 1 0 19823 1 
0 -37.0161 71.2302 29.5149 0 1 0 19823 1 
0 -51.6387 71.2302 106.303 0 1 0 19823 1 
0 3.46597 71.2302 66.7294 0 1 0 19823 1 
0 -45.0489 71.2302 70.1662 0 1 0 19823 1 
0 57.7172 71.2302 65.5897 0 1 0 19823 1 
0 -35.6807 71.2302 114.443 0 1 0 19823 1 
0 -60.2252 71.2302 90.9488 0 1 0 19823 1 
0 38.0209 71.2302 99.1661 0 1 0 19823 1 
0 58.1401 71.2302 45.1288 0 1 0 19823 1 
0 23.4887 71.2302 65.2046 0 1 0 19823 1 
0 -54.2754 71.2302 37.3617 0 1 0 19823 1 
0 -51.075 71.2302 88.7688 0 1 0 19823 1 
0 65.2045 71.2302 21.6372 0 1 0 19823 1 
0 27.1907 71.2302 49.302 0 1 0 19823 1 
0 51.9197 71.2302 98.502 0 1 0 19823 1 
0 28.4008 71.2302 46.3257 0 1 0 19823 1 
0 -62.4519 71.2302 54.3824 0 1 0 19823 1 
0 -30.4932 71.2302 94.2418 0 1 0 19823 1 
0 -68.7962 71.2302 93.4102 0 1 0 19823 1 
0 53.1866 71.2302 95.9544 0 1 0 19823 1 
0 -66.9192 71.2302 90.1641 0 1 0 19823 1 
0 -30.3968 71.2302 78.3234 0 1 0 19823 1 
0 -45.2071 71.2302 55.7598 0 1 0 19823 1 
0 11.7282 71.2302 29.9715 0 1 0 19823 1 
0 -20.6128 71.2302 14.1356 0 1 0 19823 1 
0 -47.3144 71.2302 17.332 0 1 0 19823 1 
0 -71.97 71.2302 33.7253 0 1 0 19823 1 
0 31.2592 71.2302 111.61 0 1 0 19823 1 
0 -57.2712 71.2302 113.571 0 1 0 19823 1 
0 -45.1372 71.2302 28.2874 0 1 0 19823 1 
0 -26.2522 56.0375 111.369 1 0 0 9635 1 
0 -26.2522 58.4877 118.581 1 0 0 9635 1 
0 -26.2522 44.5121 105.395 1 0 0 9635 1 
0 -26.2522 52.6144 114.397 1 0 0 9635 1 
0 -26.2522 55.8278 110.084 1 0 0 9635 1 
0 -26.2522 28.8496 112.028 1 0 0 9635 1 
0 -26.2522 47.7917 110.483 1 0 0 9635 1 
0 -26.2522 62.9255 108.448 1 0 0 9635 1 
0 -26.2522 48.0445 107.163 1 0 0 9635 1 
0 -26.2522 49.9955 99.3735 1 0 0 9635 1 
0 -26.2522 26.1674 97.6551 1 0 0 9635 1 
0 -26.2522 51.159 116.211 1 0 0 9635 1 
0 -26.2522 56.4363 110.428 1 0 0 9635 1 
0 -26.2522 42.6804 113.214 1 0 0 9635 1 
0 -26.2522 25.5458 109.602 1 0 0 9635 1 
0 -26.2522 51.1642 101.773 1 0 0 9635 1 
0 -26.2522 47.7411 97.7674 1 0 0 9635 1 
0 -26.2522 51.1466 109.347 1 0 0 9635 1 
0 -26.2522 46.6529 113.737 1 0 0 9635 1 
0 -26.2522 31.1324 100.367 1 0 0 9635 1 
0 -26.2522 65.5652 112.389 1 0 0 9635 1 
0 -26.2522 27.6272 111.861 1 0 0 9635 1 
0 -26.2522 40.4626 100.98 1 0 0 9635 1 
0 -26.2522 42.3701 112.562 1 0 0 9635 1 
0 -26.2522 32.1317 117.026 1 0 0 9635 1 
0 -26.2522 42.0879 109.443 1 0 0 9635 1 
0 -26.2522 28.1061 100.682 1 0 0 9635 1 
0 -26.2522 51.1118 98.6709 1 0 0 9635 1 
0 -26.2522 43.4513 99.1017 1 0 0 9635 1 
0 -26.2522 59.0824 109.365 1 0 0 9635 1 
0 -26.2522 36.0473 101.36 1 0 0 9635 1 
0 -26.2522 33.044 107.804 1 0 0 9635 1 
0 -26.2522 51.3688 115.26 1 0 0 9635 1 
0 -26.2522 58.3095 100.216 1 0 0 9635 1 
0 -26.2522 63.0485 108.953 1 0 0 9635 1 
0 -60.0198 24.9856 101.829 0 -1 0 19821 1 
0 -41.0444 24.9856 95.1676 0 -1 0 19821 1 
0 -52.9852 24.9856 79.0322 0 -1 0 19821 1 
0 -33.5001 24.9856 93.5865 0 -1 0 19821 1 
0 -58.8082 24.9856 82.7864 0 -1 0 19821 1 
0 -48.8167 24.9856 99.8009 0 -1 0 19821 1 
0 -41.8807 24.9856 112.654 0 -1 0 19821 1 
0 -34.8569 24.9856 81.6968 0 -1 0 19821 1 
0 -49.1509 24.9856 95.1439 0 -1 0 19821 1 
0 -0.609058 24.9856 86.3426 0 -1 0 19821 1 
0 -49.2482 24.9856 86.6553 0 -1 0 19821 1 
0 -30.8734 24.9856 112.645 0 -1 0 19821 1 
0 -37.146 24.9856 82.0392 0 -1 0 19821 1 
0 -32.4788 24.9856 100.242 0 -1 0 19821 1 
0 -43.6022 24.9856 88.3039 0 -1 0 19821 1 
0 -61.0782 24.9856 80.6849 0 -1 0 19821 1 
0 -46.6695 24.9856 85.5237 0 -1 0 19821 1 
0 -55.6062 24.9856 96.0783 0 -1 0 19821 1 
0 -51.0318 24.9856 89.6409 0 -1 0 19821 1 
0 -59.0506 24.9856 110.628 0 -1 0 19821 1 
0 -52.7804 24.9856 86.7751 0 -1 0 19821 1 
0 -33.5963 24.9856 84.8505 0 -1 0 19821 1 
0 -21.554 24.9856 90.6572 0 -1 0 19821 1 
0 -32.7117 24.9856 93.9366 0 -1 0 19821 1 
0 -60.3482 24.9856 113.02 0 -1 0 19821 1 
0 -56.6492 24.9856 89.9517 0 -1 0 19821 1 
0 -44.479 24.9856 92.7566 0 -1 0 19821 1 
0 -33.4192 24.9856 88.1301 0 -1 0 19821 1 
0 -33.1847 24.9856 78.5364 0 -1 0 19821 1 
0 -55.29 24.9856 94.2484 0 -1 0 19821 1 
0 -18.3183 24.9856 81.7353 0 -1 0 19821 1 
0 -36.6842 24.9856 85.9816 0 -1 0 19821 1 
0 -30.9553 24.9856 112.532 0 -1 0 19821 1 
0 -43.7891 24.9856 83.4947 0 -1 0 19821 1 
0 -32.7912 24.9856 78.8849 0 -1 0 19821 1 
0 5.90121 23.6799 85.448 -0.682535 -0.730853 0 19817 3 
0 4.95047 24.3727 79.1918 -0.486559 -0.873648 0 19817 3 
0 4.69436 24.5055 79.1572 -0.433769 -0.901024 0 19817 3 
0 6.79807 22.5484 90.6741 -0.867404 -0.497604 0 19817 3 
0 6.00236 23.5827 82.6245 -0.703385 -0.710809 0 19817 3 
0 6.09605 23.4874 90.0103 -0.722698 -0.691164 0 19817 3 
0 3.86161 24.816 84.4078 -0.262113 -0.965037 0 19817 3 
0 5.32382 24.142 78.4879 -0.563518 -0.826104 0 19817 3 
0 6.62291 22.8308 83.0127 -0.8313 -0.555824 0 19817 3 
0 5.81997 23.7541 90.5665 -0.665789 -0.74614 0 19817 3 
0 3.31843 24.9306 78.5362 -0.150148 -0.988663 0 19817 3 
0 4.49318 24.5968 86.8455 -0.392299 -0.919838 0 19817 3 
0 5.61567 23.9265 89.8928 -0.623677 -0.781682 0 19817 3 
0 2.78532 24.9817 78.5137 -0.0402573 -0.999189 0 19817 3 
0 5.11143 24.2789 87.1972 -0.519739 -0.854325 0 19817 3 
0 6.71581 22.6864 81.4026 -0.850448 -0.526059 0 19817 3 
0 4.30163 24.6737 82.9633 -0.352814 -0.935694 0 19817 3 
0 6.92099 22.3202 90.8819 -0.892743 -0.450566 0 19817 3 
0 3.62482 24.874 79.3876 -0.213304 -0.976986 0 19817 3 
0 7.12409 21.8599 85.7966 -0.934607 -0.355683 0 19817 3 
0 6.89123 22.3782 80.8031 -0.886608 -0.462522 0 19817 3 
0 3.984 24.7811 80.7157 -0.287341 -0.957828 0 19817 3 
0 7.37232 20.9497 79.1774 -0.985775 -0.168069 0 19817 3 
0 5.32491 24.1413 90.7005 -0.563742 -0.825951 0 19817 3 
0 7.39673 20.7906 78.5133 -0.990807 -0.135282 0 19817 3 
0 7.01354 22.1262 79.0001 -0.911819 -0.410593 0 19817 3 
0 6.04866 23.5362 88.8993 -0.71293 -0.701235 0 19817 3 
0 7.07899 21.974 81.3466 -0.925312 -0.379208 0 19817 3 
0 3.54348 24.891 82.7879 -0.196538 -0.980496 0 19817 3 
0 6.24394 23.3256 87.5991 -0.753183 -0.657811 0 19817 3 
0 4.59733 24.5509 83.2453 -0.413767 -0.910383 0 19817 3 
0 2.89099 24.9763 86.4091 -0.0620403 -0.998074 0 19817 3 
0 4.65636 24.5236 85.6298 -0.425934 -0.904754 0 19817 3 
0 7.29365 21.3222 90.6871 -0.969558 -0.244863 0 19817 3 
0 2.82319 24.98 88.6118 -0.0480636 -0.998844 0 19817 3 
0 7.44133 -17.5034 85.6895 -1 0 0 19813 1 
0 7.44133 12.0074 89.8238 -1 0 0 19813 1 
0 7.44133 -2.04092 89.0606 -1 0 0 19813 1 
0 7.44133 11.4819 83.6329 -1 0 0 19813 1 
0 7.44133 -14.1139 83.8516 -1 0 0 19813 1 
0 7.44133 -1.88133 91.5874 -1 0 0 19813 1 
0 7.44133 -8.11232 82.5793 -1 0 0 19813 1 
0 7.44133 -4.48703 83.0177 -1 0 0 19813 1 
0 7.44133 17.0225 85.9386 -1 0 0 19813 1 
0 7.44133 12.3761 91.5019 -1 0 0 19813 1 
0 7.44133 -15.293 90.0739 -1 0 0 19813 1 
0 7.44133 -1.63396 85.7322 -1 0 0 19813 1 
0 7.44133 -15.6024 88.9039 -1 0 0 19813 1 
0 7.44133 -12.7988 86.536 -1 0 0 19813 1 
0 7.44133 15.2412 89.3544 -1 0 0 19813 1 
0 7.44133 -11.7959 84.7524 -1 0 0 19813 1 
0 7.44133 -14.3793 86.9018 -1 0 0 19813 1 
0 7.44133 -13.3817 85.2991 -1 0 0 19813 1 
0 7.44133 16.6197 87.3274 -1 0 0 19813 1 
0 7.44133 -3.92997 80.6004 -1 0 0 19813 1 
0 7.44133 -2.81945 91.0753 -1 0 0 19813 1 
0 7.44133 2.50168 87.5439 -1 0 0 19813 1 
0 7.44133 -1.65661 86.4962 -1 0 0 19813 1 
0 7.44133 -4.37538 80.3884 -1 0 0 19813 1 
0 7.44133 16.1354 82.4427 -1 0 0 19813 1 
0 7.44133 -11.4005 88.6309 -1 0 0 19813 1 
0 7.44133 3.21491 78.4178 -1 0 0 19813 1 
0 7.44133 -13.486 83.0911 -1 0 0 19813 1 
0 7.44133 -2.5705 84.2454 -1 0 0 19813 1 
0 7.44133 7.57509 86.5158 -1 0 0 19813 1 
0 7.44133 -16.7617 83.3153 -1 0 0 19813 1 
0 7.44133 12.1225 81.1053 -1 0 0 19813 1 
0 7.44133 5.45781 78.4433 -1 0 0 19813 1 
0 7.44133 13.8705 85.4614 -1 0 0 19813 1 
0 7.44133 -12.0403 87.2924 -1 0 0 19813 1 
0 4.12132 -24.7376 80.8502 -0.315648 0.948876 0 19809 3 
0 6.05458 -23.5302 89.2852 -0.71415 0.699993 0 19809 3 
0 6.96063 -22.2398 83.1833 -0.900913 0.433999 0 19809 3 
0 5.42286 -24.0726 88.376 -0.583934 0.811801 0 19809 3 
0 3.65986 -24.8662 81.4499 -0.220526 0.975381 0 19809 3 
0 2.74898 -24.983 83.4629 -0.032768 0.999463 0 19809 3 
0 4.53971 -24.5766 79.3944 -0.40189 0.915688 0 19809 3 
0 3.85128 -24.8188 78.9773 -0.259984 0.965613 0 19809 3 
0 4.73666 -24.4849 88.411 -0.442488 0.896775 0 19809 3 
0 7.24091 -21.5143 88.1494 -0.958687 0.284462 0 19809 3 
0 4.33806 -24.6598 79.4585 -0.360323 0.932828 0 19809 3 
0 3.13639 -24.9548 79.6173 -0.112623 0.993638 0 19809 3 
0 4.47227 -24.6056 87.7835 -0.387988 0.921664 0 19809 3 
0 3.35313 -24.9252 79.0534 -0.157301 0.987551 0 19809 3 
0 7.18785 -21.682 87.3822 -0.947751 0.319012 0 19809 3 
0 6.80974 -22.5279 87.9919 -0.869811 0.493385 0 19809 3 
0 6.42009 -23.1119 82.8422 -0.789493 0.61376 0 19809 3 
0 7.07179 -21.9915 80.2105 -0.923826 0.382813 0 19809 3 
0 3.31238 -24.9316 86.5032 -0.1489 0.988852 0 19809 3 
0 5.1975 -24.2253 78.6482 -0.53748 0.843276 0 19809 3 
0 4.82966 -24.4377 81.3584 -0.461658 0.887058 0 19809 3 
0 6.03526 -23.5498 84.4104 -0.710168 0.704032 0 19809 3 
0 6.85675 -22.4431 88.8178 -0.8795 0.475899 0 19809 3 
0 7.42874 -20.4836 89.5421 -0.997405 0.0719891 0 19809 3 
0 6.93419 -22.2938 89.6076 -0.895463 0.445137 0 19809 3 
0 7.22028 -21.582 86.027 -0.954435 0.298418 0 19809 3 
0 3.85674 -24.8173 91.3596 -0.26111 0.965309 0 19809 3 
0 7.37607 -20.9274 78.895 -0.986549 0.163468 0 19809 3 
0 5.37464 -24.1069 84.4772 -0.573993 0.81886 0 19809 3 
0 2.8259 -24.9799 79.313 -0.0486223 0.998817 0 19809 3 
0 5.85688 -23.7208 80.8975 -0.673397 0.739281 0 19809 3 
0 7.39046 -20.8351 91.5113 -0.989513 0.144443 0 19809 3 
0 6.31486 -23.2425 89.117 -0.767801 0.640688 0 19809 3 
0 5.51508 -24.0046 87.1392 -0.602942 0.797785 0 19809 3 
0 4.90277 -24.3989 79.5231 -0.476728 0.879051 0 19809 3 
0 -65.6655 -22.6202 99.7543 0.858745 0.512403 0 3041 3 
0 -66.3074 -20.781 91.3812 0.991075 0.133302 0 3041 3 
0 -63.2882 -24.6438 88.5087 0.36873 0.929537 0 3041 3 
0 -63.7864 -24.4127 109.046 0.471424 0.881907 0 3041 3 
0 -63.1844 -24.6836 111.273 0.347335 0.937741 0 3041 3 
0 -66.2526 -21.1053 115.183 0.979764 0.200156 0 3041 3 
0 -64.8265 -23.665 97.8281 0.68581 0.727781 0 3041 3 
0 -62.4465 -24.8923 114.943 0.195222 0.980759 0 3041 3 
0 -66.1769 -21.4213 84.9183 0.964173 0.265273 0 3041 3 
0 -66.1917 -21.3661 87.0215 0.967231 0.2539 0 3041 3 
0 -66.255 -21.0933 113.975 0.980269 0.197666 0 3041 3 
0 -66.3168 -20.7073 103.289 0.993002 0.1181 0 3041 3 
0 -65.9201 -22.1326 96.8708 0.911227 0.411904 0 3041 3 
0 -66.2625 -21.0552 103.549 0.981817 0.189828 0 3041 3 
0 -66.3229 -20.6529 94.2564 0.994271 0.10689 0 3041 3 
0 -65.7466 -22.4788 78.9169 0.875476 0.483261 0 3041 3 
0 -65.5779 -22.7614 109.985 0.84069 0.541517 0 3041 3 
0 -66.2869 -20.9189 92.3988 0.986834 0.161734 0 3041 3 
0 -64.1972 -24.1664 80.4815 0.55609 0.831122 0 3041 3 
0 -61.7942 -24.9767 117.676 0.0607646 0.998152 0 3041 3 
0 -62.6318 -24.8516 115.298 0.233412 0.972378 0 3041 3 
0 -66.1165 -21.6236 99.3339 0.951712 0.306992 0 3041 3 
0 -65.1129 -23.3713 114.839 0.74484 0.667243 0 3041 3 
0 -64.0821 -24.241 112.746 0.532363 0.846516 0 3041 3 
0 -66.2916 -20.8895 99.3528 0.987811 0.15566 0 3041 3 
0 -64.0005 -24.2912 107.148 0.515542 0.856865 0 3041 3 
0 -64.7637 -23.7232 114.8 0.672865 0.739765 0 3041 3 
0 -65.9751 -22.0061 111.372 0.922573 0.385822 0 3041 3 
0 -62.7089 -24.8325 79.186 0.249307 0.968425 0 3041 3 
0 -62.9142 -24.7747 118.338 0.291639 0.956529 0 3041 3 
0 -65.2596 -23.1997 116.819 0.775081 0.631862 0 3041 3 
0 -61.738 -24.9798 97.6827 0.0491811 0.99879 0 3041 3 
0 -62.6416 -24.8493 97.5964 0.235447 0.971887 0 3041 3 
0 -64.1041 -24.2271 90.1415 0.536914 0.843637 0 3041 3 
0 -61.7317 -24.9801 79.8991 0.0478723 0.998853 0 3041 3 
0 -66.3507 18.4376 85.4021 1 0 0 3074 1 
0 -66.3507 -19.8552 98.8596 1 0 0 3074 1 
0 -66.3507 13.0551 114.977 1 0 0 3074 1 
0 -66.3507 -2.51801 89.5381 1 0 0 3074 1 
0 -66.3507 14.5211 97.7085 1 0 0 3074 1 
0 -66.3507 -8.38892 84.8602 1 0 0 3074 1 
0 -66.3507 14.5627 91.2556 1 0 0 3074 1 
0 -66.3507 12.5168 84.6366 1 0 0 3074 1 
0 -66.3507 12.5783 98.0211 1 0 0 3074 1 
0 -66.3507 12.1747 83.5809 1 0 0 3074 1 
0 -66.3507 -4.9844 90.8196 1 0 0 3074 1 
0 -66.3507 -16.7795 91.4391 1 0 0 3074 1 
0 -66.3507 20.0524 116.4 1 0 0 3074 1 
0 -66.3507 10.2064 93.3399 1 0 0 3074 1 
0 -66.3507 16.4903 113.601 1 0 0 3074 1 
0 -66.3507 14.2846 83.6316 1 0 0 3074 1 
0 -66.3507 -4.6302 87.0387 1 0 0 3074 1 
0 -66.3507 -13.0708 94.4591 1 0 0 3074 1 
0 -66.3507 -7.08993 86.6176 1 0 0 3074 1 
0 -66.3507 1.74141 100.104 1 0 0 3074 1 
0 -66.3507 -19.0343 100.082 1 0 0 3074 1 
0 -66.3507 -12.2833 98.5693 1 0 0 3074 1 
0 -66.3507 -17.9801 97.1948 1 0 0 3074 1 
0 -66.3507 -5.65163 91.6352 1 0 0 3074 1 
0 -66.3507 -12.3285 78.8063 1 0 0 3074 1 
0 -66.3507 8.94519 105.403 1 0 0 3074 1 
0 -66.3507 -15.7797 79.7299 1 0 0 3074 1 
0 -66.3507 12.1851 113.603 1 0 0 3074 1 
0 -66.3507 -1.92294 98.8273 1 0 0 3074 1 
0 -66.3507 9.8532 115.797 1 0 0 3074 1 
0 -66.3507 13.7496 91.856 1 0 0 3074 1 
0 -66.3507 -12.8843 100.554 1 0 0 3074 1 
0 -66.3507 -14.005 82.1746 1 0 0 3074 1 
0 -66.3507 18.9885 95.8679 1 0 0 3074 1 
0 -66.3507 8.9896 79.8356 1 0 0 3074 1 
0 -66.3501 20.2135 108.844 0.999867 -0.0163143 0 2907 3 
0 -61.6203 24.9841 92.5639 0.0249096 -0.99969 0 2907 3 
0 -66.2317 21.2023 78.9283 0.975469 -0.220137 0 2907 3 
0 -62.1859 24.9368 83.0114 0.141501 -0.989938 0 2907 3 
0 -65.3243 23.1185 87.4925 0.788432 -0.615122 0 2907 3 
0 -63.2798 24.6471 90.1832 0.366992 -0.930224 0 2907 3 
0 -64.7904 23.6987 97.7459 0.678367 -0.734724 0 2907 3 
0 -64.89 23.604 84.4676 0.698908 -0.715212 0 2907 3 
0 -64.5236 23.9277 103.665 0.623377 -0.781921 0 2907 3 
0 -63.6255 24.495 98.9931 0.438241 -0.898858 0 2907 3 
0 -65.2215 23.2458 97.8291 0.767238 -0.641363 0 2907 3 
0 -64.2859 24.1056 105.107 0.574372 -0.818594 0 2907 3 
0 -64.9993 23.4938 105.109 0.721437 -0.69248 0 2907 3 
0 -66.0625 21.7816 109.613 0.940589 -0.339546 0 2907 3 
0 -61.9431 24.9653 105.043 0.0914664 -0.995808 0 2907 3 
0 -65.5599 22.789 86.401 0.836993 -0.547214 0 2907 3 
0 -66.3302 20.5797 98.3726 0.995777 -0.0918004 0 2907 3 
0 -66.0128 21.9132 91.5537 0.930347 -0.36668 0 2907 3 
0 -65.65 22.6459 94.8905 0.855552 -0.517717 0 2907 3 
0 -62.4693 24.8877 90.3187 0.199921 -0.979812 0 2907 3 
0 -65.0114 23.4812 96.4763 0.723922 -0.689881 0 2907 3 
0 -65.3769 23.0499 83.0509 0.799266 -0.600977 0 2907 3 
0 -66.323 20.6527 105.067 0.994276 -0.106842 0 2907 3 
0 -64.5878 23.8756 98.667 0.636618 -0.771179 0 2907 3 
0 -62.6597 24.8448 81.5419 0.239173 -0.970977 0 2907 3 
0 -65.5109 22.8625 109.708 0.826895 -0.562356 0 2907 3 
0 -66.3362 20.5097 98.5676 0.997002 -0.0773751 0 2907 3 
0 -66.3119 20.7465 80.0435 0.992006 -0.126188 0 2907 3 
0 -64.6481 23.825 89.6518 0.649029 -0.760763 0 2907 3 
0 -61.6364 24.9837 88.1934 0.0282322 -0.999601 0 2907 3 
0 -65.6796 22.5962 83.7676 0.861671 -0.507468 0 2907 3 
0 -65.1222 23.3609 113.469 0.746767 -0.665086 0 2907 3 
0 -64.8383 23.6538 99.7574 0.688248 -0.725475 0 2907 3 
0 -66.3002 20.8323 97.6529 0.989596 -0.143873 0 2907 3 
0 -63.3525 24.6178 105.291 0.381971 -0.924174 0 2907 3 
0 -37.185 0.746242 78.1542 0 0 1 3346 1 
0 -56.7585 2.1126 78.1542 0 0 1 3346 1 
0 -22.0036 7.60232 78.1542 0 0 1 3346 1 
0 -13.6877 -7.02738 78.1542 0 0 1 3346 1 
0 -63.1479 -9.26535 78.1542 0 0 1 3346 1 
0 -55.1399 -7.92142 78.1542 0 0 1 3346 1 
0 -19.2955 -5.65932 78.1542 0 0 1 3346 1 
0 -39.936 4.06762 78.1542 0 0 1 3346 1 
0 -6.30115 -9.61763 78.1542 0 0 1 3346 1 
0 -11.0265 -8.33327 78.1542 0 0 1 3346 1 
0 -12.0405 -10.8157 78.1542 0 0 1 3346 1 
0 -42.6966 12.8158 78.1542 0 0 1 3346 1 
0 -55.3149 17.3686 78.1542 0 0 1 3346 1 
0 -38.9576 13.8651 78.1542 0 0 1 3346 1 
0 -22.0505 4.63189 78.1542 0 0 1 3346 1 
0 -34.173 -7.85207 78.1542 0 0 1 3346 1 
0 -21.0721 -20.363 78.1542 0 0 1 3346 1 
0 -41.2124 11.5371 78.1542 0 0 1 3346 1 
0 -54.7655 8.39392 78.1542 0 0 1 3346 1 
0 -22.231 -21.0576 78.1542 0 0 1 3346 1 
0 -38.0578 -2.36575 78.1542 0 0 1 3346 1 
0 -14.0295 18.2127 78.1542 0 0 1 3346 1 
0 -38.5603 -5.72589 78.1542 0 0 1 3346 1 
0 -61.0439 -24.3912 78.1542 0 0 1 3346 1 
0 -29.9698 -23.2521 78.1542 0 0 1 3346 1 
0 -40.5897 6.05853 78.1542 0 0 1 3346 1 
0 -52.6549 -16.6671 78.1542 0 0 1 3346 1 
0 -50.4461 -3.27567 78.1542 0 0 1 3346 1 
0 -55.3562 -7.1623 78.1542 0 0 1 3346 1 
0 -2.15914 0.175964 78.1542 0 0 1 3346 1 
0 -44.0588 -11.9441 78.1542 0 0 1 3346 1 
0 -18.5333 8.61442 78.1542 0 0 1 3346 1 
0 -18.7801 8.91799 78.1542 0 0 1 3346 1 
0 -22.0906 -10.8343 78.1542 0 0 1 3346 1 
0 -37.2063 -7.28386 78.1542 0 0 1 3346 1 
0 -14.767 67.6459 92.3316 1 0 0 19643 1 
0 -14.767 50.2105 95.6798 1 0 0 19643 1 
0 -14.767 32.9558 95.4241 1 0 0 19643 1 
0 -14.767 44.9197 93.2158 1 0 0 19643 1 
0 -14.767 27.856 95.7242 1 0 0 19643 1 
0 -14.767 39.9587 93.3302 1 0 0 19643 1 
0 -14.767 41.02 94.7854 1 0 0 19643 1 
0 -14.767 60.6235 97.063 1 0 0 19643 1 
0 -14.767 61.4464 94.0014 1 0 0 19643 1 
0 -14.767 66.1194 93.9404 1 0 0 19643 1 
0 -14.767 49.2057 92.3295 1 0 0 19643 1 
0 -14.767 54.7654 94.6346 1 0 0 19643 1 
0 -14.767 66.4403 92.1083 1 0 0 19643 1 
0 -14.767 38.936 92.7165 1 0 0 19643 1 
0 -14.767 25.1265 97.1278 1 0 0 19643 1 
0 -14.767 40.085 93.3128 1 0 0 19643 1 
0 -14.767 48.6819 92.4128 1 0 0 19643 1 
0 -14.767 35.7353 95.3627 1 0 0 19643 1 
0 -14.767 59.5455 93.4689 1 0 0 19643 1 
0 -14.767 55.7832 93.8892 1 0 0 19643 1 
0 -14.767 32.72 94.3608 1 0 0 19643 1 
0 -14.767 68.0009 96.3644 1 0 0 19643 1 
0 -14.767 65.9369 91.884 1 0 0 19643 1 
0 -14.767 27.7394 96.0221 1 0 0 19643 1 
0 -14.767 61.8443 95.8273 1 0 0 19643 1 
0 -14.767 59.4602 95.4772 1 0 0 19643 1 
0 -14.767 70.9328 92.3291 1 0 0 19643 1 
0 -14.767 64.9108 96.5154 1 0 0 19643 1 
0 -14.767 35.8473 92.6451 1 0 0 19643 1 
0 -14.767 66.0144 92.8175 1 0 0 19643 1 
0 -14.767 50.929 92.3605 1 0 0 19643 1 
0 -14.767 64.5541 94.6973 1 0 0 19643 1 
0 -14.767 63.8234 95.2012 1 0 0 19643 1 
0 -14.767 52.7398 93.4757 1 0 0 19643 1 
0 -14.767 66.1008 92.4039 1 0 0 19643 1 
0 -22.7898 57.1249 97.2803 0 0 1 19801 1 
0 -22.4914 58.904 97.2803 0 0 1 19801 1 
0 -20.101 66.4319 97.2803 0 0 1 19801 1 
0 -18.9668 69.4616 97.2803 0 0 1 19801 1 
0 -22.774 53.6107 97.2803 0 0 1 19801 1 
0 -21.7197 44.2989 97.2803 0 0 1 19801 1 
0 -26.1388 60.7214 97.2803 0 0 1 19801 1 
0 -24.8077 48.2419 97.2803 0 0 1 19801 1 
0 -23.6448 57.5666 97.2803 0 0 1 19801 1 
0 -19.6047 58.9582 97.2803 0 0 1 19801 1 
0 -18.1088 35.1816 97.2803 0 0 1 19801 1 
0 -18.998 60.6402 97.2803 0 0 1 19801 1 
0 -24.1394 30.9537 97.2803 0 0 1 19801 1 
0 -24.6376 27.5948 97.2803 0 0 1 19801 1 
0 -18.9874 69.0595 97.2803 0 0 1 19801 1 
0 -23.4453 42.2394 97.2803 0 0 1 19801 1 
0 -18.0333 50.5305 97.2803 0 0 1 19801 1 
0 -15.672 45.2777 97.2803 0 0 1 19801 1 
0 -21.2678 56.5717 97.2803 0 0 1 19801 1 
0 -14.9996 45.0305 97.2803 0 0 1 19801 1 
0 -18.3152 48.7198 97.2803 0 0 1 19801 1 
0 -24.1689 54.4812 97.2803 0 0 1 19801 1 
0 -20.3394 67.7424 97.2803 0 0 1 19801 1 
0 -20.2808 29.6447 97.2803 0 0 1 19801 1 
0 -18.2675 63.7266 97.2803 0 0 1 19801 1 
0 -21.8421 38.0758 97.2803 0 0 1 19801 1 
0 -21.5709 41.3031 97.2803 0 0 1 19801 1 
0 -22.1567 48.581 97.2803 0 0 1 19801 1 
0 -19.9892 69.8943 97.2803 0 0 1 19801 1 
0 -18.3907 47.7838 97.2803 0 0 1 19801 1 
0 -22.925 60.3123 97.2803 0 0 1 19801 1 
0 -16.2733 34.717 97.2803 0 0 1 19801 1 
0 -22.8521 61.2782 97.2803 0 0 1 19801 1 
0 -18.9913 33.4397 97.2803 0 0 1 19801 1 
0 -18.5813 55.6937 97.2803 0 0 1 19801 1 
0 14.7265 56.0253 91.819 0 0 1 19649 1 
0 8.64053 -41.7436 91.819 0 0 1 19649 1 
0 -0.004056 55.1844 91.819 0 0 1 19649 1 
0 10.2965 61.394 91.819 0 0 1 19649 1 
0 7.79424 -0.69242 91.819 0 0 1 19649 1 
0 3.87068 -49.2643 91.819 0 0 1 19649 1 
0 -8.26684 -59.1871 91.819 0 0 1 19649 1 
0 -10.9908 -67.217 91.819 0 0 1 19649 1 
0 -5.35211 61.3995 91.819 0 0 1 19649 1 
0 2.01087 -56.2058 91.819 0 0 1 19649 1 
0 3.8367 -69.4023 91.819 0 0 1 19649 1 
0 -10.9093 61.1485 91.819 0 0 1 19649 1 
0 -7.41688 54.678 91.819 0 0 1 19649 1 
0 -3.94044 32.2258 91.819 0 0 1 19649 1 
0 -8.67965 26.9013 91.819 0 0 1 19649 1 
0 13.8104 -45.5212 91.819 0 0 1 19649 1 
0 10.8204 -12.5238 91.819 0 0 1 19649 1 
0 -0.335115 -66.8555 91.819 0 0 1 19649 1 
0 14.7078 55.6947 91.819 0 0 1 19649 1 
0 12.3338 53.9536 91.819 0 0 1 19649 1 
0 7.12341 -49.203 91.819 0 0 1 19649 1 
0 10.2603 17.3119 91.819 0 0 1 19649 1 
0 14.0657 39.9479 91.819 0 0 1 19649 1 
0 3.76739 46.9494 91.819 0 0 1 19649 1 
0 1.75345 61.0358 91.819 0 0 1 19649 1 
0 -0.225423 59.5198 91.819 0 0 1 19649 1 
0 -4.74894 -40.5793 91.819 0 0 1 19649 1 
0 -0.731972 -34.0209 91.819 0 0 1 19649 1 
0 -5.23773 -51.3846 91.819 0 0 1 19649 1 
0 -10.6791 -38.6414 91.819 0 0 1 19649 1 
0 2.35203 -55.8337 91.819 0 0 1 19649 1 
0 -0.780914 46.2827 91.819 0 0 1 19649 1 
0 -6.37566 -49.8744 91.819 0 0 1 19649 1 
0 12.0979 -20.6028 91.819 0 0 1 19649 1 
0 -4.256 31.4526 91.819 0 0 1 19649 1 
0 40.1299 -69.2478 118.744 0 0 1 9774 1 
0 39.1844 41.2635 118.744 0 0 1 9774 1 
0 66.1223 -37.3529 118.744 0 0 1 9774 1 
0 32.0902 -20.3523 118.744 0 0 1 9774 1 
0 29.5074 8.00245 118.744 0 0 1 9774 1 
0 64.908 1.67784 118.744 0 0 1 9774 1 
0 68.9858 57.5382 118.744 0 0 1 9774 1 
0 33.961 -30.7964 118.744 0 0 1 9774 1 
0 27.0834 -62.8935 118.744 0 0 1 9774 1 
0 43.9247 40.5287 118.744 0 0 1 9774 1 
0 67.0764 11.735 118.744 0 0 1 9774 1 
0 45.4154 -21.9105 118.744 0 0 1 9774 1 
0 30.7816 -57.2194 118.744 0 0 1 9774 1 
0 44.0309 49.5104 118.744 0 0 1 9774 1 
0 45.4959 -32.4961 118.744 0 0 1 9774 1 
0 71.7489 49.1484 118.744 0 0 1 9774 1 
0 70.1427 -53.9278 118.744 0 0 1 9774 1 
0 72.0825 59.5884 118.744 0 0 1 9774 1 
0 55.9643 54.165 118.744 0 0 1 9774 1 
0 61.7633 40.7427 118.744 0 0 1 9774 1 
0 32.9346 -32.2386 118.744 0 0 1 9774 1 
0 57.3523 1.43655 118.744 0 0 1 9774 1 
0 65.0422 25.7483 118.744 0 0 1 9774 1 
0 31.7275 47.3649 118.744 0 0 1 9774 1 
0 35.0792 9.8349 118.744 0 0 1 9774 1 
0 66.1879 15.9477 118.744 0 0 1 9774 1 
0 47.9704 -53.5826 118.744 0 0 1 9774 1 
0 37.6487 -5.3298 118.744 0 0 1 9774 1 
0 59.0742 59.8007 118.744 0 0 1 9774 1 
0 55.8288 -39.5541 118.744 0 0 1 9774 1 
0 48.6191 -70.8591 118.744 0 0 1 9774 1 
0 55.7303 -56.5109 118.744 0 0 1 9774 1 
0 61.3861 -61.857 118.744 0 0 1 9774 1 
0 42.848 11.2537 118.744 0 0 1 9774 1 
0 33.365 64.4282 118.744 0 0 1 9774 1 
0 -68.985 -17.2721 118.744 0 0 1 33400 1 
0 -72.0544 68.2793 118.744 0 0 1 33400 1 
0 -50.9193 -26.1673 118.744 0 0 1 33400 1 
0 -46.601 53.43 118.744 0 0 1 33400 1 
0 -64.1005 28.1932 118.744 0 0 1 33400 1 
0 -34.9358 50.1018 118.744 0 0 1 33400 1 
0 -54.9857 68.2526 118.744 0 0 1 33400 1 
0 -68.9157 8.93965 118.744 0 0 1 33400 1 
0 -65.017 27.0113 118.744 0 0 1 33400 1 
0 -46.9981 70.6546 118.744 0 0 1 33400 1 
0 -49.3472 -27.6886 118.744 0 0 1 33400 1 
0 -50.1769 39.6092 118.744 0 0 1 33400 1 
0 -64.7807 -38.7024 118.744 0 0 1 33400 1 
0 -46.6706 -33.6227 118.744 0 0 1 33400 1 
0 -30.1826 -28.7952 118.744 0 0 1 33400 1 
0 -49.072 -26.8969 118.744 0 0 1 33400 1 
0 -70.1189 42.2595 118.744 0 0 1 33400 1 
0 -50.5343 -32.8681 118.744 0 0 1 33400 1 
0 -72.3469 59.0759 118.744 0 0 1 33400 1 
0 -34.0696 55.2136 118.744 0 0 1 33400 1 
0 -58.4847 35.965 118.744 0 0 1 33400 1 
0 -65.5024 -35.4076 118.744 0 0 1 33400 1 
0 -72.4789 -34.9043 118.744 0 0 1 33400 1 
0 -35.8024 -39.8879 118.744 0 0 1 33400 1 
0 -50.0693 42.6268 118.744 0 0 1 33400 1 
0 -39.6545 -25.7131 118.744 0 0 1 33400 1 
0 -41.9676 -29.6097 118.744 0 0 1 33400 1 
0 -73.8095 39.7844 118.744 0 0 1 33400 1 
0 -47.7043 56.1308 118.744 0 0 1 33400 1 
0 -73.3942 3.29807 118.744 0 0 1 33400 1 
0 -35.0684 52.6908 118.744 0 0 1 33400 1 
0 -45.9776 33.6944 118.744 0 0 1 33400 1 
0 -72.1199 17.9186 118.744 0 0 1 33400 1 
0 -39.8433 30.4342 118.744 0 0 1 33400 1 
0 -72.5768 31.4355 118.744 0 0 1 33400 1 
0 -27.4783 -24.9856 105.071 0 1 0 19805 1 
0 -51.5794 -24.9856 82.0995 0 1 0 19805 1 
0 -52.7895 -24.9856 106.298 0 1 0 19805 1 
0 -40.2419 -24.9856 87.7463 0 1 0 19805 1 
0 -48.8388 -24.9856 104.652 0 1 0 19805 1 
0 -54.5058 -24.9856 86.9424 0 1 0 19805 1 
0 -33.1184 -24.9856 101.022 0 1 0 19805 1 
0 -37.2635 -24.9856 93.5703 0 1 0 19805 1 
0 -31.7484 -24.9856 108.66 0 1 0 19805 1 
0 -42.3976 -24.9856 115.68 0 1 0 19805 1 
0 -33.2286 -24.9856 88.6414 0 1 0 19805 1 
0 -35.5197 -24.9856 108.823 0 1 0 19805 1 
0 -33.5346 -24.9856 108.127 0 1 0 19805 1 
0 -35.3239 -24.9856 97.0651 0 1 0 19805 1 
0 -43.3115 -24.9856 95.4663 0 1 0 19805 1 
0 -50.0955 -24.9856 95.9316 0 1 0 19805 1 
0 -33.3505 -24.9856 92.8728 0 1 0 19805 1 
0 -43.6511 -24.9856 98.9728 0 1 0 19805 1 
0 -42.3901 -24.9856 82.5335 0 1 0 19805 1 
0 -60.902 -24.9856 102.459 0 1 0 19805 1 
0 -11.5244 -24.9856 79.1635 0 1 0 19805 1 
0 -55.1164 -24.9856 79.5664 0 1 0 19805 1 
0 -14.9964 -24.9856 79.9359 0 1 0 19805 1 
0 -43.5614 -24.9856 97.3174 0 1 0 19805 1 
0 -43.1929 -24.9856 92.3163 0 1 0 19805 1 
0 0.47194 -24.9856 78.3534 0 1 0 19805 1 
0 -49.9463 -24.9856 83.9932 0 1 0 19805 1 
0 -23.8934 -24.9856 89.011 0 1 0 19805 1 
0 -59.5126 -24.9856 95.0552 0 1 0 19805 1 
0 -49.3471 -24.9856 95.4116 0 1 0 19805 1 
0 -38.6355 -24.9856 113.164 0 1 0 19805 1 
0 -53.0791 -24.9856 101.273 0 1 0 19805 1 
0 -39.3373 -24.9856 80.3435 0 1 0 19805 1 
0 -30.6209 -24.9856 109.108 0 1 0 19805 1 
0 -60.092 -24.9856 106.653 0 1 0 19805 1 
0 -74.3275 20.624 73.6981 -1 0 0 33396 1 
0 -74.3275 61.1632 23.7167 -1 0 0 33396 1 
0 -74.3275 -36.4154 13.9962 -1 0 0 33396 1 
0 -74.3275 63.8044 29.0606 -1 0 0 33396 1 
0 -74.3275 24.6031 40.733 -1 0 0 33396 1 
0 -74.3275 13.5938 19.7135 -1 0 0 33396 1 
0 -74.3275 54.5421 14.3041 -1 0 0 33396 1 
0 -74.3275 -32.161 8.47237 -1 0 0 33396 1 
0 -74.3275 65.1423 66.1754 -1 0 0 33396 1 
0 -74.3275 -52.83 21.4365 -1 0 0 33396 1 
0 -74.3275 -65.2541 8.09666 -1 0 0 33396 1 
0 -74.3275 65.9516 62.5846 -1 0 0 33396 1 
0 -74.3275 44.9946 59.6491 -1 0 0 33396 1 
0 -74.3275 -49.3826 104.57 -1 0 0 33396 1 
0 -74.3275 -29.6268 75.5946 -1 0 0 33396 1 
0 -74.3275 -54.5881 62.215 -1 0 0 33396 1 
0 -74.3275 30.7225 17.2745 -1 0 0 33396 1 
0 -74.3275 -17.0045 4.70552 -1 0 0 33396 1 
0 -74.3275 6.71363 17.3534 -1 0 0 33396 1 
0 -74.3275 49.6491 51.2631 -1 0 0 33396 1 
0 -74.3275 -44.9306 84.3861 -1 0 0 33396 1 
0 -74.3275 -49.1139 68.4426 -1 0 0 33396 1 
0 -74.3275 18.0707 42.1037 -1 0 0 33396 1 
0 -74.3275 -36.7232 86.216 -1 0 0 33396 1 
0 -74.3275 -21.6125 21.3723 -1 0 0 33396 1 
0 -74.3275 -27.266 49.1306 -1 0 0 33396 1 
0 -74.3275 66.8356 35.1685 -1 0 0 33396 1 
0 -74.3275 -65.8338 7.82261 -1 0 0 33396 1 
0 -74.3275 -49.2875 51.5705 -1 0 0 33396 1 
0 -74.3275 16.3423 112.505 -1 0 0 33396 1 
0 -74.3275 -61.4182 15.1461 -1 0 0 33396 1 
0 -74.3275 59.7707 81.4659 -1 0 0 33396 1 
0 -74.3275 40.2594 90.7711 -1 0 0 33396 1 
0 -74.3275 -70.6925 45.5983 -1 0 0 33396 1 
0 -74.3275 -8.52054 14.4146 -1 0 0 33396 1 
0 -54.8056 -40.5131 116.4 0 0 1 33333 1 
0 -62.9736 -56.1643 116.4 0 0 1 33333 1 
0 -54.9137 -59.1522 116.4 0 0 1 33333 1 
0 -32.3266 -60.8355 116.4 0 0 1 33333 1 
0 -39.2338 -55.276 116.4 0 0 1 33333 1 
0 -56.3528 -52.2169 116.4 0 0 1 33333 1 
0 -44.6418 -51.3993 116.4 0 0 1 33333 1 
0 -51.8675 -43.5383 116.4 0 0 1 33333 1 
0 -27.1559 -55.9722 116.4 0 0 1 33333 1 
0 -69.7584 -60.8632 116.4 0 0 1 33333 1 
0 -66.2746 -56.856 116.4 0 0 1 33333 1 
0 -38.1821 -41.3689 116.4 0 0 1 33333 1 
0 -35.1275 -53.4032 116.4 0 0 1 33333 1 
0 -31.2355 -61.0361 116.4 0 0 1 33333 1 
0 -56.3134 -61.4198 116.4 0 0 1 33333 1 
0 -41.7141 -53.7195 116.4 0 0 1 33333 1 
0 -66.6036 -60.5708 116.4 0 0 1 33333 1 
0 -69.2323 -47.2686 116.4 0 0 1 33333 1 
0 -52.4224 -51.5926 116.4 0 0 1 33333 1 
0 -54.1552 -40.6648 116.4 0 0 1 33333 1 
0 -70.4663 -48.8547 116.4 0 0 1 33333 1 
0 -47.0749 -52.2668 116.4 0 0 1 33333 1 
0 -30.9334 -40.6087 116.4 0 0 1 33333 1 
0 -57.3231 -48.0041 116.4 0 0 1 33333 1 
0 -70.8152 -59.3323 116.4 0 0 1 33333 1 
0 -70.0912 -51.8006 116.4 0 0 1 33333 1 
0 -31.7846 -48.241 116.4 0 0 1 33333 1 
0 -40.3454 -48.3477 116.4 0 0 1 33333 1 
0 -51.0489 -55.9507 116.4 0 0 1 33333 1 
0 -33.9243 -44.1612 116.4 0 0 1 33333 1 
0 -33.2697 -54.7889 116.4 0 0 1 33333 1 
0 -50.4303 -42.1271 116.4 0 0 1 33333 1 
0 -63.3681 -53.3843 116.4 0 0 1 33333 1 
0 -42.9507 -61.3522 116.4 0 0 1 33333 1 
0 -65.178 -52.6702 116.4 0 0 1 33333 1 
