0 -10.0415 -37.1395 16.9517 -1 0 0 67955 1 
0 -10.0415 29.3098 15.5421 -1 0 0 67955 1 
0 -10.0415 -35.4472 18.5933 -1 0 0 67955 1 
0 -10.0415 -10.9351 23.253 -1 0 0 67955 1 
0 -10.0415 12.7845 26.2826 -1 0 0 67955 1 
0 -10.0415 -29.2289 12.9621 -1 0 0 67955 1 
0 -10.0415 6.54116 28.1628 -1 0 0 67955 1 
0 -10.0415 -26.035 23.2876 -1 0 0 67955 1 
0 -10.0415 -14.8143 23.9096 -1 0 0 67955 1 
0 -10.0415 -4.96875 16.441 -1 0 0 67955 1 
0 -10.0415 -18.2494 16.7396 -1 0 0 67955 1 
0 -10.0415 -33.4003 18.3577 -1 0 0 67955 1 
0 -10.0415 22.104 23.4005 -1 0 0 67955 1 
0 -10.0415 -26.4418 20.8408 -1 0 0 67955 1 
0 -10.0415 -36.6921 19.7495 -1 0 0 67955 1 
0 -10.0415 -12.9273 28.2382 -1 0 0 67955 1 
0 -10.0415 -14.3568 13.3315 -1 0 0 67955 1 
0 -10.0415 -34.4853 26.9607 -1 0 0 67955 1 
0 -10.0415 -22.1589 23.7712 -1 0 0 67955 1 
0 -10.0415 -37.2636 23.3988 -1 0 0 67955 1 
0 -10.0415 -2.57144 15.5757 -1 0 0 67955 1 
0 -10.0415 13.8846 19.6662 -1 0 0 67955 1 
0 -10.0415 -23.5227 24.9822 -1 0 0 67955 1 
0 -10.0415 20.7195 14.1478 -1 0 0 67955 1 
0 -10.0415 -19.5868 19.5696 -1 0 0 67955 1 
0 -10.0415 33.5363 24.6199 -1 0 0 67955 1 
0 -10.0415 43.5307 17.8807 -1 0 0 67955 1 
0 -10.0415 -42.201 26.9086 -1 0 0 67955 1 
0 -10.0415 24.8318 16.9874 -1 0 0 67955 1 
0 -10.0415 -17.214 22.9463 -1 0 0 67955 1 
0 -10.0415 37.3891 26.3662 -1 0 0 67955 1 
0 -10.0415 34.5554 26.2568 -1 0 0 67955 1 
0 -10.0415 20.5122 17.9534 -1 0 0 67955 1 
0 -10.0415 0.165648 27.29 -1 0 0 67955 1 
0 -10.0415 23.569 13.815 -1 0 0 67955 1 
0 -10.0415 40.3807 13.4594 -1 0 0 67955 1 
0 -10.0415 30.19 24.6472 -1 0 0 67955 1 
0 -39.2597 -49.2485 30.3213 0 -1 0 68103 1 
0 45.4456 -49.2485 11.0817 0 -1 0 68103 1 
0 12.1752 -49.2485 10.4205 0 -1 0 68103 1 
0 -46.5088 -49.2485 34.4818 0 -1 0 68103 1 
0 -40.2998 -49.2485 13.1462 0 -1 0 68103 1 
0 -40.7309 -49.2485 14.1023 0 -1 0 68103 1 
0 -5.02475 -49.2485 8.29868 0 -1 0 68103 1 
0 18.6391 -49.2485 12.9747 0 -1 0 68103 1 
0 26.3541 -49.2485 12.3407 0 -1 0 68103 1 
0 38.0656 -49.2485 9.78035 0 -1 0 68103 1 
0 11.9323 -49.2485 10.5417 0 -1 0 68103 1 
0 47.7326 -49.2485 13.5531 0 -1 0 68103 1 
0 51.653 -49.2485 20.203 0 -1 0 68103 1 
0 -48.456 -49.2485 29.0367 0 -1 0 68103 1 
0 -46.794 -49.2485 39.7019 0 -1 0 68103 1 
0 -0.845161 -49.2485 8.53775 0 -1 0 68103 1 
0 26.9369 -49.2485 20.7346 0 -1 0 68103 1 
0 39.0875 -49.2485 18.3923 0 -1 0 68103 1 
0 -3.81556 -49.2485 22.7308 0 -1 0 68103 1 
0 -50.878 -49.2485 31.069 0 -1 0 68103 1 
0 23.9392 -49.2485 14.1188 0 -1 0 68103 1 
0 23.6117 -49.2485 3.22027 0 -1 0 68103 1 
0 2.50157 -49.2485 39.1274 0 -1 0 68103 1 
0 -43.6539 -49.2485 39.0284 0 -1 0 68103 1 
0 5.12287 -49.2485 5.60429 0 -1 0 68103 1 
0 20.488 -49.2485 11.296 0 -1 0 68103 1 
0 37.2486 -49.2485 10.3197 0 -1 0 68103 1 
0 -46.3509 -49.2485 11.6096 0 -1 0 68103 1 
0 -44.2537 -49.2485 18.2749 0 -1 0 68103 1 
0 2.74128 -49.2485 33.4336 0 -1 0 68103 1 
0 -37.8546 -49.2485 20.9018 0 -1 0 68103 1 
0 3.86606 -49.2485 9.68041 0 -1 0 68103 1 
0 -42.5703 -49.2485 30.8258 0 -1 0 68103 1 
0 50.9847 -49.2485 6.54188 0 -1 0 68103 1 
0 -46.6729 -49.2485 28.7764 0 -1 0 68103 1 
0 -44.9763 -49.2485 33.8275 0 -1 0 68103 1 
0 47.6869 -49.2485 30.944 0 -1 0 68103 1 
0 -9.67475 14.7424 29.4626 0 0 1 68101 1 
0 -4.88211 -15.8059 29.4626 0 0 1 68101 1 
0 -4.1165 -41.3364 29.4626 0 0 1 68101 1 
0 -3.18292 -35.8172 29.4626 0 0 1 68101 1 
0 -3.92453 41.8549 29.4626 0 0 1 68101 1 
0 -2.87278 36.559 29.4626 0 0 1 68101 1 
0 -9.28357 47.8771 29.4626 0 0 1 68101 1 
0 -8.07117 29.8853 29.4626 0 0 1 68101 1 
0 -5.34196 -1.39828 29.4626 0 0 1 68101 1 
0 -4.72636 -45.8851 29.4626 0 0 1 68101 1 
0 -4.73987 -22.6229 29.4626 0 0 1 68101 1 
0 -3.35813 -3.56059 29.4626 0 0 1 68101 1 
0 -5.64508 25.5943 29.4626 0 0 1 68101 1 
0 -6.44381 13.1004 29.4626 0 0 1 68101 1 
0 -5.8052 -27.5505 29.4626 0 0 1 68101 1 
0 -6.8528 12.1642 29.4626 0 0 1 68101 1 
0 -7.8005 -9.69607 29.4626 0 0 1 68101 1 
0 -9.93222 42.7854 29.4626 0 0 1 68101 1 
0 -4.5728 -16.0783 29.4626 0 0 1 68101 1 
0 -4.36612 41.3933 29.4626 0 0 1 68101 1 
0 -6.0964 -30.3056 29.4626 0 0 1 68101 1 
0 -6.16228 -4.81089 29.4626 0 0 1 68101 1 
0 -9.66683 39.5428 29.4626 0 0 1 68101 1 
0 -9.05916 -34.4989 29.4626 0 0 1 68101 1 
0 -6.8316 28.6692 29.4626 0 0 1 68101 1 
0 -8.2814 -15.1112 29.4626 0 0 1 68101 1 
0 -6.4903 -28.4146 29.4626 0 0 1 68101 1 
0 -6.31697 29.855 29.4626 0 0 1 68101 1 
0 -5.76838 18.8362 29.4626 0 0 1 68101 1 
0 -4.13204 46.4019 29.4626 0 0 1 68101 1 
0 -7.72375 49.1561 29.4626 0 0 1 68101 1 
0 -9.66811 -34.4464 29.4626 0 0 1 68101 1 
0 -4.95168 -19.3526 29.4626 0 0 1 68101 1 
0 -5.85636 18.3971 29.4626 0 0 1 68101 1 
0 -4.36393 -37.2671 29.4626 0 0 1 68101 1 
0 -8.10882 -1.59631 29.4626 0 0 1 68101 1 
0 -8.02484 -41.7475 29.4626 0 0 1 68101 1 
0 -2.62376 -35.997 37.0066 -1 0 0 67484 1 
0 -2.62376 -29.2336 33.9401 -1 0 0 67484 1 
0 -2.62376 11.8412 33.7387 -1 0 0 67484 1 
0 -2.62376 5.05447 36.6132 -1 0 0 67484 1 
0 -2.62376 -42.5382 32.9412 -1 0 0 67484 1 
0 -2.62376 -6.24138 30.0606 -1 0 0 67484 1 
0 -2.62376 -44.6576 36.5211 -1 0 0 67484 1 
0 -2.62376 -15.8007 40.2356 -1 0 0 67484 1 
0 -2.62376 -24.4758 38.4022 -1 0 0 67484 1 
0 -2.62376 8.26176 38.507 -1 0 0 67484 1 
0 -2.62376 35.1905 35.8305 -1 0 0 67484 1 
0 -2.62376 -17.7395 32.9603 -1 0 0 67484 1 
0 -2.62376 37.3804 38.9346 -1 0 0 67484 1 
0 -2.62376 37.4295 39.2045 -1 0 0 67484 1 
0 -2.62376 27.0643 34.9694 -1 0 0 67484 1 
0 -2.62376 -6.79302 42.9777 -1 0 0 67484 1 
0 -2.62376 16.3413 37.0742 -1 0 0 67484 1 
0 -2.62376 -1.01843 41.7859 -1 0 0 67484 1 
0 -2.62376 -22.2513 42.3414 -1 0 0 67484 1 
0 -2.62376 17.7852 36.3249 -1 0 0 67484 1 
0 -2.62376 39.7481 41.1046 -1 0 0 67484 1 
0 -2.62376 -7.12623 34.36 -1 0 0 67484 1 
0 -2.62376 9.53557 33.7927 -1 0 0 67484 1 
0 -2.62376 -38.8121 33.9337 -1 0 0 67484 1 
0 -2.62376 47.0871 40.7622 -1 0 0 67484 1 
0 -2.62376 -12.6899 42.77 -1 0 0 67484 1 
0 -2.62376 19.3353 32.4231 -1 0 0 67484 1 
0 -2.62376 -7.79675 40.84 -1 0 0 67484 1 
0 -2.62376 -6.90351 35.9021 -1 0 0 67484 1 
0 -2.62376 42.0515 34.6757 -1 0 0 67484 1 
0 -2.62376 -41.7882 33.2333 -1 0 0 67484 1 
0 -2.62376 17.5805 37.0606 -1 0 0 67484 1 
0 -2.62376 13.7368 43.1267 -1 0 0 67484 1 
0 -2.62376 -47.9519 37.5125 -1 0 0 67484 1 
0 -2.62376 28.9689 33.7193 -1 0 0 67484 1 
0 -2.62376 35.653 38.8434 -1 0 0 67484 1 
0 -2.62376 -20.8019 34.7354 -1 0 0 67484 1 
0 16.8525 0.149616 28.4634 0 0 1 6366 1 
0 39.3028 -7.74993 28.4634 0 0 1 6366 1 
0 29.6957 5.39952 28.4634 0 0 1 6366 1 
0 13.574 19.5596 28.4634 0 0 1 6366 1 
0 35.5291 5.85743 28.4634 0 0 1 6366 1 
0 27.8061 7.02649 28.4634 0 0 1 6366 1 
0 12.0132 -6.48031 28.4634 0 0 1 6366 1 
0 22.2031 43.0378 28.4634 0 0 1 6366 1 
0 33.2357 14.4238 28.4634 0 0 1 6366 1 
0 24.598 -40.311 28.4634 0 0 1 6366 1 
0 41.3434 -40.1066 28.4634 0 0 1 6366 1 
0 31.6563 27.6755 28.4634 0 0 1 6366 1 
0 21.1128 5.58398 28.4634 0 0 1 6366 1 
0 23.0074 29.8209 28.4634 0 0 1 6366 1 
0 19.5733 13.1359 28.4634 0 0 1 6366 1 
0 35.2774 48.7119 28.4634 0 0 1 6366 1 
0 31.6889 6.27909 28.4634 0 0 1 6366 1 
0 32.0771 -26.2145 28.4634 0 0 1 6366 1 
0 16.015 37.3821 28.4634 0 0 1 6366 1 
0 21.3649 44.457 28.4634 0 0 1 6366 1 
0 17.4194 -34.7592 28.4634 0 0 1 6366 1 
0 39.6255 36.3688 28.4634 0 0 1 6366 1 
0 23.4609 -16.3845 28.4634 0 0 1 6366 1 
0 21.2467 27.3447 28.4634 0 0 1 6366 1 
0 28.7589 35.6342 28.4634 0 0 1 6366 1 
0 7.19534 -46.9681 28.4634 0 0 1 6366 1 
0 20.6255 2.61252 28.4634 0 0 1 6366 1 
0 32.9895 -23.7308 28.4634 0 0 1 6366 1 
0 33.4357 22.3287 28.4634 0 0 1 6366 1 
0 21.948 -10.2222 28.4634 0 0 1 6366 1 
0 31.0539 36.9621 28.4634 0 0 1 6366 1 
0 17.7733 14.5903 28.4634 0 0 1 6366 1 
0 36.7004 -7.47237 28.4634 0 0 1 6366 1 
0 7.04933 -22.8725 28.4634 0 0 1 6366 1 
0 38.4485 -34.0035 28.4634 0 0 1 6366 1 
0 42.5512 -24.5131 28.4634 0 0 1 6366 1 
0 21.5135 -47.3886 28.4634 0 0 1 6366 1 
0 42.6252 -40.4138 32.6228 -1 0 0 67480 1 
0 42.6252 14.0827 34.9376 -1 0 0 67480 1 
0 42.6252 -31.7246 29.716 -1 0 0 67480 1 
0 42.6252 8.45442 36.9645 -1 0 0 67480 1 
0 42.6252 -44.7728 33.4564 -1 0 0 67480 1 
0 42.6252 46.2425 41.8693 -1 0 0 67480 1 
0 42.6252 38.1554 40.1649 -1 0 0 67480 1 
0 42.6252 40.4919 33.1918 -1 0 0 67480 1 
0 42.6252 -30.4635 29.1289 -1 0 0 67480 1 
0 42.6252 -2.03145 33.7895 -1 0 0 67480 1 
0 42.6252 25.9558 34.0195 -1 0 0 67480 1 
0 42.6252 -35.0831 43.1526 -1 0 0 67480 1 
0 42.6252 -32.192 39.0073 -1 0 0 67480 1 
0 42.6252 -24.9956 36.7016 -1 0 0 67480 1 
0 42.6252 -9.09642 28.766 -1 0 0 67480 1 
0 42.6252 9.6876 33.8719 -1 0 0 67480 1 
0 42.6252 -2.90009 34.104 -1 0 0 67480 1 
0 42.6252 5.14857 36.9831 -1 0 0 67480 1 
0 42.6252 -42.3766 33.1424 -1 0 0 67480 1 
0 42.6252 -13.2027 39.4466 -1 0 0 67480 1 
0 42.6252 -4.56868 37.2014 -1 0 0 67480 1 
0 42.6252 13.8426 35.3795 -1 0 0 67480 1 
0 42.6252 -33.8472 39.7767 -1 0 0 67480 1 
0 42.6252 -4.80106 37.0205 -1 0 0 67480 1 
0 42.6252 11.9111 43.1283 -1 0 0 67480 1 
0 42.6252 36.2979 31.4595 -1 0 0 67480 1 
0 42.6252 -37.5413 30.6397 -1 0 0 67480 1 
0 42.6252 11.2876 39.4814 -1 0 0 67480 1 
0 42.6252 -30.8627 40.6245 -1 0 0 67480 1 
0 42.6252 -25.7125 30.1326 -1 0 0 67480 1 
0 42.6252 6.21068 40.7274 -1 0 0 67480 1 
0 42.6252 35.7462 35.1554 -1 0 0 67480 1 
0 42.6252 -41.2945 33.3047 -1 0 0 67480 1 
0 42.6252 33.0974 30.1193 -1 0 0 67480 1 
0 42.6252 -37.9044 34.9481 -1 0 0 67480 1 
0 42.6252 48.0377 38.2099 -1 0 0 67480 1 
0 42.6252 -7.44869 35.4783 -1 0 0 67480 1 
0 51.7136 -0.36131 28.219 1 0 0 67468 1 
0 51.7136 -35.4073 34.5243 1 0 0 67468 1 
0 51.7136 -48.8993 37.7988 1 0 0 67468 1 
0 51.7136 -30.0103 31.7207 1 0 0 67468 1 
0 51.7136 38.5029 16.8969 1 0 0 67468 1 
0 51.7136 2.18597 40.872 1 0 0 67468 1 
0 51.7136 -44.3744 19.244 1 0 0 67468 1 
0 51.7136 -44.8946 24.7454 1 0 0 67468 1 
0 51.7136 -2.51359 0.695878 1 0 0 67468 1 
0 51.7136 28.8455 16.7198 1 0 0 67468 1 
0 51.7136 24.75 14.2833 1 0 0 67468 1 
0 51.7136 41.4617 0.880725 1 0 0 67468 1 
0 51.7136 -22.2436 12.4623 1 0 0 67468 1 
0 51.7136 -35.0192 26.9607 1 0 0 67468 1 
0 51.7136 37.35 4.99051 1 0 0 67468 1 
0 51.7136 47.2834 4.54645 1 0 0 67468 1 
0 51.7136 -11.2682 39.1326 1 0 0 67468 1 
0 51.7136 -19.464 24.5363 1 0 0 67468 1 
0 51.7136 32.5217 26.7192 1 0 0 67468 1 
0 51.7136 3.89042 35.2375 1 0 0 67468 1 
0 51.7136 33.1606 13.1663 1 0 0 67468 1 
0 51.7136 -14.5704 28.3458 1 0 0 67468 1 
0 51.7136 40.2065 36.7658 1 0 0 67468 1 
0 51.7136 28.1139 9.92344 1 0 0 67468 1 
0 51.7136 13.1179 23.9634 1 0 0 67468 1 
0 51.7136 2.68657 26.9677 1 0 0 67468 1 
0 51.7136 -46.7324 21.7652 1 0 0 67468 1 
0 51.7136 -40.3985 15.1984 1 0 0 67468 1 
0 51.7136 -21.9115 24.5315 1 0 0 67468 1 
0 51.7136 11.8098 9.09414 1 0 0 67468 1 
0 51.7136 -0.80073 8.58619 1 0 0 67468 1 
0 51.7136 36.4286 30.4035 1 0 0 67468 1 
0 51.7136 17.1919 0.864024 1 0 0 67468 1 
0 51.7136 4.89379 18.3829 1 0 0 67468 1 
0 51.7136 -24.4886 14.433 1 0 0 67468 1 
0 51.7136 3.07325 0.114266 1 0 0 67468 1 
0 51.7136 33.4882 16.7073 1 0 0 67468 1 
0 -51.4265 -29.4696 0 0 0 -1 627 1 
0 0.669302 39.5581 0 0 0 -1 627 1 
0 41.0556 -35.6977 0 0 0 -1 627 1 
0 -31.5352 -48.0865 0 0 0 -1 627 1 
0 -26.7575 -12.834 0 0 0 -1 627 1 
0 -37.6875 -15.1934 0 0 0 -1 627 1 
0 27.8207 -10.9683 0 0 0 -1 627 1 
0 -13.4206 39.6708 0 0 0 -1 627 1 
0 -31.735 48.3169 0 0 0 -1 627 1 
0 15.6122 27.2559 0 0 0 -1 627 1 
0 -33.9628 -30.1971 0 0 0 -1 627 1 
0 -10.0857 -22.9081 0 0 0 -1 627 1 
0 -22.5731 13.2238 0 0 0 -1 627 1 
0 -34.9581 29.103 0 0 0 -1 627 1 
0 -21.6821 32.7718 0 0 0 -1 627 1 
0 1.89707 -36.3503 0 0 0 -1 627 1 
0 -22.9678 -18.6269 0 0 0 -1 627 1 
0 27.4542 -8.31368 0 0 0 -1 627 1 
0 25.8658 -43.9988 0 0 0 -1 627 1 
0 6.68531 21.7892 0 0 0 -1 627 1 
0 36.4032 19.2271 0 0 0 -1 627 1 
0 31.8934 44.4104 0 0 0 -1 627 1 
0 -49.5106 36.9027 0 0 0 -1 627 1 
0 -50.0514 35.9644 0 0 0 -1 627 1 
0 -22.4015 -0.430994 0 0 0 -1 627 1 
0 19.8051 15.743 0 0 0 -1 627 1 
0 -45.9618 -5.12251 0 0 0 -1 627 1 
0 -7.57516 11.8328 0 0 0 -1 627 1 
0 38.6334 -38.5161 0 0 0 -1 627 1 
0 -49.942 -33.5397 0 0 0 -1 627 1 
0 -22.3235 -21.6652 0 0 0 -1 627 1 
0 31.8268 24.9059 0 0 0 -1 627 1 
0 12.8361 17.9807 0 0 0 -1 627 1 
0 -47.3341 -42.7996 0 0 0 -1 627 1 
0 28.5787 7.75102 0 0 0 -1 627 1 
0 -46.0249 -43.3972 0 0 0 -1 627 1 
0 -11.1878 47.045 0 0 0 -1 627 1 
0 -32.9308 -7.28591 29.4626 0 0 1 68097 1 
0 -39.0304 -46.6025 29.4626 0 0 1 68097 1 
0 -34.2688 35.2031 29.4626 0 0 1 68097 1 
0 -33.5446 44.0292 29.4626 0 0 1 68097 1 
0 -36.1426 -15.7086 29.4626 0 0 1 68097 1 
0 -34.0028 32.461 29.4626 0 0 1 68097 1 
0 -33.2229 -46.1288 29.4626 0 0 1 68097 1 
0 -36.5241 31.4621 29.4626 0 0 1 68097 1 
0 -37.2095 8.41197 29.4626 0 0 1 68097 1 
0 -34.6358 15.0369 29.4626 0 0 1 68097 1 
0 -37.2431 32.5779 29.4626 0 0 1 68097 1 
0 -35.3655 6.42237 29.4626 0 0 1 68097 1 
0 -35.8822 -27.0222 29.4626 0 0 1 68097 1 
0 -34.0624 -0.854747 29.4626 0 0 1 68097 1 
0 -38.4608 38.7883 29.4626 0 0 1 68097 1 
0 -34.0131 -3.15223 29.4626 0 0 1 68097 1 
0 -34.619 -37.1393 29.4626 0 0 1 68097 1 
0 -38.0853 41.9586 29.4626 0 0 1 68097 1 
0 -34.6282 44.4679 29.4626 0 0 1 68097 1 
0 -34.8127 -39.6485 29.4626 0 0 1 68097 1 
0 -33.1738 35.7881 29.4626 0 0 1 68097 1 
0 -32.8009 -0.0251865 29.4626 0 0 1 68097 1 
0 -33.4639 -2.04129 29.4626 0 0 1 68097 1 
0 -36.7332 47.9018 29.4626 0 0 1 68097 1 
0 -32.9873 -5.36691 29.4626 0 0 1 68097 1 
0 -34.361 48.9311 29.4626 0 0 1 68097 1 
0 -33.6105 -19.8282 29.4626 0 0 1 68097 1 
0 -37.1041 -8.92918 29.4626 0 0 1 68097 1 
0 -35.9926 -1.53829 29.4626 0 0 1 68097 1 
0 -34.1031 9.03567 29.4626 0 0 1 68097 1 
0 -37.8553 36.7355 29.4626 0 0 1 68097 1 
0 -38.8042 36.9448 29.4626 0 0 1 68097 1 
0 -34.3321 -48.9408 29.4626 0 0 1 68097 1 
0 -38.9254 7.13042 29.4626 0 0 1 68097 1 
0 -37.4855 36.3455 29.4626 0 0 1 68097 1 
0 -37.0002 0.177672 29.4626 0 0 1 68097 1 
0 -35.3107 32.0865 29.4626 0 0 1 68097 1 
0 -47.8604 -2.31782 41.02 0 0.635187 -0.772358 67372 2 
0 -47.0263 -3.03353 36.1736 0 0.831326 0.555784 67372 2 
0 -42.6527 -1.45026 41.5501 0 0.397437 -0.917629 67372 2 
0 -41.7803 -0.981951 41.7161 0 0.269099 -0.963112 67372 2 
0 -50.8721 3.60179 37.6164 0 -0.987056 0.160377 67372 2 
0 -47.0801 0.627483 34.607 0 -0.171959 0.985104 67372 2 
0 -44.8582 -2.57809 40.7841 0 0.706513 -0.7077 67372 2 
0 -50.2169 -0.451901 41.8226 0 0.123842 -0.992302 67372 2 
0 -51.5253 -2.92718 36.0229 0 0.802181 0.597081 67372 2 
0 -41.9286 -1.4922 41.5316 0 0.408931 -0.912565 67372 2 
0 -45.5031 -3.45371 37.0238 0 0.946474 0.32278 67372 2 
0 -49.8827 -3.21706 36.4795 0 0.88162 0.471959 67372 2 
0 -46.852 -2.82534 40.5109 0 0.774273 -0.632852 67372 2 
0 -45.7405 -3.5187 37.2351 0 0.964284 0.264872 67372 2 
0 -49.1302 -1.59215 41.485 0 0.436322 -0.89979 67372 2 
0 -46.9561 0.915824 41.7339 0 -0.250977 -0.967993 67372 2 
0 -44.8722 -0.42898 41.8254 0 0.11756 -0.993066 67372 2 
0 -41.1205 -0.890316 41.7404 0 0.243987 -0.969778 67372 2 
0 -49.5611 -3.49838 39.2393 0 0.958715 -0.28437 67372 2 
0 -41.1994 -3.29713 36.6382 0 0.903563 0.428455 67372 2 
0 -49.3224 -0.590487 41.8026 0 0.16182 -0.98682 67372 2 
0 -42.6445 -2.79589 35.8568 0 0.766202 0.6426 67372 2 
0 -46.9519 -2.34393 40.9983 0 0.642343 -0.766418 67372 2 
0 -46.149 -3.27152 39.818 0 0.896545 -0.442953 67372 2 
0 -49.1009 -2.7122 35.7605 0 0.743266 0.668996 67372 2 
0 -46.8894 -3.26545 39.8302 0 0.894882 -0.446303 67372 2 
0 -47.9912 -3.51999 39.1635 0 0.964638 -0.263578 67372 2 
0 -41.3272 -3.12516 40.0855 0 0.856436 -0.516254 67372 2 
0 -48.7803 -0.281355 41.8398 0 0.0771041 -0.997023 67372 2 
0 -44.7718 2.7386 40.6132 0 -0.750502 -0.660869 67372 2 
0 -47.9015 -3.22245 36.4896 0 0.883098 0.469189 67372 2 
0 -48.2841 -3.62582 37.7907 0 0.99364 0.112607 67372 2 
0 -49.9048 -0.225077 41.8437 0 0.0616814 -0.998096 67372 2 
0 -51.289 -0.859577 41.748 0 0.235563 -0.971859 67372 2 
0 -42.5118 -1.08011 41.6872 0 0.295999 -0.955188 67372 2 
0 -49.59 -3.61829 38.6743 0 0.991576 -0.129524 67372 2 
0 -48.8702 -3.03353 36.1736 0 0.831326 0.555784 67372 2 
0 -49.9875 2.8333 35.9021 0 -0.776453 0.630176 67358 2 
0 -47.5102 3.56496 37.4229 0 -0.97696 0.213421 67358 2 
0 -47.3784 1.86326 35.0642 0 -0.510618 0.859808 67358 2 
0 -45.5733 1.51945 41.5193 0 -0.416398 -0.909183 67358 2 
0 -42.3809 3.33479 39.6831 0 -0.913884 -0.405976 67358 2 
0 -44.8736 3.56396 37.4183 0 -0.976688 0.214662 67358 2 
0 -49.1846 3.36275 36.7848 0 -0.921547 0.388268 67358 2 
0 -50.6828 3.61358 38.709 0 -0.990286 -0.139049 67358 2 
0 -47.8923 0.290424 34.5642 0 -0.0795893 0.996828 67358 2 
0 -40.249 0.554639 41.8083 0 -0.151996 -0.988381 67358 2 
0 -41.0818 1.68476 34.9648 0 -0.4617 0.887036 67358 2 
0 -45.6281 3.51976 39.1643 0 -0.964575 -0.263809 67358 2 
0 -42.7709 3.632 37.8495 0 -0.995334 0.0964931 67358 2 
0 -46.0367 2.17989 41.128 0 -0.597388 -0.801952 67358 2 
0 -51.4765 3.28595 39.7884 0 -0.9005 -0.434856 67358 2 
0 -48.5222 3.56227 38.9926 0 -0.976223 -0.216769 67358 2 
0 -50.1371 1.99794 35.1482 0 -0.547528 0.836787 67358 2 
0 -44.0135 1.88045 41.3288 0 -0.515329 -0.856992 67358 2 
0 -40.3168 3.56019 39.0019 0 -0.975653 -0.219319 67358 2 
0 -45.5093 3.28978 36.6228 0 -0.901551 0.432674 67358 2 
0 -50.0657 3.63783 37.916 0 -0.996932 0.0782748 67358 2 
0 -44.7802 3.6342 38.5303 0 -0.995935 -0.0900741 67358 2 
0 -42.7852 0.974704 41.7181 0 -0.267113 -0.963665 67358 2 
0 -45.3483 3.57766 38.9198 0 -0.980441 -0.196812 67358 2 
0 -40.7903 2.89315 40.4254 0 -0.792854 -0.609411 67358 2 
0 -47.6707 1.63287 41.4649 0 -0.447482 -0.894293 67358 2 
0 -40.6819 1.92515 41.3015 0 -0.52758 -0.849505 67358 2 
0 -48.0125 2.38728 40.9614 0 -0.654223 -0.756302 67358 2 
0 -43.246 3.04486 36.1906 0 -0.834431 0.551113 67358 2 
0 -41.4451 2.83082 35.8991 0 -0.775773 0.631013 67358 2 
0 -47.7596 2.30258 41.0325 0 -0.631013 -0.775773 67358 2 
0 -40.3219 0.934775 41.7289 0 -0.256171 -0.966632 67358 2 
0 -46.8487 3.64361 38.4004 0 -0.998515 -0.0544792 67358 2 
0 -48.3217 3.40501 36.8896 0 -0.933127 0.359548 67358 2 
0 -45.2662 0.618348 34.6054 0 -0.169455 0.985538 67358 2 
0 -45.4319 2.29171 35.362 0 -0.628033 0.778187 67358 2 
0 -50.2223 0.511376 34.5886 0 -0.14014 0.990132 67358 2 
0 -42.7797 -3.04602 18.2652 0 0.674327 0.738433 68095 2 
0 -49.3183 -4.50945 21.8639 0 0.998303 -0.0582312 68095 2 
0 -35.6097 -4.48326 22.1529 0 0.992504 -0.122214 68095 2 
0 -38.5727 -0.756485 26.0541 0 0.167471 -0.985877 68095 2 
0 -38.6 -4.51385 21.7726 0 0.999277 -0.038025 68095 2 
0 -40.3217 -3.52118 24.4303 0 0.779519 -0.626379 68095 2 
0 -49.6571 -3.74428 24.1276 0 0.82891 -0.559382 68095 2 
0 -36.9445 -3.07874 24.9062 0 0.681572 -0.731751 68095 2 
0 -43.1196 -4.38669 22.6785 0 0.971126 -0.238567 68095 2 
0 -50.1669 -1.92487 25.6873 0 0.426128 -0.904663 68095 2 
0 -32.8888 -3.13925 24.8488 0 0.694968 -0.719041 68095 2 
0 -42.9326 -4.51453 21.4478 0 0.999426 0.0338668 68095 2 
0 -45.1046 -3.1299 18.3438 0 0.692897 0.721037 68095 2 
0 -43.7382 -2.86329 18.1071 0 0.633876 0.773435 68095 2 
0 -38.6616 -3.355 18.5762 0 0.74273 0.669591 68095 2 
0 -50.4247 -3.2769 24.7099 0 0.72544 -0.688286 68095 2 
0 -42.2406 -4.5017 21.9737 0 0.996588 -0.0825421 68095 2 
0 -41.2504 -2.23467 25.5265 0 0.494713 -0.869057 68095 2 
0 -49.8492 -0.247861 26.1111 0 0.0548714 -0.998493 68095 2 
0 -37.8044 -4.51188 21.3835 0 0.998842 0.0481212 68095 2 
0 -51.6224 3.9872 19.4779 0 -0.882686 0.469963 68095 2 
0 -46.67 -3.5512 24.3925 0 0.786164 -0.618018 68095 2 
0 -37.3315 -4.51701 21.6319 0 0.999976 0 68095 2 
0 -41.4096 -2.50467 25.3599 0 0.554484 -0.832194 68095 2 
0 -41.0218 -4.28717 23.0237 0 0.949094 -0.314992 68095 2 
0 -36.9589 -3.59942 24.33 0 0.79684 -0.604191 68095 2 
0 -50.6602 -3.42556 18.6564 0 0.758352 0.651845 68095 2 
0 -42.0383 -3.4088 24.5647 0 0.75464 -0.656139 68095 2 
0 -39.1534 -4.46162 22.3068 0 0.987713 -0.156278 68095 2 
0 -34.9498 -2.98442 24.9916 0 0.660692 -0.750657 68095 2 
0 -37.3379 3.5528 24.3904 0 -0.78652 -0.617565 68095 2 
0 -46.9466 -1.83849 25.7269 0 0.407005 -0.913426 68095 2 
0 -36.7523 -3.53858 18.7932 0 0.783371 0.621554 68095 2 
0 -49.0761 -2.29023 25.4943 0 0.507011 -0.86194 68095 2 
0 -46.1262 -0.0462528 26.1177 0 0.0102395 -0.999948 68095 2 
0 -40.774 -3.46744 24.4959 0 0.767623 -0.640901 68095 2 
0 -42.9248 -2.68778 25.2313 0 0.595022 -0.80371 68095 2 
0 -42.9475 2.15717 17.6321 0 -0.477554 0.878602 68089 2 
0 -38.887 1.18451 17.2418 0 -0.262227 0.965006 68089 2 
0 -39.3179 3.96707 23.7611 0 -0.878231 -0.478236 68089 2 
0 -40.7204 3.39621 24.5791 0 -0.751853 -0.659331 68089 2 
0 -46.364 1.7266 17.4267 0 -0.382234 0.924066 68089 2 
0 -33.6539 1.61975 25.8175 0 -0.358581 -0.933499 68089 2 
0 -33.1522 2.65594 25.2546 0 -0.587971 -0.808882 68089 2 
0 -39.9743 1.79503 17.4557 0 -0.397385 0.917652 68089 2 
0 -46.2816 1.94702 25.6768 0 -0.431031 -0.902337 68089 2 
0 -48.6259 1.68617 25.7914 0 -0.373286 -0.927716 68089 2 
0 -45.0751 2.76978 25.1691 0 -0.613174 -0.789948 68089 2 
0 -41.0738 1.20331 17.2469 0 -0.266388 0.963866 68089 2 
0 -37.4332 4.37674 20.4834 0 -0.968922 0.247365 68089 2 
0 -34.4782 0.777483 26.0505 0 -0.172119 -0.985076 68089 2 
0 -41.3297 4.20675 19.9553 0 -0.931291 0.364276 68089 2 
0 -38.4503 4.48461 21.0599 0 -0.992803 0.119759 68089 2 
0 -46.1839 4.38076 22.7023 0 -0.969812 -0.243852 68089 2 
0 -42.5507 3.35088 18.5716 0 -0.741818 0.670602 68089 2 
0 -36.7189 1.87867 17.4929 0 -0.415901 0.90941 68089 2 
0 -51.6273 1.23017 25.9472 0 -0.272334 -0.962203 68089 2 
0 -42.9838 3.12477 18.3389 0 -0.691762 0.722125 68089 2 
0 -50.4318 1.30283 17.2757 0 -0.288421 0.957504 68089 2 
0 -49.491 4.07982 19.6619 0 -0.903191 0.429239 68089 2 
0 -37.0883 1.36869 25.9056 0 -0.303002 -0.95299 68089 2 
0 -44.3549 3.63315 18.9167 0 -0.804308 0.594212 68089 2 
0 -42.5728 1.16586 17.2368 0 -0.258098 0.966119 68089 2 
0 -45.3107 2.8742 18.1161 0 -0.63629 0.77145 68089 2 
0 -38.9965 4.1156 19.7391 0 -0.911113 0.412157 68089 2 
0 -38.4978 0.888407 26.0297 0 -0.196676 -0.980469 68089 2 
0 -40.3414 4.51539 21.7257 0 -0.999618 -0.0276376 68089 2 
0 -51.2341 1.62816 25.8143 0 -0.360442 -0.932782 68089 2 
0 -41.6998 2.06952 25.616 0 -0.45815 -0.888875 68089 2 
0 -45.8013 2.73455 25.1962 0 -0.605374 -0.795941 68089 2 
0 -40.3225 4.46542 22.2823 0 -0.988555 -0.150859 68089 2 
0 -49.5037 0.589133 26.0794 0 -0.130422 -0.991459 68089 2 
0 -44.3368 4.4088 20.6176 0 -0.976021 0.217676 68089 2 
0 -40.1125 2.83391 18.0833 0 -0.627372 0.778719 68089 2 
0 50.4978 0.585998 41.8033 0 -0.16059 -0.987021 67348 2 
0 50.6185 3.64827 38.1273 0 -0.999792 0.0203721 67348 2 
0 49.398 3.44342 36.9941 0 -0.943654 0.330935 67348 2 
0 43.4241 3.5943 37.572 0 -0.985001 0.172549 67348 2 
0 50.2336 3.59808 37.594 0 -0.986037 0.166525 67348 2 
0 46.9144 3.13626 36.3364 0 -0.859477 0.511174 67348 2 
0 43.1634 3.64139 37.9657 0 -0.997907 0.0646714 67348 2 
0 50.3936 3.58039 37.4972 0 -0.981189 0.19305 67348 2 
0 48.2333 3.35268 39.6421 0 -0.918787 -0.394753 67348 2 
0 49.1749 0.743965 41.774 0 -0.20388 -0.978996 67348 2 
0 45.8141 1.89116 35.0809 0 -0.518264 0.855221 67348 2 
0 44.4357 0.668798 34.6144 0 -0.183281 0.983061 67348 2 
0 44.5102 2.12032 41.1714 0 -0.581063 -0.813858 67348 2 
0 45.7186 2.73096 40.6218 0 -0.748407 -0.66324 67348 2 
0 45.9249 3.0045 36.1308 0 -0.82337 0.567505 67348 2 
0 46.364 2.37528 40.9717 0 -0.650936 -0.759133 67348 2 
0 45.433 2.77374 40.5727 0 -0.76013 -0.649771 67348 2 
0 50.0015 2.83897 40.4942 0 -0.778006 -0.628257 67348 2 
0 46.5715 2.85434 40.475 0 -0.78222 -0.623003 67348 2 
0 49.3052 3.4736 37.0838 0 -0.951925 0.30633 67348 2 
0 49.4311 3.33963 39.6721 0 -0.915212 -0.402973 67348 2 
0 49.2471 1.38328 34.825 0 -0.379082 0.925363 67348 2 
0 48.3955 0.7509 41.7726 0 -0.205781 -0.978598 67348 2 
0 44.4622 3.56546 38.9781 0 -0.977098 -0.212789 67348 2 
0 46.9591 3.60472 37.6347 0 -0.987858 0.155359 67348 2 
0 43.9516 1.71718 41.4214 0 -0.470585 -0.882355 67348 2 
0 49.6479 3.5323 37.2861 0 -0.968011 0.250908 67348 2 
0 48.148 2.65501 40.7049 0 -0.727594 -0.686008 67348 2 
0 48.7252 2.8317 40.5031 0 -0.776014 -0.630715 67348 2 
0 51.1823 3.08884 36.2588 0 -0.846482 0.532418 67348 2 
0 46.8669 0.680831 41.7866 0 -0.186579 -0.98244 67348 2 
0 50.1417 2.71711 35.7659 0 -0.744611 0.667498 67348 2 
0 44.5433 2.34781 35.4082 0 -0.643408 0.765524 67348 2 
0 44.2182 3.32412 36.6964 0 -0.910961 0.412493 67348 2 
0 45.341 2.46605 35.512 0 -0.675809 0.737077 67348 2 
0 47.9435 3.36027 36.779 0 -0.920866 0.38988 67348 2 
0 49.718 2.90346 40.4119 0 -0.79568 -0.605718 67348 2 
0 51.1245 -3.53392 37.2923 0 0.968455 0.24919 67362 2 
0 43.7256 -2.95431 36.0598 0 0.809617 0.586959 67362 2 
0 46.254 -2.75673 35.8109 0 0.75547 0.655183 67362 2 
0 43.1455 1.63663 41.4631 0 -0.44851 -0.893778 67362 2 
0 48.2015 -3.34563 36.7449 0 0.916856 0.399218 67362 2 
0 50.9267 1.77623 41.3892 0 -0.486768 -0.873531 67362 2 
0 46.9755 -2.09719 41.1878 0 0.574725 -0.818346 67362 2 
0 44.1936 -2.98727 36.106 0 0.818649 0.574294 67362 2 
0 48.3875 -3.49356 39.2554 0 0.957396 -0.288779 67362 2 
0 47.5257 3.4039 36.8868 0 -0.932825 0.36033 67362 2 
0 42.9848 1.98959 41.2606 0 -0.545239 -0.83828 67362 2 
0 48.9769 -2.12387 41.1689 0 0.582038 -0.813161 67362 2 
0 48.4693 -3.64535 38.0379 0 0.998992 0.0448789 67362 2 
0 45.2457 2.78343 40.5613 0 -0.762787 -0.64665 67362 2 
0 51.0727 -0.605155 41.8001 0 0.16584 -0.986153 67362 2 
0 49.2126 -3.60541 38.7642 0 0.988047 -0.154152 67362 2 
0 44.0207 -0.865611 41.7465 0 0.237217 -0.971457 67362 2 
0 44.0072 0.753724 41.772 0 -0.206555 -0.978435 67362 2 
0 42.6736 -2.31105 41.0256 0 0.633334 -0.773879 67362 2 
0 49.1072 1.12796 41.672 0 -0.309113 -0.951025 67362 2 
0 42.7344 -1.41583 41.5648 0 0.388003 -0.921658 67362 2 
0 46.0487 -3.63073 38.5666 0 0.994985 -0.100024 67362 2 
0 46.4196 -3.63024 37.8319 0 0.994852 0.101335 67362 2 
0 48.7317 0.9537 41.7238 0 -0.261357 -0.965242 67362 2 
0 49.8918 -2.66788 35.7121 0 0.73112 0.682249 67362 2 
0 48.7019 3.56283 37.4132 0 -0.976379 0.216066 67362 2 
0 47.2141 2.26109 35.3376 0 -0.619641 0.784886 67362 2 
0 44.6844 -3.28906 36.6213 0 0.901353 0.433084 67362 2 
0 45.3227 -3.31292 36.6719 0 0.907891 0.419207 67362 2 
0 51.155 -3.2171 36.4795 0 0.881632 0.471938 67362 2 
0 50.5674 -1.03516 41.7008 0 0.28368 -0.958919 67362 2 
0 50.2512 -2.65915 35.7028 0 0.728728 0.684804 67362 2 
0 46.0338 -3.64038 38.4527 0 0.99763 -0.0688093 67362 2 
0 46.7948 -3.13854 36.3402 0 0.860102 0.510123 67362 2 
0 43.9569 0.490757 41.8175 0 -0.13449 -0.990915 67362 2 
0 45.815 2.13155 35.2399 0 -0.584141 0.811652 67362 2 
0 44.5627 -2.96353 36.0726 0 0.812142 0.58346 67362 2 
0 3.26826 1.89684 35.0844 0 -0.519821 0.854275 67352 2 
0 4.73802 3.54851 39.0522 0 -0.972454 -0.233094 67352 2 
0 -2.11341 2.78756 35.8469 0 -0.763918 0.645314 67352 2 
0 3.66815 1.9172 41.3064 0 -0.525399 -0.850856 67352 2 
0 -0.768045 3.16332 40.0207 0 -0.866895 -0.498491 67352 2 
0 -0.368082 3.62992 38.5746 0 -0.994762 -0.102218 67352 2 
0 5.57199 3.63405 38.5319 0 -0.995896 -0.0905038 67352 2 
0 -0.613344 1.30196 34.7928 0 -0.356795 0.934183 67352 2 
0 -2.36755 2.67758 40.6808 0 -0.733779 -0.679388 67352 2 
0 2.52894 2.35938 40.9853 0 -0.646576 -0.762849 67352 2 
0 0.65214 3.64244 37.9825 0 -0.998195 0.0600543 67352 2 
0 -0.377513 3.64778 38.2972 0 -0.999657 -0.0261956 67352 2 
0 -1.24969 0.724175 34.6252 0 -0.198457 0.98011 67352 2 
0 5.32465 0.954291 34.6796 0 -0.261519 0.965198 67352 2 
0 -1.68585 3.62997 37.8292 0 -0.994777 0.102074 67352 2 
0 5.03744 0.211545 41.8445 0 -0.0579729 -0.998318 67352 2 
0 -1.47796 1.46934 34.8615 0 -0.402666 0.915347 67352 2 
0 1.98641 2.44184 40.9133 0 -0.669174 -0.743105 67352 2 
0 3.33649 2.00833 41.2483 0 -0.550373 -0.834919 67352 2 
0 2.84902 3.6371 38.4964 0 -0.996732 -0.0807842 67352 2 
0 -0.00272172 3.15201 40.0402 0 -0.863796 -0.503842 67352 2 
0 -0.128507 0.44843 34.5803 0 -0.12289 0.99242 67352 2 
0 3.40597 0.126273 41.8485 0 -0.0346046 -0.999401 67352 2 
0 -2.17256 3.49848 37.1643 0 -0.958742 0.284278 67352 2 
0 6.28399 2.48391 35.5285 0 -0.680706 0.732557 67352 2 
0 -1.4797 2.40055 35.4534 0 -0.657859 0.753141 67352 2 
0 1.52522 2.54708 40.8147 0 -0.698015 -0.716083 67352 2 
0 3.37227 2.81874 40.519 0 -0.772464 -0.635058 67352 2 
0 5.72982 1.66105 41.4507 0 -0.455203 -0.890388 67352 2 
0 -0.379454 3.40416 36.8874 0 -0.932894 0.360151 67352 2 
0 -0.208666 0.702216 34.6208 0 -0.192439 0.981309 67352 2 
0 -1.61172 0.407171 41.8279 0 -0.111583 -0.993755 67352 2 
0 1.90909 1.14965 34.7385 0 -0.315056 0.949073 67352 2 
0 2.08599 2.18907 41.1211 0 -0.599903 -0.800072 67352 2 
0 2.43547 3.11176 40.1075 0 -0.852764 -0.522297 67352 2 
0 6.11237 2.44651 40.909 0 -0.670456 -0.74195 67352 2 
0 4.37426 3.32897 39.6961 0 -0.912291 -0.409544 67352 2 
0 -1.43053 -3.64178 37.9718 0 0.998014 0.0629969 67366 2 
0 -1.56873 -2.09862 41.1868 0 0.575118 -0.818071 67366 2 
0 5.98978 -2.17799 41.1294 0 0.596869 -0.802338 67366 2 
0 1.51399 -0.666906 41.7892 0 0.182763 -0.983157 67366 2 
0 -0.900348 -0.911843 41.7349 0 0.249887 -0.968275 67366 2 
0 5.916 -1.06682 41.6912 0 0.292357 -0.956309 67366 2 
0 1.33772 -3.1441 40.0537 0 0.861626 -0.507544 67366 2 
0 2.75714 -0.810024 41.7596 0 0.221983 -0.97505 67366 2 
0 2.80402 -1.64092 41.4609 0 0.449688 -0.893186 67366 2 
0 1.19044 -3.25488 39.8512 0 0.891986 -0.452063 67366 2 
0 -0.0873878 -2.9079 35.9972 0 0.796898 0.604114 67366 2 
0 4.21997 1.62184 34.9328 0 -0.444457 0.8958 67366 2 
0 6.09053 -3.08958 36.26 0 0.846686 0.532093 67366 2 
0 -0.425636 0.466479 34.5826 0 -0.127836 0.991795 67366 2 
0 4.7116 -1.70358 41.4286 0 0.466859 -0.884332 67366 2 
0 2.90983 -0.425418 41.8258 0 0.116584 -0.993181 67366 2 
0 6.20279 -3.4278 36.9504 0 0.939373 0.342896 67366 2 
0 1.76167 -3.63342 38.5388 0 0.995723 -0.0923894 67366 2 
0 -1.82044 -2.02182 41.2394 0 0.55407 -0.83247 67366 2 
0 -1.88444 -3.5712 38.9513 0 0.978672 -0.205429 67366 2 
0 6.0551 -3.04394 40.2141 0 0.834179 -0.551493 67366 2 
0 -2.42975 -3.64038 38.4527 0 0.99763 -0.0688093 67366 2 
0 4.81569 -0.497863 41.8166 0 0.136437 -0.990649 67366 2 
0 5.24734 -2.5344 40.827 0 0.69454 -0.719454 67366 2 
0 5.59821 -0.822811 41.7567 0 0.225488 -0.974246 67366 2 
0 5.19797 -3.45467 37.0266 0 0.946737 0.322009 67366 2 
0 3.1915 -3.5122 39.1915 0 0.962504 -0.271269 67366 2 
0 3.12444 -1.82522 41.3614 0 0.500194 -0.865914 67366 2 
0 2.29997 -3.0502 36.1987 0 0.835894 0.548891 67366 2 
0 -0.496919 -2.94917 40.3506 0 0.808208 -0.588898 67366 2 
0 -1.70249 -2.96389 36.0731 0 0.81224 0.583324 67366 2 
0 -0.420435 -3.38376 36.8358 0 0.927304 0.374308 67366 2 
0 3.51331 -1.32692 41.6009 0 0.363637 -0.931541 67366 2 
0 -0.155897 -3.34125 39.6684 0 0.915656 -0.401964 67366 2 
0 4.43902 -3.30644 39.7453 0 0.906114 -0.423034 67366 2 
0 3.37962 -2.96867 36.0798 0 0.813552 0.581492 67366 2 
0 3.42137 -3.24225 36.5274 0 0.888525 0.458827 67366 2 
0 -32.6621 17.5319 15.6933 1 0 0 67973 1 
0 -32.6621 -2.09007 25.6915 1 0 0 67973 1 
0 -32.6621 25.4003 14.7542 1 0 0 67973 1 
0 -32.6621 -47.1633 25.64 1 0 0 67973 1 
0 -32.6621 -45.1662 22.4482 1 0 0 67973 1 
0 -32.6621 -18.1148 27.3943 1 0 0 67973 1 
0 -32.6621 -30.7039 27.1741 1 0 0 67973 1 
0 -32.6621 -41.4395 24.6706 1 0 0 67973 1 
0 -32.6621 39.7667 29.339 1 0 0 67973 1 
0 -32.6621 -9.77705 22.2872 1 0 0 67973 1 
0 -32.6621 27.2208 22.5211 1 0 0 67973 1 
0 -32.6621 30.3557 14.378 1 0 0 67973 1 
0 -32.6621 33.8145 27.4374 1 0 0 67973 1 
0 -32.6621 28.9027 25.7436 1 0 0 67973 1 
0 -32.6621 3.84379 15.8043 1 0 0 67973 1 
0 -32.6621 10.6094 22.4678 1 0 0 67973 1 
0 -32.6621 41.3449 27.086 1 0 0 67973 1 
0 -32.6621 37.5685 14.0997 1 0 0 67973 1 
0 -32.6621 -44.3989 18.1965 1 0 0 67973 1 
0 -32.6621 -2.99783 13.0752 1 0 0 67973 1 
0 -32.6621 -32.6716 22.6331 1 0 0 67973 1 
0 -32.6621 19.3873 24.0207 1 0 0 67973 1 
0 -32.6621 -21.6063 20.2667 1 0 0 67973 1 
0 -32.6621 -18.2119 25.0192 1 0 0 67973 1 
0 -32.6621 -29.7874 28.1563 1 0 0 67973 1 
0 -32.6621 -38.3636 13.5186 1 0 0 67973 1 
0 -32.6621 30.3424 16.4711 1 0 0 67973 1 
0 -32.6621 38.0142 27.2047 1 0 0 67973 1 
0 -32.6621 -0.971434 13.5348 1 0 0 67973 1 
0 -32.6621 -41.7281 21.6701 1 0 0 67973 1 
0 -32.6621 13.3783 25.6739 1 0 0 67973 1 
0 -32.6621 37.2844 25.498 1 0 0 67973 1 
0 -32.6621 -30.627 20.2771 1 0 0 67973 1 
0 -32.6621 -47.4781 23.2344 1 0 0 67973 1 
0 -32.6621 7.65929 25.743 1 0 0 67973 1 
0 -32.6621 5.15895 25.368 1 0 0 67973 1 
0 -32.6621 28.7482 26.8119 1 0 0 67973 1 
0 -40.0798 -40.3989 31.8154 1 0 0 67472 1 
0 -40.0798 25.4464 35.3004 1 0 0 67472 1 
0 -40.0798 0.134404 30.3361 1 0 0 67472 1 
0 -40.0798 -38.4431 32.1887 1 0 0 67472 1 
0 -40.0798 -35.5912 41.6895 1 0 0 67472 1 
0 -40.0798 -17.0796 39.6589 1 0 0 67472 1 
0 -40.0798 37.1454 39.186 1 0 0 67472 1 
0 -40.0798 29.2732 33.3067 1 0 0 67472 1 
0 -40.0798 -15.8691 40.2087 1 0 0 67472 1 
0 -40.0798 -0.546952 31.6108 1 0 0 67472 1 
0 -40.0798 -12.4169 32.9678 1 0 0 67472 1 
0 -40.0798 6.39268 42.1547 1 0 0 67472 1 
0 -40.0798 3.89737 36.5852 1 0 0 67472 1 
0 -40.0798 22.6882 29.6877 1 0 0 67472 1 
0 -40.0798 4.81181 29.5435 1 0 0 67472 1 
0 -40.0798 -13.1576 29.8344 1 0 0 67472 1 
0 -40.0798 -19.0003 39.7327 1 0 0 67472 1 
0 -40.0798 13.9985 38.3681 1 0 0 67472 1 
0 -40.0798 -32.0281 33.1748 1 0 0 67472 1 
0 -40.0798 11.7528 40.644 1 0 0 67472 1 
0 -40.0798 40.0615 31.7518 1 0 0 67472 1 
0 -40.0798 -27.4428 32.256 1 0 0 67472 1 
0 -40.0798 29.9119 41.1793 1 0 0 67472 1 
0 -40.0798 -31.9614 31.7092 1 0 0 67472 1 
0 -40.0798 -22.716 33.1073 1 0 0 67472 1 
0 -40.0798 31.5561 40.2395 1 0 0 67472 1 
0 -40.0798 11.1873 41.3649 1 0 0 67472 1 
0 -40.0798 -23.7306 37.292 1 0 0 67472 1 
0 -40.0798 12.7348 33.4885 1 0 0 67472 1 
0 -40.0798 35.7563 38.0077 1 0 0 67472 1 
0 -40.0798 16.2038 36.8065 1 0 0 67472 1 
0 -40.0798 41.3046 42.7821 1 0 0 67472 1 
0 -40.0798 -4.93387 41.6065 1 0 0 67472 1 
0 -40.0798 -27.076 37.5196 1 0 0 67472 1 
0 -40.0798 -46.632 40.8172 1 0 0 67472 1 
0 -40.0798 -26.1192 36.3003 1 0 0 67472 1 
0 -40.0798 12.7937 39.7799 1 0 0 67472 1 
0 -45.4495 47.8798 43.2016 0 0 1 2435 1 
0 -46.4697 38.4109 43.2016 0 0 1 2435 1 
0 -42.3408 -3.93533 43.2016 0 0 1 2435 1 
0 -44.9248 44.9573 43.2016 0 0 1 2435 1 
0 -47.9921 -46.6183 43.2016 0 0 1 2435 1 
0 -40.1939 -36.9899 43.2016 0 0 1 2435 1 
0 -50.6762 -28.1209 43.2016 0 0 1 2435 1 
0 -46.61 31.2363 43.2016 0 0 1 2435 1 
0 -48.154 26.7978 43.2016 0 0 1 2435 1 
0 -40.11 37.8587 43.2016 0 0 1 2435 1 
0 -49.4271 44.1078 43.2016 0 0 1 2435 1 
0 -42.1407 10.5344 43.2016 0 0 1 2435 1 
0 -46.1437 -22.0011 43.2016 0 0 1 2435 1 
0 -48.2996 -13.6186 43.2016 0 0 1 2435 1 
0 -50.636 8.79419 43.2016 0 0 1 2435 1 
0 -43.6368 -27.3524 43.2016 0 0 1 2435 1 
0 -45.3438 -1.8521 43.2016 0 0 1 2435 1 
0 -42.7277 38.6731 43.2016 0 0 1 2435 1 
0 -44.4455 -46.6913 43.2016 0 0 1 2435 1 
0 -42.7206 14.157 43.2016 0 0 1 2435 1 
0 -51.2388 -7.24164 43.2016 0 0 1 2435 1 
0 -49.1888 -48.448 43.2016 0 0 1 2435 1 
0 -42.837 -1.52007 43.2016 0 0 1 2435 1 
0 -48.7495 10.1748 43.2016 0 0 1 2435 1 
0 -43.36 16.4809 43.2016 0 0 1 2435 1 
0 -43.4907 -9.51016 43.2016 0 0 1 2435 1 
0 -44.9892 -34.3864 43.2016 0 0 1 2435 1 
0 -48.0654 41.275 43.2016 0 0 1 2435 1 
0 -43.6263 6.09336 43.2016 0 0 1 2435 1 
0 -47.0256 1.19725 43.2016 0 0 1 2435 1 
0 -42.1979 7.56938 43.2016 0 0 1 2435 1 
0 -46.085 10.134 43.2016 0 0 1 2435 1 
0 -43.1539 23.4122 43.2016 0 0 1 2435 1 
0 -50.1725 -7.8217 43.2016 0 0 1 2435 1 
0 -45.2179 36.2837 43.2016 0 0 1 2435 1 
0 -45.7994 13.8148 43.2016 0 0 1 2435 1 
0 -42.0347 -34.6204 43.2016 0 0 1 2435 1 
0 -51.7136 33.0423 20.0055 -1 0 0 67464 1 
0 -51.7136 14.738 10.2684 -1 0 0 67464 1 
0 -51.7136 -34.6231 5.2317 -1 0 0 67464 1 
0 -51.7136 -14.0888 11.6237 -1 0 0 67464 1 
0 -51.7136 -40.7954 29.5355 -1 0 0 67464 1 
0 -51.7136 -15.8728 15.0892 -1 0 0 67464 1 
0 -51.7136 -23.0446 36.6396 -1 0 0 67464 1 
0 -51.7136 18.8641 16.0728 -1 0 0 67464 1 
0 -51.7136 -4.88923 32.6511 -1 0 0 67464 1 
0 -51.7136 38.0655 16.3463 -1 0 0 67464 1 
0 -51.7136 -13.7845 12.8161 -1 0 0 67464 1 
0 -51.7136 -34.7027 20.077 -1 0 0 67464 1 
0 -51.7136 0.212924 42.3786 -1 0 0 67464 1 
0 -51.7136 7.07577 24.2243 -1 0 0 67464 1 
0 -51.7136 -36.4603 26.6188 -1 0 0 67464 1 
0 -51.7136 32.2619 36.7812 -1 0 0 67464 1 
0 -51.7136 36.1377 25.3474 -1 0 0 67464 1 
0 -51.7136 47.2766 34.9536 -1 0 0 67464 1 
0 -51.7136 7.88319 37.6976 -1 0 0 67464 1 
0 -51.7136 31.9513 34.261 -1 0 0 67464 1 
0 -51.7136 32.3152 36.4793 -1 0 0 67464 1 
0 -51.7136 -24.6786 37.3013 -1 0 0 67464 1 
0 -51.7136 -21.7877 23.7078 -1 0 0 67464 1 
0 -51.7136 -13.9793 34.074 -1 0 0 67464 1 
0 -51.7136 22.3767 31.959 -1 0 0 67464 1 
0 -51.7136 -38.1034 36.3986 -1 0 0 67464 1 
0 -51.7136 -4.8814 0.0508922 -1 0 0 67464 1 
0 -51.7136 12.4953 15.7637 -1 0 0 67464 1 
0 -51.7136 24.8847 32.4794 -1 0 0 67464 1 
0 -51.7136 -42.0954 3.86833 -1 0 0 67464 1 
0 -51.7136 -41.2289 42.7055 -1 0 0 67464 1 
0 -51.7136 -30.2407 10.0737 -1 0 0 67464 1 
0 -51.7136 -7.00335 17.4618 -1 0 0 67464 1 
0 -51.7136 -39.6088 41.2474 -1 0 0 67464 1 
0 -51.7136 48.1724 12.084 -1 0 0 67464 1 
0 -51.7136 -8.86232 35.2812 -1 0 0 67464 1 
0 -51.7136 17.7679 39.7652 -1 0 0 67464 1 
0 50.472 -39.0839 43.2016 0 0 1 6473 1 
0 49.9929 -41.2972 43.2016 0 0 1 6473 1 
0 45.9852 17.9955 43.2016 0 0 1 6473 1 
0 48.6911 0.0771991 43.2016 0 0 1 6473 1 
0 47.2703 -29.0529 43.2016 0 0 1 6473 1 
0 50.5792 44.5502 43.2016 0 0 1 6473 1 
0 48.9724 33.783 43.2016 0 0 1 6473 1 
0 44.8906 24.1585 43.2016 0 0 1 6473 1 
0 51.4069 10.0752 43.2016 0 0 1 6473 1 
0 48.7613 -5.80833 43.2016 0 0 1 6473 1 
0 51.6449 -22.5413 43.2016 0 0 1 6473 1 
0 46.8462 16.7783 43.2016 0 0 1 6473 1 
0 43.4676 29.3847 43.2016 0 0 1 6473 1 
0 50.7083 4.30015 43.2016 0 0 1 6473 1 
0 45.3428 4.38377 43.2016 0 0 1 6473 1 
0 51.3665 -21.7645 43.2016 0 0 1 6473 1 
0 44.796 44.1866 43.2016 0 0 1 6473 1 
0 44.8128 47.8053 43.2016 0 0 1 6473 1 
0 51.293 -19.114 43.2016 0 0 1 6473 1 
0 48.7856 -23.4551 43.2016 0 0 1 6473 1 
0 49.4817 35.6961 43.2016 0 0 1 6473 1 
0 45.6817 -18.5231 43.2016 0 0 1 6473 1 
0 45.8252 -35.5756 43.2016 0 0 1 6473 1 
0 42.7469 21.5216 43.2016 0 0 1 6473 1 
0 48.2015 -24.6175 43.2016 0 0 1 6473 1 
0 44.7662 -8.64771 43.2016 0 0 1 6473 1 
0 49.3387 31.3469 43.2016 0 0 1 6473 1 
0 51.3414 -47.9665 43.2016 0 0 1 6473 1 
0 50.2348 -7.67487 43.2016 0 0 1 6473 1 
0 45.4714 4.34815 43.2016 0 0 1 6473 1 
0 49.7366 -38.456 43.2016 0 0 1 6473 1 
0 47.8114 -33.5442 43.2016 0 0 1 6473 1 
0 46.7566 -2.43872 43.2016 0 0 1 6473 1 
0 51.2669 49.0042 43.2016 0 0 1 6473 1 
0 42.6686 47.8923 43.2016 0 0 1 6473 1 
0 44.5816 -34.9635 43.2016 0 0 1 6473 1 
0 42.9369 -35.5179 43.2016 0 0 1 6473 1 
0 6.4647 -20.7079 30.9662 1 0 0 67476 1 
0 6.4647 -10.1302 39.6284 1 0 0 67476 1 
0 6.4647 -13.7516 33.315 1 0 0 67476 1 
0 6.4647 -23.6672 28.7503 1 0 0 67476 1 
0 6.4647 48.714 42.6363 1 0 0 67476 1 
0 6.4647 15.7647 30.8117 1 0 0 67476 1 
0 6.4647 27.0304 37.8844 1 0 0 67476 1 
0 6.4647 42.0368 29.6121 1 0 0 67476 1 
0 6.4647 -17.1669 29.2933 1 0 0 67476 1 
0 6.4647 17.0421 35.832 1 0 0 67476 1 
0 6.4647 -39.7381 33.6119 1 0 0 67476 1 
0 6.4647 9.22932 40.8779 1 0 0 67476 1 
0 6.4647 -20.0864 38.5814 1 0 0 67476 1 
0 6.4647 49.1231 30.2219 1 0 0 67476 1 
0 6.4647 -47.3568 42.2885 1 0 0 67476 1 
0 6.4647 -48.9826 32.6666 1 0 0 67476 1 
0 6.4647 24.0395 34.7335 1 0 0 67476 1 
0 6.4647 -25.0323 38.4826 1 0 0 67476 1 
0 6.4647 22.4444 40.8936 1 0 0 67476 1 
0 6.4647 -5.44589 29.198 1 0 0 67476 1 
0 6.4647 5.78456 28.4891 1 0 0 67476 1 
0 6.4647 39.0315 34.6649 1 0 0 67476 1 
0 6.4647 -21.0747 31.9395 1 0 0 67476 1 
0 6.4647 -21.2079 41.5756 1 0 0 67476 1 
0 6.4647 -20.3271 39.5574 1 0 0 67476 1 
0 6.4647 -18.9184 32.7967 1 0 0 67476 1 
0 6.4647 -0.0997895 31.4821 1 0 0 67476 1 
0 6.4647 5.09701 34.3194 1 0 0 67476 1 
0 6.4647 -13.6978 38.9822 1 0 0 67476 1 
0 6.4647 -49.1706 39.4963 1 0 0 67476 1 
0 6.4647 -10.0439 38.0281 1 0 0 67476 1 
0 6.4647 -9.44239 29.4376 1 0 0 67476 1 
0 6.4647 48.8727 38.8633 1 0 0 67476 1 
0 6.4647 16.7156 29.8861 1 0 0 67476 1 
0 6.4647 -32.0156 39.5319 1 0 0 67476 1 
0 6.4647 -18.2613 38.4163 1 0 0 67476 1 
0 6.4647 31.8165 33.6092 1 0 0 67476 1 
0 5.82273 12.0917 43.2016 0 0 1 6477 1 
0 0.278112 -9.22477 43.2016 0 0 1 6477 1 
0 4.8462 3.73585 43.2016 0 0 1 6477 1 
0 5.75464 -40.7001 43.2016 0 0 1 6477 1 
0 -0.927114 -46.3727 43.2016 0 0 1 6477 1 
0 -1.2845 21.94 43.2016 0 0 1 6477 1 
0 4.82449 22.1201 43.2016 0 0 1 6477 1 
0 5.02503 -18.0441 43.2016 0 0 1 6477 1 
0 5.53185 1.21674 43.2016 0 0 1 6477 1 
0 -0.100771 36.4 43.2016 0 0 1 6477 1 
0 0.107878 35.9656 43.2016 0 0 1 6477 1 
0 0.739788 -2.11362 43.2016 0 0 1 6477 1 
0 5.35925 -35.8553 43.2016 0 0 1 6477 1 
0 1.06604 -45.3048 43.2016 0 0 1 6477 1 
0 3.30543 -44.0559 43.2016 0 0 1 6477 1 
0 4.34014 13.7528 43.2016 0 0 1 6477 1 
0 0.898025 -23.7657 43.2016 0 0 1 6477 1 
0 1.47522 -5.39415 43.2016 0 0 1 6477 1 
0 6.31416 36.5942 43.2016 0 0 1 6477 1 
0 2.85408 -12.0433 43.2016 0 0 1 6477 1 
0 0.565116 -5.38258 43.2016 0 0 1 6477 1 
0 1.54963 -23.6451 43.2016 0 0 1 6477 1 
0 5.18632 46.5012 43.2016 0 0 1 6477 1 
0 2.93694 13.2152 43.2016 0 0 1 6477 1 
0 3.17867 -21.81 43.2016 0 0 1 6477 1 
0 -1.82218 -33.3499 43.2016 0 0 1 6477 1 
0 -2.12971 -19.6747 43.2016 0 0 1 6477 1 
0 -1.86614 15.7043 43.2016 0 0 1 6477 1 
0 5.84881 20.5812 43.2016 0 0 1 6477 1 
0 -0.262891 -10.7459 43.2016 0 0 1 6477 1 
0 3.64777 -42.7672 43.2016 0 0 1 6477 1 
0 -0.869075 -2.29425 43.2016 0 0 1 6477 1 
0 -2.01453 -12.8533 43.2016 0 0 1 6477 1 
0 2.15373 -3.3049 43.2016 0 0 1 6477 1 
0 5.6448 15.3097 43.2016 0 0 1 6477 1 
0 1.43376 16.2298 43.2016 0 0 1 6477 1 
0 3.40833 10.7432 43.2016 0 0 1 6477 1 
0 50.0644 3.51879 18.7684 0 -0.77899 0.627036 68085 2 
0 19.0623 3.36519 24.6141 0 -0.744985 -0.667081 68085 2 
0 38.6177 2.52216 25.3482 0 -0.558356 -0.829601 68085 2 
0 -7.11198 1.87655 17.4919 0 -0.41543 0.909625 68085 2 
0 22.6206 1.41155 25.8917 0 -0.312489 -0.949921 68085 2 
0 0.155321 3.90961 23.8634 0 -0.86551 -0.500891 68085 2 
0 40.829 3.02382 24.9565 0 -0.669413 -0.74289 68085 2 
0 47.7409 2.38413 17.7641 0 -0.5278 0.849369 68085 2 
0 15.4206 3.58503 24.3489 0 -0.793654 -0.608369 68085 2 
0 13.6724 3.72949 24.1494 0 -0.825635 -0.564204 68085 2 
0 3.35343 4.42799 20.708 0 -0.98027 0.197663 68085 2 
0 24.7296 2.81898 25.1304 0 -0.624067 -0.781371 68085 2 
0 41.5483 3.97488 19.455 0 -0.879959 0.47505 68085 2 
0 3.22635 4.49237 22.073 0 -0.994521 -0.104535 68085 2 
0 30.4909 3.84092 19.2235 0 -0.850304 0.526293 68085 2 
0 45.4393 4.45321 20.8437 0 -0.985853 0.167613 68085 2 
0 50.1591 3.98785 23.7225 0 -0.88283 -0.469693 68085 2 
0 -6.48986 4.37471 22.7261 0 -0.968475 -0.249111 68085 2 
0 39.4323 3.48624 24.4732 0 -0.771785 -0.635883 68085 2 
0 3.65067 3.89267 23.8924 0 -0.86176 -0.507316 68085 2 
0 15.869 3.84697 23.9683 0 -0.851643 -0.524122 68085 2 
0 35.5041 2.0045 17.5528 0 -0.443757 0.896147 68085 2 
0 20.8184 2.79135 25.1523 0 -0.61795 -0.786218 68085 2 
0 21.461 4.3668 20.4452 0 -0.966722 0.255828 68085 2 
0 19.1409 3.79707 19.1541 0 -0.840596 0.541662 68085 2 
0 -7.02906 4.064 19.6289 0 -0.899688 0.436534 68085 2 
0 48.0101 3.04416 18.2635 0 -0.673917 0.738808 68085 2 
0 3.42783 3.42263 24.5487 0 -0.757702 -0.652601 68085 2 
0 46.293 3.90021 23.8796 0 -0.863428 -0.504471 68085 2 
0 3.92117 0.180203 17.0873 0 -0.0398933 0.999204 68085 2 
0 27.4326 4.4744 22.2206 0 -0.990544 -0.137197 68085 2 
0 18.8588 4.48133 22.1683 0 -0.992078 -0.12562 68085 2 
0 6.82895 3.94647 23.7985 0 -0.873671 -0.486517 68085 2 
0 7.33575 3.8612 23.9451 0 -0.854793 -0.518969 68085 2 
0 17.4536 3.19306 18.4057 0 -0.70688 0.707334 68085 2 
0 9.90932 3.36299 24.6166 0 -0.744499 -0.667623 68085 2 
0 28.7662 1.06783 25.9899 0 -0.236397 -0.971656 68085 2 
0 13.8479 -3.44329 18.6771 0 0.762275 0.647253 68091 2 
0 -9.11073 4.29251 20.1942 0 -0.950277 0.311405 68091 2 
0 7.72669 -4.18105 19.8911 0 0.925601 0.378501 68091 2 
0 13.2101 -2.27692 25.5021 0 0.504066 -0.863665 68091 2 
0 47.7996 4.10058 19.7062 0 -0.907788 0.419429 68091 2 
0 38.9828 1.45549 17.3246 0 -0.322217 0.946666 68091 2 
0 39.7601 -1.48048 25.8684 0 0.327748 -0.944765 68091 2 
0 9.48258 1.1533 17.2334 0 -0.255318 0.966857 68091 2 
0 -0.30068 -3.3521 24.6287 0 0.742087 -0.670303 68091 2 
0 6.49967 -0.985002 26.0092 0 0.21806 -0.975935 68091 2 
0 27.6935 -4.42054 22.5299 0 0.978619 -0.205682 68091 2 
0 21.8881 -2.66133 17.9509 0 0.589165 0.808013 68091 2 
0 13.9568 -3.94369 19.3982 0 0.873055 0.487622 68091 2 
0 2.50506 -3.57112 24.3669 0 0.790576 -0.612364 68091 2 
0 45.7233 -4.04591 19.5921 0 0.895683 0.444693 68091 2 
0 -2.52154 4.50214 21.9684 0 -0.996683 -0.0813764 68091 2 
0 -8.34079 -3.20785 18.4206 0 0.710154 0.704046 68091 2 
0 13.1702 4.51474 21.7474 0 -0.999473 -0.0324486 68091 2 
0 17.6329 -4.27621 20.1454 0 0.946669 0.322208 68091 2 
0 32.4516 -3.52318 18.7739 0 0.779963 0.625826 68091 2 
0 -6.11185 -3.69006 18.9955 0 0.816905 0.576772 68091 2 
0 7.88868 -1.91468 25.6921 0 0.423871 -0.905722 68091 2 
0 -0.197561 -4.50683 21.2962 0 0.997724 0.0674365 68091 2 
0 16.0197 -3.72895 19.0515 0 0.825516 0.564378 68091 2 
0 18.1488 -4.39288 20.5487 0 0.972496 0.232921 68091 2 
0 49.1628 -4.08142 19.6653 0 0.903544 0.428494 68091 2 
0 9.29169 3.28903 24.697 0 -0.728127 -0.685443 68091 2 
0 -1.00465 -4.1349 23.4193 0 0.915386 -0.402578 68091 2 
0 25.7313 -4.134 19.7803 0 0.915185 0.403034 68091 2 
0 36.2618 -3.68921 18.9943 0 0.816717 0.577038 68091 2 
0 46.3946 -3.33111 18.5499 0 0.737443 0.67541 68091 2 
0 12.1624 1.63486 25.8117 0 -0.361926 -0.932207 68091 2 
0 -0.790696 -3.33024 24.6527 0 0.737248 -0.675622 68091 2 
0 9.87809 -3.87329 19.2766 0 0.857469 0.514536 68091 2 
0 0.989514 -0.527419 26.087 0 0.11676 -0.99316 68091 2 
0 37.7706 -4.11603 23.4616 0 0.911208 -0.411947 68091 2 
0 32.8625 -3.9006 23.8789 0 0.863515 -0.504322 68091 2 
0 -28.0131 -0.930443 12.9386 0 0 1 67964 1 
0 -22.6565 0.817491 12.9386 0 0 1 67964 1 
0 -22.8686 -0.251091 12.9386 0 0 1 67964 1 
0 -23.5729 34.4908 12.9386 0 0 1 67964 1 
0 -25.3441 7.94559 12.9386 0 0 1 67964 1 
0 -18.7464 -37.313 12.9386 0 0 1 67964 1 
0 -17.8682 28.3191 12.9386 0 0 1 67964 1 
0 -26.5861 5.78893 12.9386 0 0 1 67964 1 
0 -29.9937 40.4652 12.9386 0 0 1 67964 1 
0 -19.6894 26.5245 12.9386 0 0 1 67964 1 
0 -16.4941 -19.2149 12.9386 0 0 1 67964 1 
0 -17.4715 39.9437 12.9386 0 0 1 67964 1 
0 -16.8824 -0.00223171 12.9386 0 0 1 67964 1 
0 -20.1126 26.1874 12.9386 0 0 1 67964 1 
0 -24.6719 -48.7723 12.9386 0 0 1 67964 1 
0 -16.2171 24.5739 12.9386 0 0 1 67964 1 
0 -16.029 -40.0791 12.9386 0 0 1 67964 1 
0 -23.5234 18.1267 12.9386 0 0 1 67964 1 
0 -28.0041 -25.5616 12.9386 0 0 1 67964 1 
0 -12.2158 38.4793 12.9386 0 0 1 67964 1 
0 -24.7211 14.3478 12.9386 0 0 1 67964 1 
0 -20.318 14.9181 12.9386 0 0 1 67964 1 
0 -20.4881 2.35938 12.9386 0 0 1 67964 1 
0 -14.8597 -11.2086 12.9386 0 0 1 67964 1 
0 -13.711 30.2229 12.9386 0 0 1 67964 1 
0 -19.3865 -12.9161 12.9386 0 0 1 67964 1 
0 -31.8587 -32.2528 12.9386 0 0 1 67964 1 
0 -29.4845 -15.3025 12.9386 0 0 1 67964 1 
0 -27.1076 -48.0541 12.9386 0 0 1 67964 1 
0 -13.3337 33.039 12.9386 0 0 1 67964 1 
0 -21.7091 35.0151 12.9386 0 0 1 67964 1 
0 -31.0132 -37.124 12.9386 0 0 1 67964 1 
0 -24.6395 -11.0038 12.9386 0 0 1 67964 1 
0 -15.5565 0.50997 12.9386 0 0 1 67964 1 
0 -22.8314 12.6903 12.9386 0 0 1 67964 1 
0 -32.1442 13.912 12.9386 0 0 1 67964 1 
0 -13.6343 -8.62102 12.9386 0 0 1 67964 1 
0 -51.0193 49.2485 31.9033 0 1 0 68081 1 
0 45.9599 49.2485 22.8209 0 1 0 68081 1 
0 -45.8319 49.2485 1.28804 0 1 0 68081 1 
0 -35.3605 49.2485 28.2678 0 1 0 68081 1 
0 6.84719 49.2485 5.71021 0 1 0 68081 1 
0 4.37272 49.2485 16.526 0 1 0 68081 1 
0 1.69262 49.2485 14.3757 0 1 0 68081 1 
0 21.4759 49.2485 12.1752 0 1 0 68081 1 
0 51.3865 49.2485 24.0094 0 1 0 68081 1 
0 -0.912168 49.2485 20.4045 0 1 0 68081 1 
0 -50.093 49.2485 13.292 0 1 0 68081 1 
0 -40.863 49.2485 4.98339 0 1 0 68081 1 
0 -9.44183 49.2485 12.8804 0 1 0 68081 1 
0 49.458 49.2485 34.7976 0 1 0 68081 1 
0 14.2421 49.2485 16.5404 0 1 0 68081 1 
0 2.7788 49.2485 33.0319 0 1 0 68081 1 
0 -12.1381 49.2485 8.15004 0 1 0 68081 1 
0 8.03528 49.2485 21.5879 0 1 0 68081 1 
0 37.5053 49.2485 1.22185 0 1 0 68081 1 
0 -40.1748 49.2485 22.5688 0 1 0 68081 1 
0 -14.6353 49.2485 3.46339 0 1 0 68081 1 
0 15.2904 49.2485 19.0184 0 1 0 68081 1 
0 -35.3133 49.2485 20.6737 0 1 0 68081 1 
0 30.8386 49.2485 16.4844 0 1 0 68081 1 
0 51.3982 49.2485 1.40318 0 1 0 68081 1 
0 -45.4801 49.2485 27.7364 0 1 0 68081 1 
0 11.5903 49.2485 4.0654 0 1 0 68081 1 
0 41.8588 49.2485 17.1482 0 1 0 68081 1 
0 25.5523 49.2485 7.73288 0 1 0 68081 1 
0 42.8858 49.2485 22.2685 0 1 0 68081 1 
0 -20.7718 49.2485 10.3618 0 1 0 68081 1 
0 -14.4323 49.2485 2.91624 0 1 0 68081 1 
0 22.3441 49.2485 23.3793 0 1 0 68081 1 
0 -39.3577 49.2485 5.30008 0 1 0 68081 1 
0 30.8057 49.2485 3.62328 0 1 0 68081 1 
0 3.66504 49.2485 38.3091 0 1 0 68081 1 
0 -47.9398 49.2485 38.1283 0 1 0 68081 1 
