0 23.3211 6.75739 49.2836 0 -1 0 44722 1 
0 14.5978 6.75739 49.1575 0 -1 0 44722 1 
0 36.5255 6.75739 51.1095 0 -1 0 44722 1 
0 12.3095 6.75739 47.4631 0 -1 0 44722 1 
0 9.25583 6.75739 50.2199 0 -1 0 44722 1 
0 32.654 6.75739 50.2377 0 -1 0 44722 1 
0 -7.20385 6.75739 51.7644 0 -1 0 44722 1 
0 5.48366 6.75739 51.7105 0 -1 0 44722 1 
0 -21.2386 6.75739 49.6241 0 -1 0 44722 1 
0 11.7141 6.75739 50.965 0 -1 0 44722 1 
0 4.72332 6.75739 49.5538 0 -1 0 44722 1 
0 35.4229 6.75739 51.3976 0 -1 0 44722 1 
0 -26.5168 6.75739 49.7867 0 -1 0 44722 1 
0 -28.579 6.75739 51.9108 0 -1 0 44722 1 
0 -31.2233 6.75739 49.4007 0 -1 0 44722 1 
0 -12.3456 6.75739 49.5569 0 -1 0 44722 1 
0 -28.555 6.75739 48.2924 0 -1 0 44722 1 
0 35.0216 6.75739 49.7429 0 -1 0 44722 1 
0 -29.5804 6.75739 50.1043 0 -1 0 44722 1 
0 -5.80092 6.75739 50.738 0 -1 0 44722 1 
0 -8.53389 6.75739 49.3329 0 -1 0 44722 1 
0 -22.1499 6.75739 51.4468 0 -1 0 44722 1 
0 -25.0531 6.75739 50.8768 0 -1 0 44722 1 
0 -2.20049 6.75739 50.0213 0 -1 0 44722 1 
0 29.4605 6.75739 49.2959 0 -1 0 44722 1 
0 24.7793 6.75739 51.4138 0 -1 0 44722 1 
0 -1.39595 6.75739 51.0017 0 -1 0 44722 1 
0 38.6677 19.5849 40.8793 1 0 0 44891 1 
0 38.6677 25.9841 31.0598 1 0 0 44891 1 
0 38.6677 4.99393 18.5337 1 0 0 44891 1 
0 38.6677 21.8761 17.7333 1 0 0 44891 1 
0 38.6677 -6.15069 28.1319 1 0 0 44891 1 
0 38.6677 30.2722 18.8837 1 0 0 44891 1 
0 38.6677 -4.26086 20.5556 1 0 0 44891 1 
0 38.6677 -21.0017 16.3162 1 0 0 44891 1 
0 38.6677 -32.1043 31.5074 1 0 0 44891 1 
0 38.6677 -32.9483 44.055 1 0 0 44891 1 
0 38.6677 -7.67087 20.1805 1 0 0 44891 1 
0 38.6677 8.97181 17.2419 1 0 0 44891 1 
0 38.6677 20.0632 32.9961 1 0 0 44891 1 
0 38.6677 24.3838 18.2156 1 0 0 44891 1 
0 38.6677 -14.3827 20.9788 1 0 0 44891 1 
0 38.6677 -14.3971 43.0664 1 0 0 44891 1 
0 38.6677 28.1701 40.2982 1 0 0 44891 1 
0 38.6677 4.26105 10.0167 1 0 0 44891 1 
0 38.6677 -24.142 47.4657 1 0 0 44891 1 
0 38.6677 -26.7768 4.58347 1 0 0 44891 1 
0 38.6677 -2.66769 23.3397 1 0 0 44891 1 
0 38.6677 30.5319 23.743 1 0 0 44891 1 
0 38.6677 -11.6576 42.4187 1 0 0 44891 1 
0 38.6677 33.1939 18.427 1 0 0 44891 1 
0 38.6677 -27.7148 11.9103 1 0 0 44891 1 
0 38.6677 -33.9115 39.9258 1 0 0 44891 1 
0 38.6677 -28.5353 28.4093 1 0 0 44891 1 
0 -28.7399 5.75497 0 0 0 -1 627 1 
0 18.393 33.996 0 0 0 -1 627 1 
0 34.0244 4.83153 0 0 0 -1 627 1 
0 -25.0472 11.518 0 0 0 -1 627 1 
0 -10.7363 6.82936 0 0 0 -1 627 1 
0 10.2237 21.1338 0 0 0 -1 627 1 
0 -17.3625 23.5912 0 0 0 -1 627 1 
0 -26.0477 -17.442 0 0 0 -1 627 1 
0 20.542 18.6617 0 0 0 -1 627 1 
0 -37.0039 -24.6405 0 0 0 -1 627 1 
0 -18.1713 -11.6034 0 0 0 -1 627 1 
0 0.709592 -23.6231 0 0 0 -1 627 1 
0 11.5822 21.5864 0 0 0 -1 627 1 
0 21.7208 31.9537 0 0 0 -1 627 1 
0 -20.6717 -14.3004 0 0 0 -1 627 1 
0 -26.5829 13.1778 0 0 0 -1 627 1 
0 30.0532 -31.5615 0 0 0 -1 627 1 
0 27.0604 -2.41218 0 0 0 -1 627 1 
0 30.6498 -9.40191 0 0 0 -1 627 1 
0 -30.792 25.3923 0 0 0 -1 627 1 
0 -9.45481 -16.6863 0 0 0 -1 627 1 
0 36.0653 -5.06241 0 0 0 -1 627 1 
0 -17.6666 -29.9903 0 0 0 -1 627 1 
0 26.9899 4.13536 0 0 0 -1 627 1 
0 -29.3674 -25.4984 0 0 0 -1 627 1 
0 -0.54193 0.632514 0 0 0 -1 627 1 
0 -18.1027 -29.1979 0 0 0 -1 627 1 
0 -27.4439 -19.8421 55.9553 0 1 0 23729 1 
0 -37.2653 -19.8421 56.9467 0 1 0 23729 1 
0 -31.8455 -19.8421 53.4639 0 1 0 23729 1 
0 -21.1655 -19.8421 53.1429 0 1 0 23729 1 
0 -29.1907 -19.8421 55.735 0 1 0 23729 1 
0 -33.1799 -19.8421 54.8174 0 1 0 23729 1 
0 -34.1063 -19.8421 56.1491 0 1 0 23729 1 
0 -35.525 -19.8421 52.8185 0 1 0 23729 1 
0 -37.2591 -19.8421 57.1458 0 1 0 23729 1 
0 -36.7537 -19.8421 53.3008 0 1 0 23729 1 
0 -37.3021 -19.8421 57.1868 0 1 0 23729 1 
0 -28.9434 -19.8421 52.7683 0 1 0 23729 1 
0 -38.6112 -19.8421 56.2308 0 1 0 23729 1 
0 -37.3571 -19.8421 58.4198 0 1 0 23729 1 
0 -29.0071 -19.8421 53.866 0 1 0 23729 1 
0 -26.4661 -19.8421 58.3903 0 1 0 23729 1 
0 -21.8866 -19.8421 56.5305 0 1 0 23729 1 
0 -25.4836 -19.8421 53.6052 0 1 0 23729 1 
0 -36.5952 -19.8421 53.9751 0 1 0 23729 1 
0 -25.6017 -19.8421 53.5249 0 1 0 23729 1 
0 -33.9461 -19.8421 56.0815 0 1 0 23729 1 
0 -21.9182 -19.8421 56.9092 0 1 0 23729 1 
0 -26.1656 -19.8421 52.9832 0 1 0 23729 1 
0 -34.9324 -19.8421 58.2147 0 1 0 23729 1 
0 -30.3085 -19.8421 57.9395 0 1 0 23729 1 
0 -23.0881 -19.8421 56.8469 0 1 0 23729 1 
0 -29.1207 -19.8421 57.5207 0 1 0 23729 1 
0 -20.7515 -18.8101 49.0685 1 0 0 25461 1 
0 -20.7515 -21.7724 54.5293 1 0 0 25461 1 
0 -20.7515 -23.8609 52.6162 1 0 0 25461 1 
0 -20.7515 -30.619 46.4022 1 0 0 25461 1 
0 -20.7515 -24.6675 42.4778 1 0 0 25461 1 
0 -20.7515 -27.2146 44.2444 1 0 0 25461 1 
0 -20.7515 -28.2222 46.1396 1 0 0 25461 1 
0 -20.7515 -21.5421 46.3946 1 0 0 25461 1 
0 -20.7515 -30.985 47.879 1 0 0 25461 1 
0 -20.7515 -29.1842 52.4373 1 0 0 25461 1 
0 -20.7515 -33.2727 41.7808 1 0 0 25461 1 
0 -20.7515 -26.6186 52.4479 1 0 0 25461 1 
0 -20.7515 -20.8761 43.0639 1 0 0 25461 1 
0 -20.7515 -26.0103 47.8741 1 0 0 25461 1 
0 -20.7515 -26.1674 44.1096 1 0 0 25461 1 
0 -20.7515 -17.9152 46.5111 1 0 0 25461 1 
0 -20.7515 -25.6099 42.1909 1 0 0 25461 1 
0 -20.7515 -26.612 43.2624 1 0 0 25461 1 
0 -20.7515 -32.6234 47.4757 1 0 0 25461 1 
0 -20.7515 -27.1751 55.1978 1 0 0 25461 1 
0 -20.7515 -23.2147 48.5558 1 0 0 25461 1 
0 -20.7515 -31.7744 41.267 1 0 0 25461 1 
0 -20.7515 -31.0756 52.4903 1 0 0 25461 1 
0 -20.7515 -27.9835 55.0813 1 0 0 25461 1 
0 -20.7515 -23.0774 47.5346 1 0 0 25461 1 
0 -20.7515 -28.2021 54.6745 1 0 0 25461 1 
0 -20.7515 -32.055 42.0666 1 0 0 25461 1 
0 -19.6247 -13.9265 51.6192 0.0715105 -0.99744 0 25431 3 
0 -20.7055 -14.8063 49.3047 0.962158 -0.272491 0 25431 3 
0 -19.9333 -13.9896 44.6743 0.325773 -0.945448 0 25431 3 
0 -20.7334 -14.9284 40.6231 0.985112 -0.171912 0 25431 3 
0 -20.3908 -14.2737 52.0178 0.702806 -0.711382 0 25431 3 
0 -20.0922 -14.0574 45.9928 0.456739 -0.889601 0 25431 3 
0 -20.6508 -14.6531 40.4757 0.917066 -0.398735 0 25431 3 
0 -20.7389 -14.9625 49.9633 0.989604 -0.143818 0 25431 3 
0 -20.4953 -14.3912 40.44 0.788909 -0.61451 0 25431 3 
0 -20.2906 -14.1851 49.4556 0.620242 -0.78441 0 25431 3 
0 -20.6033 -14.5559 44.7832 0.877894 -0.478855 0 25431 3 
0 -20.3081 -14.1992 49.7395 0.634669 -0.772784 0 25431 3 
0 -20.4881 -14.3821 47.0661 0.782996 -0.622027 0 25431 3 
0 -20.6829 -14.7348 48.274 0.943495 -0.331388 0 25431 3 
0 -20.7305 -14.9121 49.8705 0.982685 -0.185284 0 25431 3 
0 -20.4362 -14.321 48.7274 0.740179 -0.67241 0 25431 3 
0 -19.7552 -13.943 46.6711 0.179014 -0.983847 0 25431 3 
0 -19.5404 -13.9234 51.4562 0 -0.999998 0 25431 3 
0 -20.6825 -14.7337 49.1465 0.943161 -0.332337 0 25431 3 
0 -20.5724 -14.5025 41.8862 0.852426 -0.522848 0 25431 3 
0 -20.1131 -14.0684 51.0669 0.473966 -0.880543 0 25431 3 
0 -20.0153 -14.0213 43.6576 0.393342 -0.919392 0 25431 3 
0 -20.7515 -15.1327 43.607 0.999994 0 0 25431 3 
0 -19.8189 -13.9564 43.0598 0.231554 -0.972822 0 25431 3 
0 -20.1579 -14.0938 46.8856 0.510906 -0.859637 0 25431 3 
0 -19.954 -13.997 45.9265 0.342873 -0.939382 0 25431 3 
0 -19.9027 -13.9796 42.973 0.300575 -0.953758 0 25431 3 
0 -16.4425 -13.9234 48.1503 0 -1 0 25471 1 
0 -18.382 -13.9234 42.1591 0 -1 0 25471 1 
0 -7.73803 -13.9234 47.713 0 -1 0 25471 1 
0 9.25826 -13.9234 45.3989 0 -1 0 25471 1 
0 -2.49641 -13.9234 44.5973 0 -1 0 25471 1 
0 13.9286 -13.9234 42.6451 0 -1 0 25471 1 
0 2.21352 -13.9234 40.9316 0 -1 0 25471 1 
0 -0.927794 -13.9234 49.588 0 -1 0 25471 1 
0 5.7459 -13.9234 50.248 0 -1 0 25471 1 
0 -14.405 -13.9234 45.2708 0 -1 0 25471 1 
0 -4.86504 -13.9234 47.9176 0 -1 0 25471 1 
0 -9.59311 -13.9234 45.547 0 -1 0 25471 1 
0 0.824554 -13.9234 41.5575 0 -1 0 25471 1 
0 7.17447 -13.9234 43.2258 0 -1 0 25471 1 
0 8.23191 -13.9234 47.4116 0 -1 0 25471 1 
0 14.1193 -13.9234 42.7137 0 -1 0 25471 1 
0 11.4709 -13.9234 42.578 0 -1 0 25471 1 
0 15.7027 -13.9234 42.686 0 -1 0 25471 1 
0 9.21942 -13.9234 44.4644 0 -1 0 25471 1 
0 -14.0608 -13.9234 51.8698 0 -1 0 25471 1 
0 2.83866 -13.9234 47.7237 0 -1 0 25471 1 
0 3.9392 -13.9234 47.2057 0 -1 0 25471 1 
0 -13.9669 -13.9234 51.065 0 -1 0 25471 1 
0 14.7633 -13.9234 45.7198 0 -1 0 25471 1 
0 13.5248 -13.9234 51.6247 0 -1 0 25471 1 
0 -0.188506 -13.9234 42.9106 0 -1 0 25471 1 
0 -3.18646 -13.9234 49.2746 0 -1 0 25471 1 
0 20.6125 -14.573 51.2175 -0.885448 -0.464738 0 25257 3 
0 19.6172 -13.926 41.5011 -0.0653649 -0.997861 0 25257 3 
0 20.3436 -14.2295 49.8341 -0.663886 -0.747834 0 25257 3 
0 20.5261 -14.4326 40.4061 -0.81429 -0.580459 0 25257 3 
0 20.6669 -14.6918 41.029 -0.930289 -0.366828 0 25257 3 
0 20.0464 -14.0351 48.3363 -0.418989 -0.907991 0 25257 3 
0 19.6109 -13.9256 51.7962 -0.0601738 -0.998188 0 25257 3 
0 20.5355 -14.4459 43.019 -0.822008 -0.569477 0 25257 3 
0 20.655 -14.6629 47.2351 -0.92052 -0.390696 0 25257 3 
0 20.5521 -14.4705 42.1998 -0.835697 -0.549191 0 25257 3 
0 20.6433 -14.6362 47.0775 -0.910872 -0.41269 0 25257 3 
0 20.7018 -14.7933 42.9055 -0.959068 -0.283175 0 25257 3 
0 19.7993 -13.9519 44.1641 -0.215364 -0.976534 0 25257 3 
0 20.2874 -14.1825 40.6143 -0.617569 -0.786517 0 25257 3 
0 20.0342 -14.0296 43.7596 -0.408953 -0.912556 0 25257 3 
0 19.8548 -13.9655 51.7312 -0.261102 -0.965311 0 25257 3 
0 19.7071 -13.9353 43.6472 -0.139404 -0.990236 0 25257 3 
0 20.5922 -14.536 51.8853 -0.868765 -0.495225 0 25257 3 
0 19.7005 -13.9344 40.3889 -0.133967 -0.990986 0 25257 3 
0 20.0428 -14.0335 41.7137 -0.416049 -0.909342 0 25257 3 
0 19.6664 -13.9303 51.3612 -0.105865 -0.994381 0 25257 3 
0 20.0355 -14.0301 40.7335 -0.410002 -0.912084 0 25257 3 
0 20.7041 -14.8012 47.7189 -0.960954 -0.276709 0 25257 3 
0 20.5991 -14.5483 40.7808 -0.87444 -0.485134 0 25257 3 
0 20.7116 -14.8286 43.6844 -0.967164 -0.254155 0 25257 3 
0 19.7478 -13.9417 42.5535 -0.172903 -0.984939 0 25257 3 
0 19.6922 -13.9333 42.46 -0.127123 -0.991887 0 25257 3 
0 20.7515 -20.7334 44.73 -1 0 0 25295 1 
0 20.7515 -16.8091 46.575 -1 0 0 25295 1 
0 20.7515 -21.7688 44.9723 -1 0 0 25295 1 
0 20.7515 -25.5606 43.5647 -1 0 0 25295 1 
0 20.7515 -28.3594 43.4718 -1 0 0 25295 1 
0 20.7515 -32.1568 44 -1 0 0 25295 1 
0 20.7515 -26.99 48.7327 -1 0 0 25295 1 
0 20.7515 -19.7476 40.7558 -1 0 0 25295 1 
0 20.7515 -26.36 42.8119 -1 0 0 25295 1 
0 20.7515 -22.3464 49.8811 -1 0 0 25295 1 
0 20.7515 -31.7122 43.1287 -1 0 0 25295 1 
0 20.7515 -24.7486 54.7153 -1 0 0 25295 1 
0 20.7515 -18.3209 51.5255 -1 0 0 25295 1 
0 20.7515 -31.5283 44.0958 -1 0 0 25295 1 
0 20.7515 -19.7575 47.6257 -1 0 0 25295 1 
0 20.7515 -26.2983 50.0178 -1 0 0 25295 1 
0 20.7515 -20.8695 54.6372 -1 0 0 25295 1 
0 20.7515 -18.6002 43.7572 -1 0 0 25295 1 
0 20.7515 -20.4386 42.1105 -1 0 0 25295 1 
0 20.7515 -26.0471 49.5706 -1 0 0 25295 1 
0 20.7515 -20.9241 51.5774 -1 0 0 25295 1 
0 20.7515 -17.9956 49.1277 -1 0 0 25295 1 
0 20.7515 -32.842 48.7722 -1 0 0 25295 1 
0 20.7515 -20.9522 46.3882 -1 0 0 25295 1 
0 20.7515 -18.3737 44.0558 -1 0 0 25295 1 
0 20.7515 -29.7765 46.0342 -1 0 0 25295 1 
0 20.7515 -22.7118 55.0658 -1 0 0 25295 1 
0 2.01777 2.02252 42.0857 -0.706276 -0.707937 0 44883 2 
0 -2.54784 1.29249 31.9641 0.891813 -0.452405 0 44883 2 
0 2.48578 -1.40815 44.6669 -0.870091 0.492891 0 44883 2 
0 0.861331 2.72399 32.3435 -0.301489 -0.95347 0 44883 2 
0 2.17421 1.85332 40.0218 -0.761033 -0.648713 0 44883 2 
0 2.85634 0.0573123 35.3993 -0.999799 -0.0200609 0 44883 2 
0 -0.202593 2.84973 37.8844 0.0709132 -0.997482 0 44883 2 
0 2.49344 1.39454 38.7902 -0.872772 -0.488129 0 44883 2 
0 1.72438 2.27783 32.3251 -0.603579 -0.797303 0 44883 2 
0 1.1609 2.61042 33.9122 -0.406348 -0.913718 0 44883 2 
0 -0.386126 2.83071 32.7391 0.135155 -0.990824 0 44883 2 
0 1.88646 2.14552 39.5579 -0.660311 -0.750992 0 44883 2 
0 -2.75774 -0.746214 43.5923 0.965286 0.261195 0 44883 2 
0 0.00801192 2.85691 39.4245 0 -0.999996 0 44883 2 
0 2.8567 0.0354022 32.86 -0.999923 -0.0123917 0 44883 2 
0 2.71477 -0.889946 43.189 -0.950244 0.311505 0 44883 2 
0 2.67875 -0.993122 33.3964 -0.937636 0.34762 0 44883 2 
0 2.43985 -1.48631 45.1167 -0.854014 0.520251 0 44883 2 
0 2.8518 0.171024 43.9549 -0.998207 -0.0598632 0 44883 2 
0 2.76238 -0.728881 34.3944 -0.966907 0.255128 0 44883 2 
0 1.65325 2.32997 36.5491 -0.578681 -0.815554 0 44883 2 
0 1.5133 2.4232 32.134 -0.529696 -0.848188 0 44883 2 
0 1.68691 2.30571 45.2495 -0.590466 -0.807063 0 44883 2 
0 1.67473 2.31458 42.3353 -0.586202 -0.810165 0 44883 2 
0 -2.18973 -1.83496 46.9488 0.766464 0.642288 0 44883 2 
0 -1.7029 2.29393 38.6822 0.596061 -0.802939 0 44883 2 
0 -1.79536 2.22231 35.3387 0.628425 -0.77787 0 44883 2 
0 -1.3463 2.51982 39.0917 0.471241 -0.882005 0 44879 2 
0 -0.3923 -2.82986 39.2735 0.137316 0.990527 0 44879 2 
0 -1.89405 -2.13882 41.2027 0.662971 0.748645 0 44879 2 
0 -2.79757 -0.579319 35.5735 0.979225 0.202777 0 44879 2 
0 -0.268175 2.84431 33.6725 0.0938687 -0.995585 0 44879 2 
0 -2.07934 1.95917 38.0018 0.727824 -0.685764 0 44879 2 
0 -2.51082 -1.363 39.3871 0.878856 0.477086 0 44879 2 
0 -1.32347 2.53188 43.4788 0.463252 -0.886227 0 44879 2 
0 -2.64653 -1.07603 42.174 0.926359 0.376641 0 44879 2 
0 -2.1589 1.87113 45.1949 0.755674 -0.654948 0 44879 2 
0 -0.24642 -2.84627 33.4865 0.0862537 0.996273 0 44879 2 
0 -2.58053 -1.22592 37.0005 0.903255 0.429105 0 44879 2 
0 -2.53055 -1.32602 38.4493 0.88576 0.464144 0 44879 2 
0 -2.63944 1.09333 42.236 0.923875 -0.382695 0 44879 2 
0 -2.29336 -1.70367 45.3579 0.802739 0.596331 0 44879 2 
0 -2.83039 -0.388433 38.2039 0.990714 0.135962 0 44879 2 
0 -0.287531 2.84241 46.4771 0.100644 -0.994923 0 44879 2 
0 -2.83481 -0.354757 40.0458 0.99226 0.124175 0 44879 2 
0 -2.32385 -1.66183 46.8432 0.813412 0.581688 0 44879 2 
0 -1.48485 2.44074 32.6376 0.519739 -0.854325 0 44879 2 
0 -0.209082 -2.84926 46.1261 0.0731843 0.997318 0 44879 2 
0 -1.79525 2.2224 34.7503 0.628387 -0.777901 0 44879 2 
0 -0.844011 2.7294 40.0074 0.295427 -0.955365 0 44879 2 
0 -2.5407 -1.30645 34.0136 0.889316 0.457293 0 44879 2 
0 -2.43621 -1.49228 32.6883 0.852739 0.522337 0 44879 2 
0 -0.928765 2.70174 33.2072 0.325093 -0.945682 0 44879 2 
0 -2.18422 -1.84152 35.8685 0.764536 0.644581 0 44879 2 
0 22.5996 0.565495 38.1827 0.938118 -0.346316 0 44875 2 
0 22.5173 0.246723 46.2454 0.988519 -0.151096 0 44875 2 
0 25.2539 -1.18596 42.3414 -0.687384 0.726294 0 44875 2 
0 22.5198 0.262612 44.4398 0.986983 -0.160827 0 44875 2 
0 25.1964 1.23782 36.0878 -0.65219 -0.758055 0 44875 2 
0 23.9279 1.62014 44.1308 0.124698 -0.992195 0 44875 2 
0 23.4492 1.48353 41.2383 0.417814 -0.908532 0 44875 2 
0 22.6011 0.569422 35.4144 0.937227 -0.348721 0 44875 2 
0 24.9977 1.38417 38.9024 -0.530509 -0.847679 0 44875 2 
0 25.7542 -0.181814 41.2629 -0.993782 0.111345 0 44875 2 
0 23.2442 -1.37076 35.1712 0.543409 0.839468 0 44875 2 
0 24.1039 1.63266 46.0189 0.0169219 -0.999857 0 44875 2 
0 24.7751 1.5007 36.2221 -0.394157 -0.919043 0 44875 2 
0 22.4989 0.0300179 36.248 0.999831 -0.0183833 0 44875 2 
0 24.9529 1.41121 46.4945 -0.503076 -0.864242 0 44875 2 
0 23.7663 1.59153 45.6133 0.223643 -0.974671 0 44875 2 
0 23.8137 1.60166 42.8806 0.194626 -0.980877 0 44875 2 
0 23.8175 1.60241 45.6947 0.192298 -0.981337 0 44875 2 
0 22.7695 0.900722 46.941 0.8341 -0.551613 0 44875 2 
0 24.0309 1.62979 35.2503 0.0616102 -0.9981 0 44875 2 
0 22.5885 0.534467 35.7262 0.944916 -0.327314 0 44875 2 
0 24.7511 1.51078 41.1662 -0.379437 -0.925218 0 44875 2 
0 23.0991 1.26512 44.0001 0.632239 -0.774773 0 44875 2 
0 22.6029 0.574298 41.4807 0.93611 -0.351707 0 44875 2 
0 25.7639 -0.0391744 35.9824 -0.999712 0.0239908 0 44875 2 
0 24.3318 1.62056 45.4059 -0.122676 -0.992447 0 44875 2 
0 22.5095 0.188775 46.4328 0.993295 -0.115608 0 44875 2 
0 24.1184 -1.63284 37.5011 0 0.999968 0 44871 2 
0 23.2102 -1.34815 36.7109 0.564224 0.825621 0 44871 2 
0 22.5617 -0.449502 40.2674 0.961364 0.27528 0 44871 2 
0 22.5452 -0.387349 38.608 0.971457 0.237217 0 44871 2 
0 22.5687 -0.473267 41.4879 0.957077 0.289834 0 44871 2 
0 25.0725 -1.33447 40.0346 -0.576293 0.817243 0 44871 2 
0 25.6626 -0.567552 36.9813 -0.937652 0.347575 0 44871 2 
0 24.9972 -1.38448 38.4324 -0.530204 0.84787 0 44871 2 
0 24.8696 -1.45655 39.8602 -0.45202 0.892008 0 44871 2 
0 23.9694 -1.62482 41.3551 0.0992609 0.995061 0 44871 2 
0 24.1671 -1.6325 44.2633 -0.0218337 0.999762 0 44871 2 
0 25.3412 -1.09675 45.2572 -0.740855 0.671665 0 44871 2 
0 22.9382 -1.11461 39.0134 0.730793 0.682599 0 44871 2 
0 22.5649 -0.460553 35.3239 0.9594 0.282048 0 44871 2 
0 25.6201 -0.671024 36.285 -0.911661 0.410943 0 44871 2 
0 25.5798 -0.754044 44.4732 -0.886992 0.461785 0 44871 2 
0 24.6698 -1.54161 45.1717 -0.329668 0.944097 0 44871 2 
0 23.3527 -1.43519 42.0415 0.47696 0.878925 0 44871 2 
0 22.8095 -0.958502 37.7114 0.809589 0.586997 0 44871 2 
0 23.8358 -1.6059 46.4221 0.181066 0.983471 0 44871 2 
0 23.0196 -1.19584 44.8345 0.680934 0.732345 0 44871 2 
0 22.5992 -0.564173 35.4 0.938416 0.345506 0 44871 2 
0 24.3276 -1.62107 36.9276 -0.120106 0.992761 0 44871 2 
0 24.8365 -1.47284 40.8337 -0.431766 0.901986 0 44871 2 
0 23.2525 -1.37613 37.9773 0.538289 0.84276 0 44871 2 
0 22.8462 -1.00716 41.0119 0.787123 0.616796 0 44871 2 
0 25.0387 -1.3577 43.4471 -0.555565 0.831473 0 44871 2 
0 12.5707 -24.0566 32.2872 0 0 1 34596 1 
0 11.6439 -23.8417 32.2872 0 0 1 34596 1 
0 12.0532 -23.7279 32.2872 0 0 1 34596 1 
0 12.3505 -23.958 32.2872 0 0 1 34596 1 
0 11.5678 -23.8134 32.2872 0 0 1 34596 1 
0 12.5654 -24.3029 32.2872 0 0 1 34596 1 
0 12.0944 -24.4964 32.2872 0 0 1 34596 1 
0 11.4254 -23.8853 32.2872 0 0 1 34596 1 
0 11.6502 -23.4753 32.2872 0 0 1 34596 1 
0 12.235 -24.249 32.2872 0 0 1 34596 1 
0 11.386 -24.0978 32.2872 0 0 1 34596 1 
0 11.8904 -23.6359 32.2872 0 0 1 34596 1 
0 11.6563 -23.5171 32.2872 0 0 1 34596 1 
0 12.0709 -24.5134 32.2872 0 0 1 34596 1 
0 12.1502 -23.5002 32.2872 0 0 1 34596 1 
0 12.5854 -23.8798 32.2872 0 0 1 34596 1 
0 11.357 -24.0261 32.2872 0 0 1 34596 1 
0 12.43 -23.704 32.2872 0 0 1 34596 1 
0 12.5604 -24.3324 32.2872 0 0 1 34596 1 
0 11.7188 -24.551 32.2872 0 0 1 34596 1 
0 11.8239 -24.414 32.2872 0 0 1 34596 1 
0 12.0686 -23.4862 32.2872 0 0 1 34596 1 
0 11.4028 -23.9995 32.2872 0 0 1 34596 1 
0 11.8485 -24.2134 32.2872 0 0 1 34596 1 
0 12.3086 -23.4984 32.2872 0 0 1 34596 1 
0 12.1949 -24.2753 32.2872 0 0 1 34596 1 
0 11.5588 -23.6627 32.2872 0 0 1 34596 1 
0 11.6764 -23.3327 34.2411 0.524972 -0.85112 0 34639 2 
0 12.3723 -24.6313 38.3854 -0.417966 0.908462 0 34639 2 
0 11.4885 -24.4231 39.9561 0.779555 0.626334 0 34639 2 
0 12.3214 -24.6524 35.8866 -0.349036 0.937109 0 34639 2 
0 12.4137 -24.6106 34.9231 -0.474114 0.880464 0 34639 2 
0 12.1646 -24.6919 33.4856 -0.136532 0.990636 0 34639 2 
0 12.0554 -24.6988 40.0497 0.0113851 0.999935 0 34639 2 
0 11.3344 -24.0735 35.4651 0.988283 0.152636 0 34639 2 
0 11.3287 -24.0261 34.655 0.996081 0.08845 0 34639 2 
0 12.1329 -24.6956 33.2841 -0.0935585 0.995614 0 34639 2 
0 11.4512 -24.3725 33.6863 0.830005 0.557755 0 34639 2 
0 11.333 -24.0635 39.9894 0.990276 0.139119 0 34639 2 
0 11.3647 -24.1972 39.1583 0.947322 0.320283 0 34639 2 
0 12.2067 -24.6849 38.9557 -0.193662 0.981068 0 34639 2 
0 11.331 -24.0486 39.5135 0.992904 0.118916 0 34639 2 
0 12.2085 -24.6845 39.7576 -0.196037 0.980597 0 34639 2 
0 11.8392 -24.6638 36.5502 0.304368 0.952555 0 34639 2 
0 11.9362 -24.6877 38.1528 0.17295 0.984931 0 34639 2 
0 11.9952 -24.6956 33.5086 0.0929855 0.995667 0 34639 2 
0 11.3526 -24.1581 36.2991 0.963595 0.267367 0 34639 2 
0 12.1854 -24.6888 36.9448 -0.164729 0.986339 0 34639 2 
0 11.7363 -23.2994 32.9456 0.443705 -0.896173 0 34639 2 
0 11.3408 -24.1091 35.5586 0.979597 0.20097 0 34639 2 
0 12.7866 -23.8116 32.3907 -0.979361 -0.202121 0 34639 2 
0 12.5174 -24.543 38.9343 -0.614605 0.788835 0 34639 2 
0 11.3952 -24.2733 34.7322 0.905932 0.423424 0 34639 2 
0 11.8291 -24.6605 38.5546 0.31808 0.948064 0 34639 2 
0 12.6331 -23.4911 39.1113 -0.771306 -0.636464 0 34637 2 
0 12.7784 -23.7761 32.6412 -0.968185 -0.250235 0 34637 2 
0 12.3229 -23.2698 33.8204 -0.351101 -0.936338 0 34637 2 
0 12.6498 -23.5122 39.4248 -0.794051 -0.607852 0 34637 2 
0 11.3561 -23.7515 38.1639 0.958939 -0.283612 0 34637 2 
0 11.326 -23.9437 35.4615 0.999732 -0.0231526 0 34637 2 
0 12.1352 -23.2262 36.5492 -0.0967557 -0.995308 0 34637 2 
0 12.4066 -23.3072 36.0842 -0.464504 -0.885571 0 34637 2 
0 11.5114 -23.4714 33.7984 0.74847 -0.663168 0 34637 2 
0 11.4088 -23.6207 38.9119 0.887489 -0.460829 0 34637 2 
0 12.0738 -23.2229 38.4726 -0.0134942 -0.999909 0 34637 2 
0 12.6744 -23.5462 39.2472 -0.827281 -0.561788 0 34637 2 
0 12.7974 -23.8804 33.9593 -0.994048 -0.108939 0 34637 2 
0 11.4427 -23.5622 32.6043 0.841584 -0.540126 0 34637 2 
0 12.4133 -23.3108 32.4113 -0.473565 -0.880759 0 34637 2 
0 11.497 -23.4881 37.1783 0.768001 -0.640449 0 34637 2 
0 11.3392 -23.8209 34.3805 0.981867 -0.189569 0 34637 2 
0 12.4695 -23.3443 38.6168 -0.549752 -0.835328 0 34637 2 
0 12.047 -23.223 36.6756 0.0227208 -0.999742 0 34637 2 
0 12.7658 -23.733 34.5597 -0.951188 -0.308612 0 34637 2 
0 11.6002 -23.3866 32.3794 0.628163 -0.778081 0 34637 2 
0 11.3597 -23.7396 36.7939 0.954039 -0.299684 0 34637 2 
0 12.3665 -23.2877 35.8622 -0.410155 -0.912016 0 34637 2 
0 12.7526 -23.6957 32.8941 -0.933247 -0.359235 0 34637 2 
0 12.7919 -23.8404 33.7645 -0.986606 -0.163121 0 34637 2 
0 11.3597 -23.7397 36.1527 0.954046 -0.299661 0 34637 2 
0 12.3274 -23.2714 39.2161 -0.357108 -0.934063 0 34637 2 
0 24.2656 0.240097 35.1248 0 0 1 18168 1 
0 25.1203 0.335478 35.1248 0 0 1 18168 1 
0 23.1247 0.596254 35.1248 0 0 1 18168 1 
0 24.3258 1.43665 35.1248 0 0 1 18168 1 
0 24.6175 -0.945778 35.1248 0 0 1 18168 1 
0 25.5874 -0.0803415 35.1248 0 0 1 18168 1 
0 23.7531 -0.64878 35.1248 0 0 1 18168 1 
0 24.87 1.13162 35.1248 0 0 1 18168 1 
0 24.099 -0.0940355 35.1248 0 0 1 18168 1 
0 23.0488 -0.329448 35.1248 0 0 1 18168 1 
0 24.5749 -0.764619 35.1248 0 0 1 18168 1 
0 24.1717 -0.307477 35.1248 0 0 1 18168 1 
0 22.8873 0.670675 35.1248 0 0 1 18168 1 
0 24.2984 0.131261 35.1248 0 0 1 18168 1 
0 23.2857 0.809652 35.1248 0 0 1 18168 1 
0 23.1938 0.391277 35.1248 0 0 1 18168 1 
0 25.0062 -0.562249 35.1248 0 0 1 18168 1 
0 23.5916 -0.440278 35.1248 0 0 1 18168 1 
0 23.2535 0.948975 35.1248 0 0 1 18168 1 
0 24.5047 1.4162 35.1248 0 0 1 18168 1 
0 24.7655 -0.80705 35.1248 0 0 1 18168 1 
0 25.6134 0.305407 35.1248 0 0 1 18168 1 
0 24.1004 -0.693879 35.1248 0 0 1 18168 1 
0 23.7932 0.459774 35.1248 0 0 1 18168 1 
0 23.4168 0.00933793 35.1248 0 0 1 18168 1 
0 24.8556 1.28333 35.1248 0 0 1 18168 1 
0 22.9733 0.141302 35.1248 0 0 1 18168 1 
0 1.59966 -0.990379 30.8608 0 0 1 14064 1 
0 1.09596 -1.37628 30.8608 0 0 1 14064 1 
0 0.77293 -1.97814 30.8608 0 0 1 14064 1 
0 0.32504 -0.627848 30.8608 0 0 1 14064 1 
0 2.63755 -0.132963 30.8608 0 0 1 14064 1 
0 1.54429 -0.591751 30.8608 0 0 1 14064 1 
0 -1.07835 -2.33274 30.8608 0 0 1 14064 1 
0 2.48651 -0.495115 30.8608 0 0 1 14064 1 
0 -1.40893 -1.98464 30.8608 0 0 1 14064 1 
0 0.605789 -0.661677 30.8608 0 0 1 14064 1 
0 0.747732 -1.34707 30.8608 0 0 1 14064 1 
0 -0.867072 -1.51079 30.8608 0 0 1 14064 1 
0 0.366019 -1.36547 30.8608 0 0 1 14064 1 
0 1.94736 -0.438648 30.8608 0 0 1 14064 1 
0 -1.41886 -1.91854 30.8608 0 0 1 14064 1 
0 -0.112576 -1.89882 30.8608 0 0 1 14064 1 
0 -0.550983 -0.876285 30.8608 0 0 1 14064 1 
0 0.548593 -2.11782 30.8608 0 0 1 14064 1 
0 1.94104 -1.21458 30.8608 0 0 1 14064 1 
0 -1.25141 -1.58404 30.8608 0 0 1 14064 1 
0 -0.15117 -0.42259 30.8608 0 0 1 14064 1 
0 0.966838 -0.660543 30.8608 0 0 1 14064 1 
0 1.87663 -1.29709 30.8608 0 0 1 14064 1 
0 0.0463845 -0.998662 30.8608 0 0 1 14064 1 
0 -0.628479 -1.57291 30.8608 0 0 1 14064 1 
0 -0.702708 -2.38685 30.8608 0 0 1 14064 1 
0 -0.260787 -2.2194 30.8608 0 0 1 14064 1 
0 -0.80312 -18.3954 40.3344 0 0 1 34648 1 
0 -4.31036 -29.2771 40.3344 0 0 1 34648 1 
0 -16.4881 -25.0588 40.3344 0 0 1 34648 1 
0 -17.6217 -22.1092 40.3344 0 0 1 34648 1 
0 -16.8449 -23.4657 40.3344 0 0 1 34648 1 
0 -5.95016 -30.9351 40.3344 0 0 1 34648 1 
0 -14.9788 -29.3384 40.3344 0 0 1 34648 1 
0 12.0853 -31.9551 40.3344 0 0 1 34648 1 
0 16.4569 -26.5851 40.3344 0 0 1 34648 1 
0 -6.34552 -30.0808 40.3344 0 0 1 34648 1 
0 8.8184 -26.425 40.3344 0 0 1 34648 1 
0 10.4201 -32.6206 40.3344 0 0 1 34648 1 
0 -18.1225 -18.6464 40.3344 0 0 1 34648 1 
0 -5.40498 -20.2036 40.3344 0 0 1 34648 1 
0 1.06929 -32.7831 40.3344 0 0 1 34648 1 
0 -14.0033 -21.8293 40.3344 0 0 1 34648 1 
0 -16.0361 -29.1072 40.3344 0 0 1 34648 1 
0 16.1391 -19.045 40.3344 0 0 1 34648 1 
0 -5.57199 -32.1977 40.3344 0 0 1 34648 1 
0 -1.79334 -17.2203 40.3344 0 0 1 34648 1 
0 -9.24542 -21.9183 40.3344 0 0 1 34648 1 
0 -13.7762 -23.4697 40.3344 0 0 1 34648 1 
0 -11.0757 -24.3847 40.3344 0 0 1 34648 1 
0 17.7023 -18.8929 40.3344 0 0 1 34648 1 
0 16.2626 -19.9849 40.3344 0 0 1 34648 1 
0 12.2248 -31.9268 40.3344 0 0 1 34648 1 
0 -5.7513 -31.2121 40.3344 0 0 1 34648 1 
0 -31.5565 -21.7096 58.6334 0 0 1 23723 1 
0 -36.5087 -23.5763 58.6334 0 0 1 23723 1 
0 -34.5756 -30.0075 58.6334 0 0 1 23723 1 
0 -31.548 -23.5045 58.6334 0 0 1 23723 1 
0 -25.4001 -33.8813 58.6334 0 0 1 23723 1 
0 -33.225 -32.7868 58.6334 0 0 1 23723 1 
0 -30.55 -31.6048 58.6334 0 0 1 23723 1 
0 -38.1189 -26.4389 58.6334 0 0 1 23723 1 
0 -28.1785 -31.706 58.6334 0 0 1 23723 1 
0 -37.7302 -27.719 58.6334 0 0 1 23723 1 
0 -22.0077 -23.4951 58.6334 0 0 1 23723 1 
0 -28.8584 -26.7123 58.6334 0 0 1 23723 1 
0 -26.6774 -27.6455 58.6334 0 0 1 23723 1 
0 -24.4072 -22.694 58.6334 0 0 1 23723 1 
0 -30.643 -28.0495 58.6334 0 0 1 23723 1 
0 -35.9842 -26.6157 58.6334 0 0 1 23723 1 
0 -37.3597 -20.199 58.6334 0 0 1 23723 1 
0 -27.6014 -28.3648 58.6334 0 0 1 23723 1 
0 -37.2024 -29.6787 58.6334 0 0 1 23723 1 
0 -37.4932 -27.7601 58.6334 0 0 1 23723 1 
0 -22.8801 -20.3578 58.6334 0 0 1 23723 1 
0 -27.7983 -20.3074 58.6334 0 0 1 23723 1 
0 -28.3569 -30.6156 58.6334 0 0 1 23723 1 
0 -26.2707 -25.7657 58.6334 0 0 1 23723 1 
0 -25.4622 -31.5423 58.6334 0 0 1 23723 1 
0 -31.727 -22.9618 58.6334 0 0 1 23723 1 
0 -21.6212 -24.8976 58.6334 0 0 1 23723 1 
0 -20.1013 -6.75739 48.5788 0 1 0 44746 1 
0 -21.6053 -6.75739 51.6216 0 1 0 44746 1 
0 -11.6965 -6.75739 47.6513 0 1 0 44746 1 
0 -0.0885969 -6.75739 48.2814 0 1 0 44746 1 
0 22.3463 -6.75739 48.5038 0 1 0 44746 1 
0 -36.4878 -6.75739 52.0706 0 1 0 44746 1 
0 -13.9413 -6.75739 49.6175 0 1 0 44746 1 
0 -11.8148 -6.75739 49.9562 0 1 0 44746 1 
0 -15.1479 -6.75739 50.1017 0 1 0 44746 1 
0 -23.2886 -6.75739 51.7048 0 1 0 44746 1 
0 3.1028 -6.75739 51.86 0 1 0 44746 1 
0 27.2942 -6.75739 48.8524 0 1 0 44746 1 
0 14.3998 -6.75739 48.182 0 1 0 44746 1 
0 22.203 -6.75739 47.1999 0 1 0 44746 1 
0 -18.1098 -6.75739 50.669 0 1 0 44746 1 
0 -35.3544 -6.75739 47.5722 0 1 0 44746 1 
0 -5.48783 -6.75739 50.7809 0 1 0 44746 1 
0 25.0388 -6.75739 51.382 0 1 0 44746 1 
0 22.9471 -6.75739 50.7543 0 1 0 44746 1 
0 -20.0481 -6.75739 47.2257 0 1 0 44746 1 
0 4.02099 -6.75739 48.0194 0 1 0 44746 1 
0 -37.0837 -6.75739 51.0859 0 1 0 44746 1 
0 -13.9938 -6.75739 49.6453 0 1 0 44746 1 
0 8.50376 -6.75739 49.2809 0 1 0 44746 1 
0 -5.71468 -6.75739 47.6277 0 1 0 44746 1 
0 22.4434 -6.75739 51.3206 0 1 0 44746 1 
0 -20.8602 -6.75739 49.6329 0 1 0 44746 1 
0 30.5127 -15.8319 52.0868 0 0 1 44869 1 
0 28.164 -16.7319 52.0868 0 0 1 44869 1 
0 22.4768 -9.47856 52.0868 0 0 1 44869 1 
0 35.7432 -12.4705 52.0868 0 0 1 44869 1 
0 -26.9295 -7.628 52.0868 0 0 1 44869 1 
0 -37.1947 -13.8398 52.0868 0 0 1 44869 1 
0 28.7309 -7.64334 52.0868 0 0 1 44869 1 
0 1.0372 -7.22436 52.0868 0 0 1 44869 1 
0 9.0268 -9.1067 52.0868 0 0 1 44869 1 
0 -4.02816 -9.64867 52.0868 0 0 1 44869 1 
0 -24.3987 -11.7185 52.0868 0 0 1 44869 1 
0 -32.3492 -12.9752 52.0868 0 0 1 44869 1 
0 -23.3568 -16.1361 52.0868 0 0 1 44869 1 
0 -36.6255 -7.24337 52.0868 0 0 1 44869 1 
0 -3.67114 -7.49806 52.0868 0 0 1 44869 1 
0 -23.2606 -15.3517 52.0868 0 0 1 44869 1 
0 35.3885 -14.3022 52.0868 0 0 1 44869 1 
0 -22.3214 -15.31 52.0868 0 0 1 44869 1 
0 36.5672 -15.5524 52.0868 0 0 1 44869 1 
0 -30.4702 -14.1938 52.0868 0 0 1 44869 1 
0 25.3984 -7.75555 52.0868 0 0 1 44869 1 
0 -21.322 -12.6575 52.0868 0 0 1 44869 1 
0 -10.1609 -10.2049 52.0868 0 0 1 44869 1 
0 27.8805 -17.1745 52.0868 0 0 1 44869 1 
0 -25.1787 -15.5112 52.0868 0 0 1 44869 1 
0 35.5143 -8.43001 52.0868 0 0 1 44869 1 
0 -29.7187 -12.3778 52.0868 0 0 1 44869 1 
0 22.2911 -19.8421 58.5898 0 1 0 23725 1 
0 28.6666 -19.8421 54.0776 0 1 0 23725 1 
0 30.3981 -19.8421 56.3432 0 1 0 23725 1 
0 30.1746 -19.8421 58.3366 0 1 0 23725 1 
0 24.4289 -19.8421 55.5521 0 1 0 23725 1 
0 35.0841 -19.8421 56.3516 0 1 0 23725 1 
0 35.7733 -19.8421 57.5094 0 1 0 23725 1 
0 31.6381 -19.8421 52.5151 0 1 0 23725 1 
0 32.2808 -19.8421 54.9287 0 1 0 23725 1 
0 33.0672 -19.8421 57.8531 0 1 0 23725 1 
0 36.6698 -19.8421 56.0667 0 1 0 23725 1 
0 35.3627 -19.8421 56.3092 0 1 0 23725 1 
0 32.7382 -19.8421 54.243 0 1 0 23725 1 
0 30.1716 -19.8421 52.8985 0 1 0 23725 1 
0 34.1956 -19.8421 53.9357 0 1 0 23725 1 
0 38.498 -19.8421 58.0529 0 1 0 23725 1 
0 31.2859 -19.8421 54.7256 0 1 0 23725 1 
0 30.3224 -19.8421 57.3945 0 1 0 23725 1 
0 23.2684 -19.8421 56.9845 0 1 0 23725 1 
0 25.6117 -19.8421 53.6006 0 1 0 23725 1 
0 34.6281 -19.8421 54.4731 0 1 0 23725 1 
0 30.2023 -19.8421 56.2176 0 1 0 23725 1 
0 26.0941 -19.8421 56.04 0 1 0 23725 1 
0 31.55 -19.8421 57.5902 0 1 0 23725 1 
0 30.7779 -19.8421 58.2638 0 1 0 23725 1 
0 35.7068 -19.8421 57.9821 0 1 0 23725 1 
0 33.0116 -19.8421 56.6782 0 1 0 23725 1 
0 24.8913 -32.081 58.6334 0 0 1 23719 1 
0 25.025 -30.0559 58.6334 0 0 1 23719 1 
0 29.4213 -28.5314 58.6334 0 0 1 23719 1 
0 27.3652 -24.3156 58.6334 0 0 1 23719 1 
0 24.7778 -26.8756 58.6334 0 0 1 23719 1 
0 34.4965 -32.9838 58.6334 0 0 1 23719 1 
0 35.1939 -33.5818 58.6334 0 0 1 23719 1 
0 28.1689 -31.6126 58.6334 0 0 1 23719 1 
0 29.6988 -20.3299 58.6334 0 0 1 23719 1 
0 23.1151 -31.8757 58.6334 0 0 1 23719 1 
0 35.632 -26.6277 58.6334 0 0 1 23719 1 
0 22.9329 -30.3514 58.6334 0 0 1 23719 1 
0 31.2385 -27.7954 58.6334 0 0 1 23719 1 
0 34.7699 -24.2304 58.6334 0 0 1 23719 1 
0 28.2965 -26.895 58.6334 0 0 1 23719 1 
0 33.1103 -25.7372 58.6334 0 0 1 23719 1 
0 32.7014 -27.4841 58.6334 0 0 1 23719 1 
0 31.4772 -20.576 58.6334 0 0 1 23719 1 
0 33.8408 -26.2137 58.6334 0 0 1 23719 1 
0 24.6407 -25.0781 58.6334 0 0 1 23719 1 
0 26.3625 -29.3041 58.6334 0 0 1 23719 1 
0 23.1907 -21.3561 58.6334 0 0 1 23719 1 
0 30.3098 -21.552 58.6334 0 0 1 23719 1 
0 36.0583 -26.3859 58.6334 0 0 1 23719 1 
0 27.4941 -30.0117 58.6334 0 0 1 23719 1 
0 32.5093 -33.0359 58.6334 0 0 1 23719 1 
0 33.634 -24.4424 58.6334 0 0 1 23719 1 
0 2.73007 -33.9982 25.2394 0 -1 0 23715 1 
0 -23.0224 -33.9982 7.79589 0 -1 0 23715 1 
0 -4.81119 -33.9982 9.32467 0 -1 0 23715 1 
0 14.3683 -33.9982 8.58422 0 -1 0 23715 1 
0 -9.49366 -33.9982 22.5747 0 -1 0 23715 1 
0 -28.4933 -33.9982 21.7026 0 -1 0 23715 1 
0 -29.2549 -33.9982 17.7834 0 -1 0 23715 1 
0 -23.9566 -33.9982 31.7063 0 -1 0 23715 1 
0 17.3443 -33.9982 15.8323 0 -1 0 23715 1 
0 34.0974 -33.9982 12.9817 0 -1 0 23715 1 
0 9.33381 -33.9982 6.18749 0 -1 0 23715 1 
0 -16.6567 -33.9982 5.21244 0 -1 0 23715 1 
0 -32.1565 -33.9982 9.8266 0 -1 0 23715 1 
0 36.1729 -33.9982 39.7975 0 -1 0 23715 1 
0 22.2831 -33.9982 50.6051 0 -1 0 23715 1 
0 3.5958 -33.9982 25.4918 0 -1 0 23715 1 
0 -17.6788 -33.9982 29.5352 0 -1 0 23715 1 
0 0.887421 -33.9982 17.187 0 -1 0 23715 1 
0 -25.0295 -33.9982 12.0645 0 -1 0 23715 1 
0 1.12789 -33.9982 28.3846 0 -1 0 23715 1 
0 20.8861 -33.9982 21.5069 0 -1 0 23715 1 
0 -38.3093 -33.9982 17.7741 0 -1 0 23715 1 
0 36.8996 -33.9982 35.2244 0 -1 0 23715 1 
0 21.4092 -33.9982 9.68917 0 -1 0 23715 1 
0 -37.657 -33.9982 18.5398 0 -1 0 23715 1 
0 8.6135 -33.9982 12.5401 0 -1 0 23715 1 
0 -34.6582 -33.9982 3.24213 0 -1 0 23715 1 
0 -9.57019 2.60112 47.1814 0 0 1 44734 1 
0 10.2351 -0.705745 47.1814 0 0 1 44734 1 
0 -3.67931 0.538042 47.1814 0 0 1 44734 1 
0 -8.14646 0.139202 47.1814 0 0 1 44734 1 
0 -37.7762 -4.60877 47.1814 0 0 1 44734 1 
0 -38.2122 -5.10421 47.1814 0 0 1 44734 1 
0 26.4351 -6.32613 47.1814 0 0 1 44734 1 
0 -20.7445 -2.9456 47.1814 0 0 1 44734 1 
0 13.5807 5.83053 47.1814 0 0 1 44734 1 
0 -24.4108 -2.38904 47.1814 0 0 1 44734 1 
0 5.21469 5.05298 47.1814 0 0 1 44734 1 
0 -13.9365 -2.15229 47.1814 0 0 1 44734 1 
0 -22.1122 0.623997 47.1814 0 0 1 44734 1 
0 32.5525 -1.20432 47.1814 0 0 1 44734 1 
0 -21.4144 -4.97874 47.1814 0 0 1 44734 1 
0 27.7392 -4.07349 47.1814 0 0 1 44734 1 
0 35.2406 -4.50813 47.1814 0 0 1 44734 1 
0 -30.5608 0.237366 47.1814 0 0 1 44734 1 
0 29.5992 0.465121 47.1814 0 0 1 44734 1 
0 16.5377 -6.05639 47.1814 0 0 1 44734 1 
0 26.2727 -4.22313 47.1814 0 0 1 44734 1 
0 4.09515 4.53461 47.1814 0 0 1 44734 1 
0 -8.11723 1.75246 47.1814 0 0 1 44734 1 
0 -17.7567 2.93834 47.1814 0 0 1 44734 1 
0 -36.3487 -4.22065 47.1814 0 0 1 44734 1 
0 -26.0092 1.53452 47.1814 0 0 1 44734 1 
0 -37.0571 -0.154545 47.1814 0 0 1 44734 1 
0 -38.6677 -24.379 3.53962 -1 0 0 44887 1 
0 -38.6677 -7.11618 41.4605 -1 0 0 44887 1 
0 -38.6677 16.1788 11.3417 -1 0 0 44887 1 
0 -38.6677 4.80807 2.30234 -1 0 0 44887 1 
0 -38.6677 -22.5968 44.4299 -1 0 0 44887 1 
0 -38.6677 0.261333 32.3336 -1 0 0 44887 1 
0 -38.6677 7.86125 41.357 -1 0 0 44887 1 
0 -38.6677 -26.4098 51.1048 -1 0 0 44887 1 
0 -38.6677 -27.2309 22.4127 -1 0 0 44887 1 
0 -38.6677 -13.6175 1.86662 -1 0 0 44887 1 
0 -38.6677 16.2298 29.4124 -1 0 0 44887 1 
0 -38.6677 9.96779 37.0232 -1 0 0 44887 1 
0 -38.6677 25.9203 6.85377 -1 0 0 44887 1 
0 -38.6677 -19.4928 29.1797 -1 0 0 44887 1 
0 -38.6677 20.8286 11.2822 -1 0 0 44887 1 
0 -38.6677 -20.1448 29.4305 -1 0 0 44887 1 
0 -38.6677 9.8118 24.829 -1 0 0 44887 1 
0 -38.6677 -0.529027 45.4814 -1 0 0 44887 1 
0 -38.6677 -7.49376 17.2362 -1 0 0 44887 1 
0 -38.6677 7.64886 43.458 -1 0 0 44887 1 
0 -38.6677 -18.98 25.7822 -1 0 0 44887 1 
0 -38.6677 -32.4558 50.6482 -1 0 0 44887 1 
0 -38.6677 6.73133 47.2855 -1 0 0 44887 1 
0 -38.6677 -29.589 46.0468 -1 0 0 44887 1 
0 -38.6677 5.76156 34.4971 -1 0 0 44887 1 
0 -38.6677 -27.3242 2.28337 -1 0 0 44887 1 
0 -38.6677 5.05853 39.7664 -1 0 0 44887 1 
0 -19.6734 29.9538 58.6334 0 0 1 57789 1 
0 -17.4738 22.5997 58.6334 0 0 1 57789 1 
0 -23.3325 26.881 58.6334 0 0 1 57789 1 
0 -26.3969 31.7364 58.6334 0 0 1 57789 1 
0 -17.7234 24.7086 58.6334 0 0 1 57789 1 
0 -35.462 26.8765 58.6334 0 0 1 57789 1 
0 -24.8657 28.5754 58.6334 0 0 1 57789 1 
0 -21.3594 27.8599 58.6334 0 0 1 57789 1 
0 -28.715 30.1346 58.6334 0 0 1 57789 1 
0 -17.5457 21.7437 58.6334 0 0 1 57789 1 
0 -33.3055 29.7625 58.6334 0 0 1 57789 1 
0 -25.1113 28.1631 58.6334 0 0 1 57789 1 
0 -30.2136 32.6172 58.6334 0 0 1 57789 1 
0 -29.2075 25.1947 58.6334 0 0 1 57789 1 
0 -27.436 29.2032 58.6334 0 0 1 57789 1 
0 -23.2946 23.1705 58.6334 0 0 1 57789 1 
0 -27.6273 27.0975 58.6334 0 0 1 57789 1 
0 -18.5463 27.762 58.6334 0 0 1 57789 1 
0 -23.488 23.3263 58.6334 0 0 1 57789 1 
0 -36.8045 31.064 58.6334 0 0 1 57789 1 
0 -25.1118 31.1976 58.6334 0 0 1 57789 1 
0 -36.2264 23.6683 58.6334 0 0 1 57789 1 
0 -18.0056 24.4844 58.6334 0 0 1 57789 1 
0 -25.6761 22.8814 58.6334 0 0 1 57789 1 
0 -38.4664 27.76 58.6334 0 0 1 57789 1 
0 -27.7517 27.5221 58.6334 0 0 1 57789 1 
0 -17.6072 20.1855 58.6334 0 0 1 57789 1 
0 33.4426 20.579 58.6334 0 0 1 57793 1 
0 28.4797 24.1855 58.6334 0 0 1 57793 1 
0 33.0651 30.0024 58.6334 0 0 1 57793 1 
0 37.8436 31.4906 58.6334 0 0 1 57793 1 
0 29.1564 27.9305 58.6334 0 0 1 57793 1 
0 28.3686 31.5629 58.6334 0 0 1 57793 1 
0 31.9254 32.2957 58.6334 0 0 1 57793 1 
0 21.3802 25.8799 58.6334 0 0 1 57793 1 
0 29.1558 30.0199 58.6334 0 0 1 57793 1 
0 37.7338 25.9677 58.6334 0 0 1 57793 1 
0 31.0675 27.8712 58.6334 0 0 1 57793 1 
0 25.8469 33.847 58.6334 0 0 1 57793 1 
0 38.0285 27.7128 58.6334 0 0 1 57793 1 
0 36.867 24.939 58.6334 0 0 1 57793 1 
0 19.839 28.5925 58.6334 0 0 1 57793 1 
0 32.0831 29.6421 58.6334 0 0 1 57793 1 
0 27.7784 23.2609 58.6334 0 0 1 57793 1 
0 33.307 30.5965 58.6334 0 0 1 57793 1 
0 20.1983 30.2463 58.6334 0 0 1 57793 1 
0 28.1377 24.7008 58.6334 0 0 1 57793 1 
0 29.9649 26.1863 58.6334 0 0 1 57793 1 
0 38.6408 32.2319 58.6334 0 0 1 57793 1 
0 31.2759 24.5854 58.6334 0 0 1 57793 1 
0 27.4915 26.6909 58.6334 0 0 1 57793 1 
0 21.9505 22.0706 58.6334 0 0 1 57793 1 
0 31.0794 31.6604 58.6334 0 0 1 57793 1 
0 29.3211 23.3714 58.6334 0 0 1 57793 1 
0 10.7522 33.9982 38.8357 0 1 0 57795 1 
0 -5.79066 33.9982 2.7266 0 1 0 57795 1 
0 -29.9388 33.9982 8.21703 0 1 0 57795 1 
0 25.4058 33.9982 43.3881 0 1 0 57795 1 
0 -31.5585 33.9982 26.6107 0 1 0 57795 1 
0 -3.13629 33.9982 11.2458 0 1 0 57795 1 
0 32.128 33.9982 24.6024 0 1 0 57795 1 
0 5.42102 33.9982 16.3426 0 1 0 57795 1 
0 7.03955 33.9982 30.7324 0 1 0 57795 1 
0 20.2396 33.9982 50.4739 0 1 0 57795 1 
0 -23.0458 33.9982 0.307419 0 1 0 57795 1 
0 28.4484 33.9982 54.1293 0 1 0 57795 1 
0 -20.6322 33.9982 24.4809 0 1 0 57795 1 
0 34.7999 33.9982 35.4212 0 1 0 57795 1 
0 -34.3572 33.9982 42.9994 0 1 0 57795 1 
0 -20.0285 33.9982 14.8706 0 1 0 57795 1 
0 9.08917 33.9982 20.7089 0 1 0 57795 1 
0 -13.0852 33.9982 11.1602 0 1 0 57795 1 
0 -22.0628 33.9982 17.8139 0 1 0 57795 1 
0 -30.8378 33.9982 30.0311 0 1 0 57795 1 
0 18.4966 33.9982 28.4196 0 1 0 57795 1 
0 7.05434 33.9982 12.2199 0 1 0 57795 1 
0 -4.47233 33.9982 19.8431 0 1 0 57795 1 
0 28.2081 33.9982 46.8899 0 1 0 57795 1 
0 -13.4338 33.9982 16.6342 0 1 0 57795 1 
0 -13.4891 33.9982 4.88042 0 1 0 57795 1 
0 29.6462 33.9982 35.729 0 1 0 57795 1 
0 27.8296 19.8421 57.5525 0 -1 0 57799 1 
0 27.1213 19.8421 56.2826 0 -1 0 57799 1 
0 35.1033 19.8421 55.9537 0 -1 0 57799 1 
0 35.3587 19.8421 52.0989 0 -1 0 57799 1 
0 22.012 19.8421 56.2244 0 -1 0 57799 1 
0 29.5392 19.8421 52.9334 0 -1 0 57799 1 
0 24.5105 19.8421 56.5805 0 -1 0 57799 1 
0 29.5399 19.8421 52.2387 0 -1 0 57799 1 
0 24.0683 19.8421 55.4931 0 -1 0 57799 1 
0 32.7862 19.8421 57.9529 0 -1 0 57799 1 
0 20.7568 19.8421 54.4728 0 -1 0 57799 1 
0 21.6636 19.8421 56.4655 0 -1 0 57799 1 
0 35.3573 19.8421 55.5059 0 -1 0 57799 1 
0 38.2788 19.8421 54.1572 0 -1 0 57799 1 
0 22.1266 19.8421 55.204 0 -1 0 57799 1 
0 31.1405 19.8421 52.5735 0 -1 0 57799 1 
0 29.9779 19.8421 57.8337 0 -1 0 57799 1 
0 27.1891 19.8421 54.2449 0 -1 0 57799 1 
0 29.2734 19.8421 52.4948 0 -1 0 57799 1 
0 25.1138 19.8421 56.6706 0 -1 0 57799 1 
0 35.9224 19.8421 57.5156 0 -1 0 57799 1 
0 20.8502 19.8421 58.2633 0 -1 0 57799 1 
0 35.0954 19.8421 56.6195 0 -1 0 57799 1 
0 23.5486 19.8421 57.0321 0 -1 0 57799 1 
0 36.1062 19.8421 53.8719 0 -1 0 57799 1 
0 20.2058 19.8421 53.1662 0 -1 0 57799 1 
0 21.6452 19.8421 57.0534 0 -1 0 57799 1 
0 -32.675 19.8421 58.2269 0 -1 0 57803 1 
0 -23.8576 19.8421 55.9528 0 -1 0 57803 1 
0 -18.5003 19.8421 53.2615 0 -1 0 57803 1 
0 -36.2269 19.8421 57.3249 0 -1 0 57803 1 
0 -26.3504 19.8421 54.3482 0 -1 0 57803 1 
0 -16.212 19.8421 57.2987 0 -1 0 57803 1 
0 -34.4955 19.8421 57.5628 0 -1 0 57803 1 
0 -16.1896 19.8421 54.3351 0 -1 0 57803 1 
0 -19.4467 19.8421 55.9157 0 -1 0 57803 1 
0 -23.8809 19.8421 55.7439 0 -1 0 57803 1 
0 -35.4436 19.8421 55.33 0 -1 0 57803 1 
0 -16.5021 19.8421 53.251 0 -1 0 57803 1 
0 -35.0037 19.8421 55.9999 0 -1 0 57803 1 
0 -36.34 19.8421 53.4934 0 -1 0 57803 1 
0 -32.8306 19.8421 55.0331 0 -1 0 57803 1 
0 -18.8385 19.8421 58.1035 0 -1 0 57803 1 
0 -37.271 19.8421 52.6456 0 -1 0 57803 1 
0 -30.0604 19.8421 54.5778 0 -1 0 57803 1 
0 -22.0002 19.8421 54.1202 0 -1 0 57803 1 
0 -35.6978 19.8421 52.6219 0 -1 0 57803 1 
0 -24.0437 19.8421 53.3097 0 -1 0 57803 1 
0 -37.4367 19.8421 54.9917 0 -1 0 57803 1 
0 -36.3291 19.8421 55.1147 0 -1 0 57803 1 
0 -26.5734 19.8421 55.1205 0 -1 0 57803 1 
0 -32.8834 19.8421 52.8616 0 -1 0 57803 1 
0 -26.5489 19.8421 54.4502 0 -1 0 57803 1 
0 -20.1669 19.8421 55.1791 0 -1 0 57803 1 
0 19.8184 23.9782 46.0173 -1 0 0 58692 1 
0 19.8184 23.8695 44.8216 -1 0 0 58692 1 
0 19.8184 18.9107 46.9767 -1 0 0 58692 1 
0 19.8184 18.166 45.795 -1 0 0 58692 1 
0 19.8184 22.3687 44.7332 -1 0 0 58692 1 
0 19.8184 23.8811 42.2475 -1 0 0 58692 1 
0 19.8184 27.1836 49.2137 -1 0 0 58692 1 
0 19.8184 15.5946 46.271 -1 0 0 58692 1 
0 19.8184 11.4275 45.8485 -1 0 0 58692 1 
0 19.8184 13.8178 47.6534 -1 0 0 58692 1 
0 19.8184 33.5507 51.5739 -1 0 0 58692 1 
0 19.8184 23.0552 53.0681 -1 0 0 58692 1 
0 19.8184 25.1647 47.3824 -1 0 0 58692 1 
0 19.8184 12.8855 49.5884 -1 0 0 58692 1 
0 19.8184 30.4358 54.6009 -1 0 0 58692 1 
0 19.8184 19.6559 50.1346 -1 0 0 58692 1 
0 19.8184 17.6764 42.6728 -1 0 0 58692 1 
0 19.8184 32.2957 46.1895 -1 0 0 58692 1 
0 19.8184 24.9405 49.8187 -1 0 0 58692 1 
0 19.8184 19.9874 54.5733 -1 0 0 58692 1 
0 19.8184 20.5507 54.9064 -1 0 0 58692 1 
0 19.8184 23.0092 47.8244 -1 0 0 58692 1 
0 19.8184 16.6793 42.1005 -1 0 0 58692 1 
0 19.8184 25.7725 53.9679 -1 0 0 58692 1 
0 19.8184 16.6204 49.2001 -1 0 0 58692 1 
0 19.8184 12.7247 48.8313 -1 0 0 58692 1 
0 19.8184 18.9326 44.7554 -1 0 0 58692 1 
0 19.429 8.83427 49.1795 -0.610589 0.791948 0 58654 3 
0 19.6084 9.01314 49.7834 -0.790027 0.613072 0 58654 3 
0 19.0364 8.65025 45.1205 -0.217938 0.975963 0 58654 3 
0 19.292 8.74549 42.7829 -0.473628 0.880725 0 58654 3 
0 19.6094 9.01432 45.34 -0.790937 0.611897 0 58654 3 
0 19.4832 8.87916 43.2255 -0.664764 0.747054 0 58654 3 
0 19.5551 8.94993 46.3602 -0.736639 0.676286 0 58654 3 
0 18.9542 8.63547 44.7801 -0.135748 0.990743 0 58654 3 
0 19.8096 9.49355 43.8908 -0.991162 0.13266 0 58654 3 
0 19.0993 8.66647 43.1722 -0.280875 0.959744 0 58654 3 
0 18.9289 8.63234 49.0129 -0.110487 0.993878 0 58654 3 
0 19.8177 9.58782 51.5624 -0.999263 0.038389 0 58654 3 
0 19.2855 8.74198 44.8775 -0.46705 0.884231 0 58654 3 
0 18.8748 8.6278 44.0078 -0.0563691 0.99841 0 58654 3 
0 19.4486 8.84973 51.4102 -0.630139 0.776483 0 58654 3 
0 19.6322 9.04511 42.2135 -0.813831 0.581102 0 58654 3 
0 19.1286 8.67552 43.7721 -0.310138 0.950691 0 58654 3 
0 19.777 9.34129 46.9972 -0.958551 0.284921 0 58654 3 
0 19.6577 9.0825 44.9148 -0.839273 0.543711 0 58654 3 
0 19.1962 8.70033 42.3024 -0.377817 0.92588 0 58654 3 
0 19.6798 9.11832 51.8556 -0.861419 0.507894 0 58654 3 
0 19.8165 9.56448 42.2436 -0.998093 0.0617291 0 58654 3 
0 19.7395 9.23677 44.559 -0.921053 0.389438 0 58654 3 
0 19.75 9.26269 50.0611 -0.931584 0.363525 0 58654 3 
0 19.1823 8.69478 50.1725 -0.363905 0.931436 0 58654 3 
0 18.9038 8.62986 49.2305 -0.0853458 0.996351 0 58654 3 
0 19.0524 8.65397 47.7805 -0.233979 0.972242 0 58654 3 
0 -17.9953 12.4023 52.0868 0 0 1 58850 1 
0 -20.3576 15.8669 52.0868 0 0 1 58850 1 
0 -22.6856 9.81758 52.0868 0 0 1 58850 1 
0 38.1007 7.50549 52.0868 0 0 1 58850 1 
0 -33.5568 17.097 52.0868 0 0 1 58850 1 
0 37.036 15.2582 52.0868 0 0 1 58850 1 
0 -28.7509 13.2534 52.0868 0 0 1 58850 1 
0 -19.1406 8.09945 52.0868 0 0 1 58850 1 
0 -14.9968 8.45851 52.0868 0 0 1 58850 1 
0 -34.1254 6.9208 52.0868 0 0 1 58850 1 
0 32.2127 17.1354 52.0868 0 0 1 58850 1 
0 -21.4436 11.1524 52.0868 0 0 1 58850 1 
0 -32.3635 13.9586 52.0868 0 0 1 58850 1 
0 -33.0482 11.9342 52.0868 0 0 1 58850 1 
0 28.107 11.2046 52.0868 0 0 1 58850 1 
0 -25.5863 11.8944 52.0868 0 0 1 58850 1 
0 -34.0922 7.65332 52.0868 0 0 1 58850 1 
0 -22.9283 7.89507 52.0868 0 0 1 58850 1 
0 -15.6177 8.47703 52.0868 0 0 1 58850 1 
0 24.5812 14.9843 52.0868 0 0 1 58850 1 
0 20.4736 13.2706 52.0868 0 0 1 58850 1 
0 31.2339 14.0278 52.0868 0 0 1 58850 1 
0 -34.9515 7.87958 52.0868 0 0 1 58850 1 
0 -16.8252 8.05014 52.0868 0 0 1 58850 1 
0 -25.6929 13.5073 52.0868 0 0 1 58850 1 
0 36.1079 16.0535 52.0868 0 0 1 58850 1 
0 28.9388 13.6294 52.0868 0 0 1 58850 1 
0 -15.969 29.3513 53.3719 1 0 0 58856 1 
0 -15.969 25.7859 51.637 1 0 0 58856 1 
0 -15.969 25.9292 50.1814 1 0 0 58856 1 
0 -15.969 26.0981 53.1055 1 0 0 58856 1 
0 -15.969 23.1656 43.9296 1 0 0 58856 1 
0 -15.969 13.3631 50.2021 1 0 0 58856 1 
0 -15.969 21.4647 52.3894 1 0 0 58856 1 
0 -15.969 30.583 48.8322 1 0 0 58856 1 
0 -15.969 24.1688 51.7438 1 0 0 58856 1 
0 -15.969 23.7226 48.0791 1 0 0 58856 1 
0 -15.969 22.8495 42.1982 1 0 0 58856 1 
0 -15.969 33.6746 52.3982 1 0 0 58856 1 
0 -15.969 14.0797 42.6175 1 0 0 58856 1 
0 -15.969 22.1674 50.872 1 0 0 58856 1 
0 -15.969 25.0653 44.5982 1 0 0 58856 1 
0 -15.969 26.8139 50.9678 1 0 0 58856 1 
0 -15.969 19.4105 53.2315 1 0 0 58856 1 
0 -15.969 21.8593 49.0708 1 0 0 58856 1 
0 -15.969 17.8738 48.0763 1 0 0 58856 1 
0 -15.969 15.8773 44.74 1 0 0 58856 1 
0 -15.969 24.5854 47.5893 1 0 0 58856 1 
0 -15.969 14.0611 47.2925 1 0 0 58856 1 
0 -15.969 31.1758 55.3204 1 0 0 58856 1 
0 -15.969 33.7098 45.0695 1 0 0 58856 1 
0 -15.969 27.4828 53.4801 1 0 0 58856 1 
0 -15.969 31.3801 52.2685 1 0 0 58856 1 
0 -15.969 28.4124 52.592 1 0 0 58856 1 
0 -5.67876 15.6579 42.0859 0 0 1 58860 1 
0 -5.49646 26.142 42.0859 0 0 1 58860 1 
0 7.86525 24.4794 42.0859 0 0 1 58860 1 
0 -4.73721 21.184 42.0859 0 0 1 58860 1 
0 -5.62879 29.3575 42.0859 0 0 1 58860 1 
0 2.50293 23.4757 42.0859 0 0 1 58860 1 
0 -2.23731 26.8619 42.0859 0 0 1 58860 1 
0 14.5919 12.8733 42.0859 0 0 1 58860 1 
0 -3.66597 31.0293 42.0859 0 0 1 58860 1 
0 2.01906 10.7865 42.0859 0 0 1 58860 1 
0 2.34784 25.4206 42.0859 0 0 1 58860 1 
0 1.22344 19.0449 42.0859 0 0 1 58860 1 
0 2.97175 32.6991 42.0859 0 0 1 58860 1 
0 9.04672 31.6507 42.0859 0 0 1 58860 1 
0 -8.50477 22.8148 42.0859 0 0 1 58860 1 
0 6.72939 20.3686 42.0859 0 0 1 58860 1 
0 -12.4798 12.6417 42.0859 0 0 1 58860 1 
0 15.0138 24.4961 42.0859 0 0 1 58860 1 
0 -3.89696 30.5293 42.0859 0 0 1 58860 1 
0 3.62178 11.8374 42.0859 0 0 1 58860 1 
0 6.2937 32.0727 42.0859 0 0 1 58860 1 
0 16.0934 29.9022 42.0859 0 0 1 58860 1 
0 10.1762 15.0308 42.0859 0 0 1 58860 1 
0 11.2551 21.6831 42.0859 0 0 1 58860 1 
0 -8.39228 16.8372 42.0859 0 0 1 58860 1 
0 -9.41201 28.2091 42.0859 0 0 1 58860 1 
0 -4.09674 20.6536 42.0859 0 0 1 58860 1 
0 -13.675 8.62621 48.0701 0 1 0 58864 1 
0 17.0498 8.62621 46.8089 0 1 0 58864 1 
0 -13.1147 8.62621 50.4103 0 1 0 58864 1 
0 16.1483 8.62621 48.2279 0 1 0 58864 1 
0 -5.15107 8.62621 49.2017 0 1 0 58864 1 
0 -1.0491 8.62621 46.6626 0 1 0 58864 1 
0 6.28446 8.62621 44.6932 0 1 0 58864 1 
0 -11.7008 8.62621 45.388 0 1 0 58864 1 
0 4.19666 8.62621 48.0498 0 1 0 58864 1 
0 -0.402144 8.62621 45.7291 0 1 0 58864 1 
0 14.9151 8.62621 48.8598 0 1 0 58864 1 
0 12.7984 8.62621 45.6826 0 1 0 58864 1 
0 15.9505 8.62621 49.9973 0 1 0 58864 1 
0 -9.53445 8.62621 45.3656 0 1 0 58864 1 
0 10.7698 8.62621 44.2855 0 1 0 58864 1 
0 -6.34298 8.62621 51.9755 0 1 0 58864 1 
0 4.65303 8.62621 47.6293 0 1 0 58864 1 
0 0.602445 8.62621 46.0373 0 1 0 58864 1 
0 15.89 8.62621 43.2508 0 1 0 58864 1 
0 -13.8493 8.62621 43.1235 0 1 0 58864 1 
0 11.6614 8.62621 49.3262 0 1 0 58864 1 
0 -12.1936 8.62621 44.0088 0 1 0 58864 1 
0 -2.02886 8.62621 51.5982 0 1 0 58864 1 
0 2.63242 8.62621 46.3336 0 1 0 58864 1 
0 3.1424 8.62621 49.3241 0 1 0 58864 1 
0 -3.44049 8.62621 50.659 0 1 0 58864 1 
0 14.9871 8.62621 50.216 0 1 0 58864 1 
0 -15.9688 9.60536 46.8381 0.999783 0.0208514 0 58826 3 
0 -15.9686 9.5986 48.6112 0.999619 0.0276088 0 58826 3 
0 -15.5755 8.83116 46.0731 0.606538 0.795055 0 58826 3 
0 -15.7054 8.94972 43.0532 0.736445 0.676498 0 58826 3 
0 -15.2745 8.67401 51.0004 0.305463 0.952204 0 58826 3 
0 -15.7366 8.98525 43.2311 0.767571 0.640964 0 58826 3 
0 -15.0283 8.62797 42.4714 0.059337 0.998238 0 58826 3 
0 -15.9154 9.3033 43.9189 0.946428 0.322916 0 58826 3 
0 -15.106 8.63565 51.5131 0.137055 0.990563 0 58826 3 
0 -15.5356 8.80219 45.8286 0.566557 0.824022 0 58826 3 
0 -15.8447 9.14345 44.5348 0.875751 0.482764 0 58826 3 
0 -15.9023 9.26725 52.0324 0.933351 0.358966 0 58826 3 
0 -15.9681 9.58354 43.738 0.999089 0.0426759 0 58826 3 
0 -15.5052 8.78213 48.2389 0.536207 0.844087 0 58826 3 
0 -15.1147 8.63689 46.254 0.145716 0.989327 0 58826 3 
0 -15.9347 9.36643 46.7492 0.965667 0.259783 0 58826 3 
0 -15.8781 9.20955 47.3581 0.909063 0.416659 0 58826 3 
0 -15.5604 8.81982 46.5778 0.591375 0.806397 0 58826 3 
0 -14.9923 8.62649 50.6662 0.0233441 0.999727 0 58826 3 
0 -15.7261 8.97291 45.7098 0.757101 0.653298 0 58826 3 
0 -15.1612 8.64486 48.1178 0.192228 0.98135 0 58826 3 
0 -15.9479 9.42189 43.5533 0.978903 0.204326 0 58826 3 
0 -15.546 8.8095 43.2216 0.577038 0.816717 0 58826 3 
0 -15.1364 8.64033 44.087 0.167424 0.985885 0 58826 3 
0 -15.9411 9.39156 46.588 0.972079 0.234655 0 58826 3 
0 -15.0596 8.63033 47.4093 0.0906469 0.995883 0 58826 3 
0 -15.2399 8.6636 47.9346 0.270877 0.962614 0 58826 3 
