0 28.8351 -45.8397 41.8324 0 0 1 23661 1 
0 44.4532 -46.96 41.8324 0 0 1 23661 1 
0 -40.1663 -43.6515 41.8324 0 0 1 23661 1 
0 -54.2199 -45.8201 41.8324 0 0 1 23661 1 
0 -56.3449 -45.3158 41.8324 0 0 1 23661 1 
0 3.00313 -44.0149 41.8324 0 0 1 23661 1 
0 -4.97757 -45.3897 41.8324 0 0 1 23661 1 
0 -37.4118 -46.427 41.8324 0 0 1 23661 1 
0 -50.0763 -45.2556 41.8324 0 0 1 23661 1 
0 45.5821 -44.444 41.8324 0 0 1 23661 1 
0 -0.275045 -44.6514 41.8324 0 0 1 23661 1 
0 -11.8956 -44.2008 41.8324 0 0 1 23661 1 
0 -3.19338 -46.6391 41.8324 0 0 1 23661 1 
0 -55.4277 -44.63 41.8324 0 0 1 23661 1 
0 25.1653 -44.5707 41.8324 0 0 1 23661 1 
0 -29.5048 -43.8712 41.8324 0 0 1 23661 1 
0 56.2182 -44.5638 41.8324 0 0 1 23661 1 
0 58.9409 -43.8256 41.8324 0 0 1 23661 1 
0 -41.6644 -43.5328 41.8324 0 0 1 23661 1 
0 -4.63938 -44.1269 41.8324 0 0 1 23661 1 
0 -62.1279 -45.9277 41.8324 0 0 1 23661 1 
0 64.0327 -45.2547 41.8324 0 0 1 23661 1 
0 7.72452 -46.4725 41.8324 0 0 1 23661 1 
0 19.0254 -45.952 41.8324 0 0 1 23661 1 
0 39.0124 -44.6764 41.8324 0 0 1 23661 1 
0 12.1321 -45.3518 41.8324 0 0 1 23661 1 
0 35.6632 -43.6333 41.8324 0 0 1 23661 1 
0 -52.8238 -43.6493 41.8324 0 0 1 23661 1 
0 49.3495 -46.5125 41.8324 0 0 1 23661 1 
0 49.1147 -46.4339 41.8324 0 0 1 23661 1 
0 -22.5496 -43.5351 41.8324 0 0 1 23661 1 
0 49.7085 -46.6274 41.8324 0 0 1 23661 1 
0 64.6575 -44.7259 41.8324 0 0 1 23661 1 
0 -42.3941 -44.9545 41.8324 0 0 1 23661 1 
0 27.2862 -44.8821 41.8324 0 0 1 23661 1 
0 4.88541 -46.3627 41.8324 0 0 1 23661 1 
0 64.3609 -44.1295 41.8324 0 0 1 23661 1 
0 -50.8304 -43.7672 41.8324 0 0 1 23661 1 
0 9.18032 -45.3099 41.8324 0 0 1 23661 1 
0 -44.7154 -46.7121 41.8324 0 0 1 23661 1 
0 60.7652 -46.6831 41.8324 0 0 1 23661 1 
0 -24.8816 -43.8733 41.8324 0 0 1 23661 1 
0 32.7715 -44.4089 41.8324 0 0 1 23661 1 
0 55.767 -44.9487 41.8324 0 0 1 23661 1 
0 -55.0965 -45.3472 41.8324 0 0 1 23661 1 
0 -18.5857 -43.6649 41.8324 0 0 1 23661 1 
0 -48.1421 -44.6069 41.8324 0 0 1 23661 1 
0 59.3802 -43.6474 41.8324 0 0 1 23661 1 
0 55.6015 -43.9404 41.8324 0 0 1 23661 1 
0 -10.6658 -43.5642 41.8324 0 0 1 23661 1 
0 32.8132 -43.2506 41.8324 0 0 1 23661 1 
0 -31.7595 -45.2869 41.8324 0 0 1 23661 1 
0 58.4928 -44.3677 41.8324 0 0 1 23661 1 
0 -58.3589 -44.8209 41.8324 0 0 1 23661 1 
0 -7.39783 -44.8259 41.8324 0 0 1 23661 1 
0 -52.318 -43.6965 41.8324 0 0 1 23661 1 
0 35.2035 -46.523 41.8324 0 0 1 23661 1 
0 -17.9336 -43.4618 41.8324 0 0 1 23661 1 
0 14.5272 -46.1382 41.8324 0 0 1 23661 1 
0 -26.049 -45.6546 41.8324 0 0 1 23661 1 
0 62.9366 -43.487 41.8324 0 0 1 23661 1 
0 -64.7527 39.2838 6.52663 -1 0 0 23788 1 
0 -64.7527 -6.82666 4.51378 -1 0 0 23788 1 
0 -64.7527 39.8055 43.2724 -1 0 0 23788 1 
0 -64.7527 31.0839 25.3181 -1 0 0 23788 1 
0 -64.7527 -14.2948 28.6319 -1 0 0 23788 1 
0 -64.7527 -42.9702 27.0254 -1 0 0 23788 1 
0 -64.7527 38.1017 54.4534 -1 0 0 23788 1 
0 -64.7527 -4.20401 20.0888 -1 0 0 23788 1 
0 -64.7527 30.3091 22.8322 -1 0 0 23788 1 
0 -64.7527 33.3536 6.7934 -1 0 0 23788 1 
0 -64.7527 2.75565 0.334212 -1 0 0 23788 1 
0 -64.7527 30.1621 24.6571 -1 0 0 23788 1 
0 -64.7527 42.2314 33.5113 -1 0 0 23788 1 
0 -64.7527 -3.55202 2.04145 -1 0 0 23788 1 
0 -64.7527 40.8551 37.9826 -1 0 0 23788 1 
0 -64.7527 3.63787 0.296523 -1 0 0 23788 1 
0 -64.7527 -35.1288 8.60105 -1 0 0 23788 1 
0 -64.7527 -34.7723 33.5823 -1 0 0 23788 1 
0 -64.7527 13.2157 13.5709 -1 0 0 23788 1 
0 -64.7527 -39.5364 9.7875 -1 0 0 23788 1 
0 -64.7527 6.88805 22.3775 -1 0 0 23788 1 
0 -64.7527 12.6478 16.0012 -1 0 0 23788 1 
0 -64.7527 36.9344 15.046 -1 0 0 23788 1 
0 -64.7527 -8.59379 2.38912 -1 0 0 23788 1 
0 -64.7527 -34.5887 5.73044 -1 0 0 23788 1 
0 -64.7527 40.0429 34.0467 -1 0 0 23788 1 
0 -64.7527 -32.6239 34.5429 -1 0 0 23788 1 
0 -64.7527 23.9962 51.9706 -1 0 0 23788 1 
0 -64.7527 -40.29 2.88175 -1 0 0 23788 1 
0 -64.7527 29.2966 23.7678 -1 0 0 23788 1 
0 -64.7527 25.9725 11.9896 -1 0 0 23788 1 
0 -64.7527 17.5287 1.86013 -1 0 0 23788 1 
0 -64.7527 -26.7365 23.3131 -1 0 0 23788 1 
0 -64.7527 -17.2017 12.2088 -1 0 0 23788 1 
0 -64.7527 43.8706 41.4791 -1 0 0 23788 1 
0 -64.7527 -9.57093 13.0048 -1 0 0 23788 1 
0 -64.7527 36.9413 41.0114 -1 0 0 23788 1 
0 -64.7527 -25.4009 10.556 -1 0 0 23788 1 
0 -64.7527 30.8745 41.3992 -1 0 0 23788 1 
0 -64.7527 24.6804 18.6626 -1 0 0 23788 1 
0 -64.7527 -11.6469 8.17872 -1 0 0 23788 1 
0 -64.7527 -21.1146 27.3668 -1 0 0 23788 1 
0 -64.7527 45.2584 56.3714 -1 0 0 23788 1 
0 -64.7527 42.106 16.945 -1 0 0 23788 1 
0 -64.7527 -15.1295 3.77907 -1 0 0 23788 1 
0 -64.7527 3.75017 22.5859 -1 0 0 23788 1 
0 -64.7527 15.03 1.25283 -1 0 0 23788 1 
0 -64.7527 -4.76628 11.8939 -1 0 0 23788 1 
0 -64.7527 -28.8371 6.47326 -1 0 0 23788 1 
0 -64.7527 -28.4393 1.86494 -1 0 0 23788 1 
0 -64.7527 3.15563 17.1153 -1 0 0 23788 1 
0 -64.7527 -44.4901 15.2627 -1 0 0 23788 1 
0 -64.7527 8.15045 30.4732 -1 0 0 23788 1 
0 -64.7527 -43.0575 15.0386 -1 0 0 23788 1 
0 -64.7527 16.7926 30.9581 -1 0 0 23788 1 
0 -64.7527 -0.395316 10.1452 -1 0 0 23788 1 
0 -64.7527 41.0626 29.7501 -1 0 0 23788 1 
0 -64.7527 35.3276 12.951 -1 0 0 23788 1 
0 -64.7527 -25.4116 12.4781 -1 0 0 23788 1 
0 -64.7527 36.9667 15.5562 -1 0 0 23788 1 
0 -64.7527 42.6477 50.0201 -1 0 0 23788 1 
0 -20.0211 -43.1933 38.2867 0 1 0 23796 1 
0 10.6478 -43.1933 38.7102 0 1 0 23796 1 
0 3.96246 -43.1933 40.3072 0 1 0 23796 1 
0 21.3326 -43.1933 40.7231 0 1 0 23796 1 
0 -8.67263 -43.1933 41.8256 0 1 0 23796 1 
0 -45.657 -43.1933 38.7321 0 1 0 23796 1 
0 60.4555 -43.1933 40.847 0 1 0 23796 1 
0 50.7044 -43.1933 39.5016 0 1 0 23796 1 
0 51.0995 -43.1933 41.7945 0 1 0 23796 1 
0 -21.6401 -43.1933 38.78 0 1 0 23796 1 
0 56.555 -43.1933 40.6552 0 1 0 23796 1 
0 -17.3147 -43.1933 38.4466 0 1 0 23796 1 
0 15.7152 -43.1933 39.0652 0 1 0 23796 1 
0 -33.8682 -43.1933 40.5349 0 1 0 23796 1 
0 -33.681 -43.1933 39.9736 0 1 0 23796 1 
0 -3.87982 -43.1933 39.0679 0 1 0 23796 1 
0 27.1186 -43.1933 41.2021 0 1 0 23796 1 
0 32.758 -43.1933 41.0186 0 1 0 23796 1 
0 6.07784 -43.1933 40.4107 0 1 0 23796 1 
0 61.3772 -43.1933 38.832 0 1 0 23796 1 
0 16.4503 -43.1933 38.9568 0 1 0 23796 1 
0 -63.2708 -43.1933 41.1885 0 1 0 23796 1 
0 49.5262 -43.1933 39.5917 0 1 0 23796 1 
0 -27.1981 -43.1933 38.6581 0 1 0 23796 1 
0 8.91515 -43.1933 39.0662 0 1 0 23796 1 
0 56.4482 -43.1933 39.3001 0 1 0 23796 1 
0 -15.3915 -43.1933 39.2909 0 1 0 23796 1 
0 -53.0054 -43.1933 40.194 0 1 0 23796 1 
0 -63.674 -43.1933 39.4522 0 1 0 23796 1 
0 -55.4765 -43.1933 39.8426 0 1 0 23796 1 
0 40.4469 -43.1933 41.2594 0 1 0 23796 1 
0 63.071 -43.1933 40.3843 0 1 0 23796 1 
0 -32.837 -43.1933 40.0146 0 1 0 23796 1 
0 -64.6537 -43.1933 39.0666 0 1 0 23796 1 
0 -57.3267 -43.1933 40.8502 0 1 0 23796 1 
0 24.9564 -43.1933 40.8524 0 1 0 23796 1 
0 6.9593 -43.1933 38.6637 0 1 0 23796 1 
0 51.9143 -43.1933 40.5356 0 1 0 23796 1 
0 42.3234 -43.1933 41.5352 0 1 0 23796 1 
0 -26.4957 -43.1933 41.8166 0 1 0 23796 1 
0 -41.5216 -43.1933 39.6511 0 1 0 23796 1 
0 39.4343 -43.1933 38.4147 0 1 0 23796 1 
0 -53.5022 -43.1933 41.0171 0 1 0 23796 1 
0 -51.139 -43.1933 39.9962 0 1 0 23796 1 
0 -10.7568 -43.1933 39.0663 0 1 0 23796 1 
0 -15.9053 -43.1933 41.5246 0 1 0 23796 1 
0 -34.8834 -43.1933 38.0987 0 1 0 23796 1 
0 42.585 -43.1933 40.9651 0 1 0 23796 1 
0 -47.2853 -43.1933 39.5567 0 1 0 23796 1 
0 -26.2599 -43.1933 39.5141 0 1 0 23796 1 
0 33.5793 -43.1933 41.0146 0 1 0 23796 1 
0 1.03092 -43.1933 38.7124 0 1 0 23796 1 
0 -51.8402 -43.1933 38.3601 0 1 0 23796 1 
0 -28.6857 -43.1933 40.6665 0 1 0 23796 1 
0 -44.5925 -43.1933 41.5959 0 1 0 23796 1 
0 19.8133 -43.1933 38.2744 0 1 0 23796 1 
0 -17.4692 -43.1933 41.4428 0 1 0 23796 1 
0 48.1097 -43.1933 41.7742 0 1 0 23796 1 
0 57.1309 -43.1933 39.933 0 1 0 23796 1 
0 -6.59973 -43.1933 41.6605 0 1 0 23796 1 
0 -57.2188 -43.1933 40.8086 0 1 0 23796 1 
0 52.7976 46.7408 0 0 0 -1 627 1 
0 -46.485 10.6871 0 0 0 -1 627 1 
0 -29.0502 34.0845 0 0 0 -1 627 1 
0 -54.672 -33.4598 0 0 0 -1 627 1 
0 48.1922 -6.46119 0 0 0 -1 627 1 
0 28.0415 -1.47865 0 0 0 -1 627 1 
0 3.09879 10.7214 0 0 0 -1 627 1 
0 -13.3136 16.9246 0 0 0 -1 627 1 
0 36.731 -35.6757 0 0 0 -1 627 1 
0 20.1606 7.67725 0 0 0 -1 627 1 
0 -31.5649 27.847 0 0 0 -1 627 1 
0 -41.5227 4.02109 0 0 0 -1 627 1 
0 -64.7499 -27.3937 0 0 0 -1 627 1 
0 -46.5635 22.7899 0 0 0 -1 627 1 
0 54.9487 -8.73324 0 0 0 -1 627 1 
0 6.47649 -37.4567 0 0 0 -1 627 1 
0 -29.034 -28.2299 0 0 0 -1 627 1 
0 33.2751 4.10453 0 0 0 -1 627 1 
0 27.7959 25.106 0 0 0 -1 627 1 
0 -7.7538 -33.4403 0 0 0 -1 627 1 
0 51.418 -38.536 0 0 0 -1 627 1 
0 14.2826 18.1756 0 0 0 -1 627 1 
0 -24.2222 11.8467 0 0 0 -1 627 1 
0 -63.3119 -36.699 0 0 0 -1 627 1 
0 -21.4371 4.88727 0 0 0 -1 627 1 
0 -5.64677 -15.8942 0 0 0 -1 627 1 
0 -24.3628 36.0915 0 0 0 -1 627 1 
0 30.1755 -18.8853 0 0 0 -1 627 1 
0 22.271 4.73734 0 0 0 -1 627 1 
0 -9.51043 44.8546 0 0 0 -1 627 1 
0 50.2076 41.9267 0 0 0 -1 627 1 
0 -34.9175 -44.4044 0 0 0 -1 627 1 
0 -61.0697 20.151 0 0 0 -1 627 1 
0 -21.8036 9.26917 0 0 0 -1 627 1 
0 -54.2075 -8.97656 0 0 0 -1 627 1 
0 -33.306 31.8915 0 0 0 -1 627 1 
0 -45.7463 39.1464 0 0 0 -1 627 1 
0 -41.1644 24.8681 0 0 0 -1 627 1 
0 -46.8086 -9.75268 0 0 0 -1 627 1 
0 59.4084 -23.2761 0 0 0 -1 627 1 
0 -27.9773 -10.6733 0 0 0 -1 627 1 
0 5.69582 4.89534 0 0 0 -1 627 1 
0 5.64884 22.9605 0 0 0 -1 627 1 
0 10.9387 -10.3738 0 0 0 -1 627 1 
0 -61.8228 16.6025 0 0 0 -1 627 1 
0 27.4314 24.7532 0 0 0 -1 627 1 
0 51.4442 22.2243 0 0 0 -1 627 1 
0 7.62886 36.0678 0 0 0 -1 627 1 
0 -5.31747 -41.1254 0 0 0 -1 627 1 
0 15.3213 -34.2178 0 0 0 -1 627 1 
0 14.8455 -17.3631 0 0 0 -1 627 1 
0 20.986 -23.4448 0 0 0 -1 627 1 
0 -50.904 -13.928 0 0 0 -1 627 1 
0 -7.02757 29.3826 0 0 0 -1 627 1 
0 -10.2293 5.06454 0 0 0 -1 627 1 
0 -61.6503 17.4893 0 0 0 -1 627 1 
0 -27.0413 -43.3363 0 0 0 -1 627 1 
0 45.7168 22.9919 0 0 0 -1 627 1 
0 -45.7897 9.37824 0 0 0 -1 627 1 
0 60.9575 15.1418 0 0 0 -1 627 1 
0 38.5335 20.0009 0 0 0 -1 627 1 
0 -63.8927 13.9746 33.5836 0 0 1 16283 1 
0 31.9224 18.0655 33.5836 0 0 1 16283 1 
0 56.1338 19.8995 33.5836 0 0 1 16283 1 
0 0.271811 15.8525 33.5836 0 0 1 16283 1 
0 39.4195 23.2698 33.5836 0 0 1 16283 1 
0 60.7494 21.6287 33.5836 0 0 1 16283 1 
0 -32.8742 10.2843 33.5836 0 0 1 16283 1 
0 21.6014 13.3515 33.5836 0 0 1 16283 1 
0 37.2842 6.75821 33.5836 0 0 1 16283 1 
0 -8.03298 14.6644 33.5836 0 0 1 16283 1 
0 -63.0302 19.3611 33.5836 0 0 1 16283 1 
0 -56.2139 21.5265 33.5836 0 0 1 16283 1 
0 58.7087 7.80542 33.5836 0 0 1 16283 1 
0 38.187 15.9536 33.5836 0 0 1 16283 1 
0 -18.2855 6.8694 33.5836 0 0 1 16283 1 
0 -46.4087 11.2256 33.5836 0 0 1 16283 1 
0 16.5931 19.1437 33.5836 0 0 1 16283 1 
0 -9.11942 14.8842 33.5836 0 0 1 16283 1 
0 -37.1546 20.5703 33.5836 0 0 1 16283 1 
0 -59.4283 9.98106 33.5836 0 0 1 16283 1 
0 21.5493 16.5358 33.5836 0 0 1 16283 1 
0 17.7567 21.7428 33.5836 0 0 1 16283 1 
0 -35.3099 17.7265 33.5836 0 0 1 16283 1 
0 12.5416 8.28094 33.5836 0 0 1 16283 1 
0 32.9194 14.5208 33.5836 0 0 1 16283 1 
0 13.5351 22.7974 33.5836 0 0 1 16283 1 
0 -44.4742 18.3493 33.5836 0 0 1 16283 1 
0 -48.4883 13.0726 33.5836 0 0 1 16283 1 
0 -52.3151 8.35512 33.5836 0 0 1 16283 1 
0 26.059 19.2271 33.5836 0 0 1 16283 1 
0 -36.8336 7.22383 33.5836 0 0 1 16283 1 
0 29.1447 19.0916 33.5836 0 0 1 16283 1 
0 31.0694 14.2851 33.5836 0 0 1 16283 1 
0 -39.5072 10.7347 33.5836 0 0 1 16283 1 
0 42.5012 12.6554 33.5836 0 0 1 16283 1 
0 16.4253 17.9526 33.5836 0 0 1 16283 1 
0 -12.3167 8.86652 33.5836 0 0 1 16283 1 
0 46.9189 19.0125 33.5836 0 0 1 16283 1 
0 -25.4882 16.6887 33.5836 0 0 1 16283 1 
0 19.7362 19.2822 33.5836 0 0 1 16283 1 
0 42.9727 8.26791 33.5836 0 0 1 16283 1 
0 60.0145 8.52634 33.5836 0 0 1 16283 1 
0 32.4245 18.0771 33.5836 0 0 1 16283 1 
0 57.1155 12.3321 33.5836 0 0 1 16283 1 
0 -28.7504 14.2898 33.5836 0 0 1 16283 1 
0 39.6897 14.4021 33.5836 0 0 1 16283 1 
0 17.4861 16.9249 33.5836 0 0 1 16283 1 
0 -52.0764 7.12062 33.5836 0 0 1 16283 1 
0 29.5438 13.0263 33.5836 0 0 1 16283 1 
0 57.9068 17.0394 33.5836 0 0 1 16283 1 
0 13.0231 12.8539 33.5836 0 0 1 16283 1 
0 -35.5129 10.2078 33.5836 0 0 1 16283 1 
0 38.9647 20.142 33.5836 0 0 1 16283 1 
0 -29.549 11.654 33.5836 0 0 1 16283 1 
0 50.384 22.345 33.5836 0 0 1 16283 1 
0 10.5843 21.8594 33.5836 0 0 1 16283 1 
0 1.18974 19.5431 33.5836 0 0 1 16283 1 
0 -28.0626 20.0225 33.5836 0 0 1 16283 1 
0 33.6825 15.1673 33.5836 0 0 1 16283 1 
0 -6.20306 6.39839 33.5836 0 0 1 16283 1 
0 -4.65995 7.38384 33.5836 0 0 1 16283 1 
0 -12.2646 6.87711 31.1263 0 -0.99766 -0.0683713 16174 2 
0 -10.9133 5.63972 26.6914 0 -0.818153 0.575001 16174 2 
0 -26.4944 4.92683 25.8339 0 -0.714734 0.699396 16174 2 
0 -64.6933 4.87654 25.783 0 -0.707438 0.706775 16174 2 
0 31.5829 6.7004 32.2741 0 -0.972025 -0.234879 16174 2 
0 5.92388 4.55735 25.4832 0 -0.661134 0.750268 16174 2 
0 52.4087 5.13395 26.0551 0 -0.74478 0.66731 16174 2 
0 31.2015 6.28381 27.8212 0 -0.91159 0.4111 16174 2 
0 36.0016 6.61271 28.7085 0 -0.959304 0.282376 16174 2 
0 18.8733 6.39111 33.2377 0 -0.927156 -0.374676 16174 2 
0 61.8685 6.65157 32.4642 0 -0.964942 -0.262464 16174 2 
0 38.9813 6.57741 32.7177 0 -0.954182 -0.299226 16174 2 
0 -59.2361 6.26063 27.7703 0 -0.908227 0.418478 16174 2 
0 60.3917 6.40522 33.2025 0 -0.929204 -0.369568 16174 2 
0 -59.6578 5.54517 26.5602 0 -0.804437 0.594039 16174 2 
0 12.6893 4.24563 36.0856 0 -0.615912 -0.787815 16174 2 
0 -50.6509 4.80836 25.7157 0 -0.697548 0.716538 16174 2 
0 47.5311 -5.97574 34.0912 0 0.866899 -0.498483 16174 2 
0 2.47091 6.88125 31.0613 0 -0.998261 -0.0589457 16174 2 
0 27.2705 6.39986 33.216 0 -0.928426 -0.371517 16174 2 
0 12.2367 6.67052 32.3931 0 -0.967691 -0.25214 16174 2 
0 -57.7308 6.57159 32.7361 0 -0.953339 -0.301903 16174 2 
0 -54.0831 6.85396 29.9202 0 -0.994302 0.106604 16174 2 
0 12.5456 6.75518 32.0277 0 -0.979971 -0.19914 16174 2 
0 12.3098 6.87295 30.1265 0 -0.997057 0.0766675 16174 2 
0 -64.6002 5.73366 26.8285 0 -0.83178 0.555106 16174 2 
0 -4.39182 6.36567 28.0102 0 -0.923465 0.383682 16174 2 
0 35.3798 6.8862 30.9665 0 -0.998978 -0.0451899 16174 2 
0 12.96 6.85037 31.4226 0 -0.993781 -0.111354 16174 2 
0 -61.7258 4.32415 25.2867 0 -0.627304 0.778775 16174 2 
0 9.95165 2.69653 24.3111 0 -0.391184 0.920312 16174 2 
0 32.2853 6.88178 30.2577 0 -0.998338 0.0576373 16174 2 
0 59.4109 6.7868 29.4483 0 -0.984559 0.175055 16174 2 
0 3.32335 6.78489 29.4377 0 -0.984283 0.176601 16174 2 
0 9.0551 3.54651 36.5659 0 -0.514491 -0.857496 16174 2 
0 -30.8801 6.67046 32.3933 0 -0.967681 -0.252176 16174 2 
0 11.4331 6.78198 31.8885 0 -0.98386 -0.178941 16174 2 
0 -46.3609 6.70539 32.2533 0 -0.972749 -0.231861 16174 2 
0 33.1584 6.2568 27.7621 0 -0.907672 0.41968 16174 2 
0 45.2074 3.65766 24.8122 0 -0.530616 0.847612 16174 2 
0 -35.1792 3.55911 24.7517 0 -0.516319 0.856396 16174 2 
0 62.3339 4.8417 25.7484 0 -0.702383 0.711799 16174 2 
0 29.5516 5.5589 26.5788 0 -0.806428 0.591332 16174 2 
0 46.8933 6.5751 32.725 0 -0.953848 -0.300291 16174 2 
0 -44.975 2.97806 24.4383 0 -0.432026 0.901861 16174 2 
0 6.89445 6.75682 32.0196 0 -0.98021 -0.197961 16174 2 
0 63.2738 4.90163 25.8083 0 -0.711078 0.703113 16174 2 
0 13.2691 6.71257 29.0872 0 -0.973791 0.227446 16174 2 
0 42.7793 3.88503 24.9609 0 -0.5636 0.826048 16174 2 
0 -48.014 5.95106 27.1763 0 -0.863318 0.50466 16174 2 
0 -54.737 6.43474 28.183 0 -0.933486 0.358615 16174 2 
0 17.5465 6.39816 28.0898 0 -0.928179 0.372133 16174 2 
0 -25.1403 6.73979 29.2086 0 -0.977738 0.209827 16174 2 
0 37.5219 6.71234 29.0862 0 -0.973757 0.227589 16174 2 
0 12.3047 6.83543 29.7642 0 -0.991614 0.129234 16174 2 
0 -46.0581 6.57405 28.5817 0 -0.953696 0.300773 16174 2 
0 14.0007 6.6224 32.5683 0 -0.960709 -0.277558 16174 2 
0 6.49598 6.55883 28.534 0 -0.951487 0.30769 16174 2 
0 -19.3041 6.69251 29.0036 0 -0.970881 0.239563 16174 2 
0 4.37224 5.3572 26.3171 0 -0.777167 0.629294 16174 2 
0 -13.9825 -6.73832 32.1082 0 0.977525 -0.210818 16174 2 
0 27.8447 -6.69326 32.3033 0 0.97099 -0.239121 16170 2 
0 19.3477 -6.4307 28.1725 0 0.932899 0.360137 16170 2 
0 5.8831 -6.39441 28.0805 0 0.927635 0.373488 16170 2 
0 -54.1265 -3.90909 24.9774 0 0.567091 0.823655 16170 2 
0 -46.2762 -6.87939 30.2183 0 0.997991 0.063355 16170 2 
0 -31.0272 -6.60328 28.6768 0 0.957935 0.286985 16170 2 
0 0.990952 -4.98542 25.8945 0 0.723233 0.690604 16170 2 
0 14.4039 -3.85053 24.9375 0 0.558595 0.829441 16170 2 
0 -26.4191 -5.42798 26.406 0 0.787435 0.616397 16170 2 
0 55.9696 -6.82577 29.693 0 0.990213 0.139566 16170 2 
0 16.215 -2.62094 24.2795 0 0.380218 0.924897 16170 2 
0 54.7522 -5.75078 26.8543 0 0.834263 0.551366 16170 2 
0 -60.3635 -6.37558 33.2758 0 0.924904 -0.380201 16170 2 
0 -60.1912 -6.78469 29.4365 0 0.984252 0.17677 16170 2 
0 -30.4018 -5.3358 26.2908 0 0.774063 0.633109 16170 2 
0 -36.4737 -4.69877 25.6114 0 0.681649 0.73168 16170 2 
0 37.7508 -6.63931 32.5088 0 0.963162 -0.268921 16170 2 
0 -52.8653 -6.61173 28.7052 0 0.959162 0.282858 16170 2 
0 15.7024 -3.27141 24.5875 0 0.474582 0.880211 16170 2 
0 -18.519 -3.24891 24.5754 0 0.471318 0.881963 16170 2 
0 -41.5838 -6.85636 31.3671 0 0.994649 -0.103308 16170 2 
0 -58.6633 -5.10024 26.0177 0 0.73989 0.672728 16170 2 
0 17.7598 -5.67949 26.7486 0 0.823923 0.566702 16170 2 
0 -25.8342 -6.53504 32.8482 0 0.948037 -0.318161 16170 2 
0 29.2303 -0.459032 23.7771 0 0.0665916 0.99778 16170 2 
0 33.3405 -6.87425 30.1437 0 0.997245 0.0741723 16170 2 
0 -20.3994 -3.81109 24.9111 0 0.552874 0.833265 16170 2 
0 34.0283 -6.48354 28.314 0 0.940564 0.339615 16170 2 
0 13.6329 -3.08679 24.4915 0 0.447799 0.894134 16170 2 
0 15.5712 -2.67394 24.3015 0 0.387908 0.921698 16170 2 
0 26.1694 -6.0598 27.3694 0 0.879094 0.476649 16170 2 
0 -11.0154 -1.60827 23.952 0 0.233311 0.972402 16170 2 
0 -19.3094 -6.63341 32.5298 0 0.962306 -0.271968 16170 2 
0 57.6212 -6.22328 27.6906 0 0.90281 0.43004 16170 2 
0 -64.4999 -6.59275 32.6681 0 0.956409 -0.292032 16170 2 
0 4.11238 -1.92631 24.0364 0 0.279449 0.96016 16170 2 
0 -33.5014 -6.50132 28.3638 0 0.943144 0.332383 16170 2 
0 49.1749 -2.93414 24.4174 0 0.425654 0.904886 16170 2 
0 -32.7293 -0.353188 23.7708 0 0.0512369 0.998687 16170 2 
0 -33.6469 -4.16568 25.1629 0 0.604315 0.796746 16170 2 
0 -60.8278 -6.65928 28.8743 0 0.966059 0.258321 16170 2 
0 -2.13443 -3.69064 24.833 0 0.5354 0.844598 16170 2 
0 25.5199 -6.84802 29.8667 0 0.99344 0.114357 16170 2 
0 39.1665 -4.7503 25.6599 0 0.689124 0.724643 16170 2 
0 -0.397836 -5.06201 25.976 0 0.734345 0.678777 16170 2 
0 42.8324 -2.19609 24.121 0 0.318587 0.947894 16170 2 
0 -45.61 -5.71415 26.7995 0 0.82895 0.559323 16170 2 
0 23.7722 -6.71088 29.0799 0 0.973545 0.228497 16170 2 
0 33.6875 -6.86327 31.2971 0 0.995652 -0.0931525 16170 2 
0 17.7187 -6.86888 31.2341 0 0.996466 -0.0840015 16170 2 
0 -13.5545 -1.36721 23.8987 0 0.198341 0.980133 16170 2 
0 9.12993 -1.87462 24.0216 0 0.271951 0.962311 16170 2 
0 -35.3552 -0.829638 23.8119 0 0.120355 0.992731 16170 2 
0 -2.10739 -6.47224 33.0271 0 0.938926 -0.34412 16170 2 
0 -26.6393 -3.36759 24.6404 0 0.488535 0.872544 16170 2 
0 58.7489 -2.31466 24.162 0 0.335787 0.941938 16170 2 
0 37.1696 -0.126398 23.7629 0 0.0183366 0.999832 16170 2 
0 47.309 -4.63599 25.5536 0 0.672541 0.74006 16170 2 
0 27.3397 -0.866139 23.8164 0 0.125651 0.992075 16170 2 
0 30.2005 -4.74165 25.6517 0 0.68787 0.725834 16170 2 
0 3.14523 -2.21268 24.1266 0 0.320992 0.947082 16170 2 
0 10.6518 -23.2162 33.5836 0 0 1 16287 1 
0 -32.3569 -10.5915 33.5836 0 0 1 16287 1 
0 43.7302 -15.5336 33.5836 0 0 1 16287 1 
0 61.296 -15.5263 33.5836 0 0 1 16287 1 
0 36.6448 -15.6721 33.5836 0 0 1 16287 1 
0 -1.16638 -22.8692 33.5836 0 0 1 16287 1 
0 7.15063 -19.5268 33.5836 0 0 1 16287 1 
0 55.8556 -21.0876 33.5836 0 0 1 16287 1 
0 58.6473 -8.17852 33.5836 0 0 1 16287 1 
0 40.266 -6.59645 33.5836 0 0 1 16287 1 
0 40.6016 -11.9727 33.5836 0 0 1 16287 1 
0 12.7968 -21.0539 33.5836 0 0 1 16287 1 
0 -19.407 -9.21635 33.5836 0 0 1 16287 1 
0 -33.6502 -17.822 33.5836 0 0 1 16287 1 
0 57.9627 -21.2517 33.5836 0 0 1 16287 1 
0 -10.0167 -19.7624 33.5836 0 0 1 16287 1 
0 12.778 -8.55597 33.5836 0 0 1 16287 1 
0 -27.0494 -13.4084 33.5836 0 0 1 16287 1 
0 12.3333 -11.7392 33.5836 0 0 1 16287 1 
0 -46.543 -19.4919 33.5836 0 0 1 16287 1 
0 -42.1022 -20.4668 33.5836 0 0 1 16287 1 
0 -39.6607 -21.3895 33.5836 0 0 1 16287 1 
0 9.64831 -12.3699 33.5836 0 0 1 16287 1 
0 -28.564 -12.2225 33.5836 0 0 1 16287 1 
0 45.1664 -15.3268 33.5836 0 0 1 16287 1 
0 20.245 -22.3031 33.5836 0 0 1 16287 1 
0 -22.5221 -20.9053 33.5836 0 0 1 16287 1 
0 -63.5227 -13.6456 33.5836 0 0 1 16287 1 
0 3.29479 -12.8387 33.5836 0 0 1 16287 1 
0 9.35018 -17.7389 33.5836 0 0 1 16287 1 
0 -14.0637 -18.5075 33.5836 0 0 1 16287 1 
0 -48.2443 -7.68562 33.5836 0 0 1 16287 1 
0 -47.1536 -8.29796 33.5836 0 0 1 16287 1 
0 -25.968 -6.69019 33.5836 0 0 1 16287 1 
0 36.5069 -18.9138 33.5836 0 0 1 16287 1 
0 37.3615 -15.0593 33.5836 0 0 1 16287 1 
0 -30.2073 -9.72175 33.5836 0 0 1 16287 1 
0 20.6684 -11.7044 33.5836 0 0 1 16287 1 
0 46.9771 -7.67867 33.5836 0 0 1 16287 1 
0 53.2179 -13.6859 33.5836 0 0 1 16287 1 
0 5.51922 -21.3145 33.5836 0 0 1 16287 1 
0 -26.1283 -17.3311 33.5836 0 0 1 16287 1 
0 -6.59829 -10.0479 33.5836 0 0 1 16287 1 
0 -33.4684 -15.3206 33.5836 0 0 1 16287 1 
0 43.4142 -18.2025 33.5836 0 0 1 16287 1 
0 63.226 -11.7744 33.5836 0 0 1 16287 1 
0 35.737 -16.0738 33.5836 0 0 1 16287 1 
0 -50.8518 -23.0023 33.5836 0 0 1 16287 1 
0 21.4373 -12.8346 33.5836 0 0 1 16287 1 
0 30.7776 -16.9352 33.5836 0 0 1 16287 1 
0 -61.4623 -14.2657 33.5836 0 0 1 16287 1 
0 -0.213964 -12.5662 33.5836 0 0 1 16287 1 
0 46.7412 -10.853 33.5836 0 0 1 16287 1 
0 61.5664 -18.2437 33.5836 0 0 1 16287 1 
0 -34.2301 -21.1885 33.5836 0 0 1 16287 1 
0 61.3717 -9.259 33.5836 0 0 1 16287 1 
0 27.2672 -22.5048 33.5836 0 0 1 16287 1 
0 -10.5164 -21.3587 33.5836 0 0 1 16287 1 
0 -63.6343 -8.90405 33.5836 0 0 1 16287 1 
0 7.80437 -15.8876 33.5836 0 0 1 16287 1 
0 39.4598 -12.2418 33.5836 0 0 1 16287 1 
0 61.3501 -23.3189 33.6404 0 1 0 6415 1 
0 63.101 -23.3189 44.5367 0 1 0 6415 1 
0 59.3061 -23.3189 39.6856 0 1 0 6415 1 
0 -43.4775 -23.3189 33.7013 0 1 0 6415 1 
0 -53.0823 -23.3189 45.6805 0 1 0 6415 1 
0 62.3172 -23.3189 36.4042 0 1 0 6415 1 
0 55.8528 -23.3189 42.7979 0 1 0 6415 1 
0 -20.7639 -23.3189 34.2545 0 1 0 6415 1 
0 -6.98732 -23.3189 36.0063 0 1 0 6415 1 
0 45.5092 -23.3189 45.5604 0 1 0 6415 1 
0 -26.2988 -23.3189 42.2561 0 1 0 6415 1 
0 36.7132 -23.3189 35.0981 0 1 0 6415 1 
0 -9.93674 -23.3189 42.7371 0 1 0 6415 1 
0 0.10815 -23.3189 38.8122 0 1 0 6415 1 
0 -22.6209 -23.3189 41.795 0 1 0 6415 1 
0 -51.6081 -23.3189 34.4913 0 1 0 6415 1 
0 -1.296 -23.3189 36.3496 0 1 0 6415 1 
0 -27.3433 -23.3189 39.6368 0 1 0 6415 1 
0 19.3066 -23.3189 45.1641 0 1 0 6415 1 
0 39.4467 -23.3189 42.3841 0 1 0 6415 1 
0 51.6224 -23.3189 44.9885 0 1 0 6415 1 
0 -23.1616 -23.3189 35.2038 0 1 0 6415 1 
0 58.5434 -23.3189 36.9034 0 1 0 6415 1 
0 -2.17341 -23.3189 40.8071 0 1 0 6415 1 
0 58.9915 -23.3189 34.7325 0 1 0 6415 1 
0 39.0925 -23.3189 45.4254 0 1 0 6415 1 
0 -40.0259 -23.3189 39.6586 0 1 0 6415 1 
0 -33.5479 -23.3189 40.1531 0 1 0 6415 1 
0 63.283 -23.3189 37.8208 0 1 0 6415 1 
0 17.4628 -23.3189 33.8384 0 1 0 6415 1 
0 25.7345 -23.3189 38.8872 0 1 0 6415 1 
0 44.7077 -23.3189 39.5147 0 1 0 6415 1 
0 51.1878 -23.3189 38.6478 0 1 0 6415 1 
0 -23.3407 -23.3189 41.952 0 1 0 6415 1 
0 -25.7061 -23.3189 38.066 0 1 0 6415 1 
0 -34.0989 -23.3189 42.3427 0 1 0 6415 1 
0 -8.02939 -23.3189 35.465 0 1 0 6415 1 
0 33.803 -23.3189 40.9294 0 1 0 6415 1 
0 -59.1953 -23.3189 36.952 0 1 0 6415 1 
0 -3.9515 -23.3189 33.6348 0 1 0 6415 1 
0 -18.2132 -23.3189 36.5001 0 1 0 6415 1 
0 -25.1163 -23.3189 35.2406 0 1 0 6415 1 
0 -20.8678 -23.3189 36.2146 0 1 0 6415 1 
0 16.1574 -23.3189 39.2836 0 1 0 6415 1 
0 -59.3446 -23.3189 42.4642 0 1 0 6415 1 
0 -39.5153 -23.3189 36.7923 0 1 0 6415 1 
0 -35.9673 -23.3189 39.661 0 1 0 6415 1 
0 -27.2746 -23.3189 43.8058 0 1 0 6415 1 
0 -37.3218 -23.3189 38.8787 0 1 0 6415 1 
0 1.28495 -23.3189 41.2446 0 1 0 6415 1 
0 -60.5311 -23.3189 43.0547 0 1 0 6415 1 
0 21.1353 -23.3189 37.609 0 1 0 6415 1 
0 -23.6903 -23.3189 42.0101 0 1 0 6415 1 
0 43.3951 -23.3189 44.6265 0 1 0 6415 1 
0 -35.1972 -23.3189 44.5717 0 1 0 6415 1 
0 57.9562 -23.3189 37.7802 0 1 0 6415 1 
0 30.2053 -23.3189 35.7067 0 1 0 6415 1 
0 51.7755 -23.3189 43.6766 0 1 0 6415 1 
0 -25.0106 -23.3189 35.5448 0 1 0 6415 1 
0 -12.7011 -23.3189 33.6297 0 1 0 6415 1 
0 -52.8545 -23.3189 39.1099 0 1 0 6415 1 
0 36.4119 -29.4967 37.9637 0 0 1 10409 1 
0 -52.9277 -35.2339 37.9637 0 0 1 10409 1 
0 -30.3279 -32.0304 37.9637 0 0 1 10409 1 
0 -15.3107 -33.38 37.9637 0 0 1 10409 1 
0 -47.0908 -30.0873 37.9637 0 0 1 10409 1 
0 -17.7649 -31.5991 37.9637 0 0 1 10409 1 
0 -36.6705 -30.3266 37.9637 0 0 1 10409 1 
0 -40.9533 -33.4663 37.9637 0 0 1 10409 1 
0 32.3104 -34.0515 37.9637 0 0 1 10409 1 
0 53.1559 -27.5339 37.9637 0 0 1 10409 1 
0 26.91 -27.7827 37.9637 0 0 1 10409 1 
0 32.0372 -43.0534 37.9637 0 0 1 10409 1 
0 -49.3584 -27.4224 37.9637 0 0 1 10409 1 
0 -24.7135 -39.6121 37.9637 0 0 1 10409 1 
0 -0.253756 -41.1839 37.9637 0 0 1 10409 1 
0 16.4842 -28.9511 37.9637 0 0 1 10409 1 
0 56.766 -29.9493 37.9637 0 0 1 10409 1 
0 -4.18559 -36.1245 37.9637 0 0 1 10409 1 
0 -62.467 -40.8925 37.9637 0 0 1 10409 1 
0 20.2414 -37.5965 37.9637 0 0 1 10409 1 
0 15.6958 -40.3975 37.9637 0 0 1 10409 1 
0 -31.6195 -33.3539 37.9637 0 0 1 10409 1 
0 37.011 -32.6707 37.9637 0 0 1 10409 1 
0 54.8743 -42.2682 37.9637 0 0 1 10409 1 
0 -52.945 -43.0024 37.9637 0 0 1 10409 1 
0 2.43381 -37.4911 37.9637 0 0 1 10409 1 
0 -1.18605 -31.6742 37.9637 0 0 1 10409 1 
0 -37.2144 -39.1946 37.9637 0 0 1 10409 1 
0 -0.0137433 -36.9113 37.9637 0 0 1 10409 1 
0 -0.321215 -33.0086 37.9637 0 0 1 10409 1 
0 -51.0363 -28.7529 37.9637 0 0 1 10409 1 
0 36.1454 -33.1031 37.9637 0 0 1 10409 1 
0 62.7227 -35.0007 37.9637 0 0 1 10409 1 
0 -59.4359 -30.4508 37.9637 0 0 1 10409 1 
0 -26.7489 -37.4726 37.9637 0 0 1 10409 1 
0 -18.4779 -38.0549 37.9637 0 0 1 10409 1 
0 -58.9305 -29.5007 37.9637 0 0 1 10409 1 
0 18.8322 -41.6417 37.9637 0 0 1 10409 1 
0 56.0236 -37.6961 37.9637 0 0 1 10409 1 
0 -28.3152 -29.2528 37.9637 0 0 1 10409 1 
0 -16.2271 -34.902 37.9637 0 0 1 10409 1 
0 -43.3202 -27.9591 37.9637 0 0 1 10409 1 
0 -4.51489 -41.5516 37.9637 0 0 1 10409 1 
0 51.733 -33.9262 37.9637 0 0 1 10409 1 
0 -7.64296 -32.106 37.9637 0 0 1 10409 1 
0 7.41804 -27.7861 37.9637 0 0 1 10409 1 
0 35.5843 -33.0677 37.9637 0 0 1 10409 1 
0 58.857 -37.2758 37.9637 0 0 1 10409 1 
0 -43.7886 -37.6392 37.9637 0 0 1 10409 1 
0 57.0791 -31.0683 37.9637 0 0 1 10409 1 
0 -51.0775 -28.6602 37.9637 0 0 1 10409 1 
0 47.3407 -37.6907 37.9637 0 0 1 10409 1 
0 8.13592 -32.0715 37.9637 0 0 1 10409 1 
0 1.5908 -37.6141 37.9637 0 0 1 10409 1 
0 -58.7364 -35.7271 37.9637 0 0 1 10409 1 
0 -31.2568 -34.8031 37.9637 0 0 1 10409 1 
0 41.9793 -38.4318 37.9637 0 0 1 10409 1 
0 31.7721 -40.8794 37.9637 0 0 1 10409 1 
0 44.0069 -33.2263 37.9637 0 0 1 10409 1 
0 63.3619 -36.8442 37.9637 0 0 1 10409 1 
0 58.8861 -39.2364 37.9637 0 0 1 10409 1 
0 -36.6132 -27.111 44.0538 0 -1 0 10415 1 
0 8.01942 -27.111 44.6706 0 -1 0 10415 1 
0 -44.4559 -27.111 44.1814 0 -1 0 10415 1 
0 -0.769892 -27.111 38.7186 0 -1 0 10415 1 
0 45.5113 -27.111 39.7565 0 -1 0 10415 1 
0 30.1245 -27.111 40.4971 0 -1 0 10415 1 
0 35.9568 -27.111 39.9721 0 -1 0 10415 1 
0 13.8004 -27.111 42.4489 0 -1 0 10415 1 
0 -19.443 -27.111 39.4362 0 -1 0 10415 1 
0 41.6923 -27.111 41.5925 0 -1 0 10415 1 
0 -18.7984 -27.111 41.5839 0 -1 0 10415 1 
0 -40.7238 -27.111 44.3278 0 -1 0 10415 1 
0 -39.8577 -27.111 40.9897 0 -1 0 10415 1 
0 1.0815 -27.111 38.3771 0 -1 0 10415 1 
0 -37.0865 -27.111 40.7335 0 -1 0 10415 1 
0 21.1525 -27.111 45.442 0 -1 0 10415 1 
0 -12.5886 -27.111 38.0698 0 -1 0 10415 1 
0 12.8834 -27.111 41.7964 0 -1 0 10415 1 
0 -9.19244 -27.111 42.4641 0 -1 0 10415 1 
0 -3.14056 -27.111 42.7095 0 -1 0 10415 1 
0 -1.35061 -27.111 41.1122 0 -1 0 10415 1 
0 63.2885 -27.111 44.0993 0 -1 0 10415 1 
0 -31.8664 -27.111 41.135 0 -1 0 10415 1 
0 45.0488 -27.111 45.3068 0 -1 0 10415 1 
0 -21.879 -27.111 43.0757 0 -1 0 10415 1 
0 4.47195 -27.111 43.6826 0 -1 0 10415 1 
0 -50.6822 -27.111 42.3895 0 -1 0 10415 1 
0 15.1799 -27.111 39.4122 0 -1 0 10415 1 
0 20.0261 -27.111 43.1372 0 -1 0 10415 1 
0 36.4004 -27.111 41.1241 0 -1 0 10415 1 
0 63.1453 -27.111 42.0296 0 -1 0 10415 1 
0 -8.16224 -27.111 38.8675 0 -1 0 10415 1 
0 -13.6993 -27.111 40.8585 0 -1 0 10415 1 
0 -40.018 -27.111 45.3046 0 -1 0 10415 1 
0 12.3253 -27.111 39.7007 0 -1 0 10415 1 
0 -53.9464 -27.111 39.2038 0 -1 0 10415 1 
0 29.0344 -27.111 40.308 0 -1 0 10415 1 
0 48.7667 -27.111 45.0608 0 -1 0 10415 1 
0 23.9401 -27.111 42.5967 0 -1 0 10415 1 
0 5.73678 -27.111 44.3158 0 -1 0 10415 1 
0 11.5046 -27.111 39.0553 0 -1 0 10415 1 
0 21.9238 -27.111 41.6444 0 -1 0 10415 1 
0 -11.1445 -27.111 42.1232 0 -1 0 10415 1 
0 -18.5462 -27.111 44.7038 0 -1 0 10415 1 
0 -37.5897 -27.111 39.8389 0 -1 0 10415 1 
0 -11.4307 -27.111 44.0337 0 -1 0 10415 1 
0 -28.5069 -27.111 44.37 0 -1 0 10415 1 
0 39.4404 -27.111 41.1286 0 -1 0 10415 1 
0 51.0701 -27.111 38.4179 0 -1 0 10415 1 
0 62.7037 -27.111 45.6443 0 -1 0 10415 1 
0 12.3977 -27.111 42.1242 0 -1 0 10415 1 
0 18.042 -27.111 40.4151 0 -1 0 10415 1 
0 19.1235 -27.111 42.5671 0 -1 0 10415 1 
0 -1.79794 -27.111 38.496 0 -1 0 10415 1 
0 64.0969 -27.111 42.4262 0 -1 0 10415 1 
0 38.6056 -27.111 37.9725 0 -1 0 10415 1 
0 -57.9553 -27.111 43.2933 0 -1 0 10415 1 
0 50.2299 -27.111 44.2251 0 -1 0 10415 1 
0 45.5307 -27.111 39.0207 0 -1 0 10415 1 
0 59.0925 -27.111 44.6501 0 -1 0 10415 1 
0 -48.9989 -27.111 45.4881 0 -1 0 10415 1 
0 -46.8253 -24.6412 45.7002 0 0 1 10516 1 
0 48.1783 -23.3781 45.7002 0 0 1 10516 1 
0 15.2995 -26.1811 45.7002 0 0 1 10516 1 
0 58.6836 -24.3575 45.7002 0 0 1 10516 1 
0 22.1128 -24.9165 45.7002 0 0 1 10516 1 
0 -57.4891 -26.1046 45.7002 0 0 1 10516 1 
0 -27.6112 -24.3574 45.7002 0 0 1 10516 1 
0 12.6544 -26.7902 45.7002 0 0 1 10516 1 
0 -59.4908 -26.7351 45.7002 0 0 1 10516 1 
0 11.052 -26.8135 45.7002 0 0 1 10516 1 
0 -41.0691 -26.993 45.7002 0 0 1 10516 1 
0 -32.8588 -24.7237 45.7002 0 0 1 10516 1 
0 28.6628 -24.8957 45.7002 0 0 1 10516 1 
0 62.0921 -24.4848 45.7002 0 0 1 10516 1 
0 -3.61654 -24.6492 45.7002 0 0 1 10516 1 
0 39.8613 -23.6851 45.7002 0 0 1 10516 1 
0 -26.2925 -23.4304 45.7002 0 0 1 10516 1 
0 46.7962 -24.536 45.7002 0 0 1 10516 1 
0 -36.452 -25.2806 45.7002 0 0 1 10516 1 
0 -18.1026 -26.007 45.7002 0 0 1 10516 1 
0 -24.9753 -26.8767 45.7002 0 0 1 10516 1 
0 -17.8973 -26.3446 45.7002 0 0 1 10516 1 
0 43.9517 -24.9265 45.7002 0 0 1 10516 1 
0 20.1006 -24.8394 45.7002 0 0 1 10516 1 
0 51.7989 -26.4993 45.7002 0 0 1 10516 1 
0 28.9304 -26.2563 45.7002 0 0 1 10516 1 
0 53.6401 -26.327 45.7002 0 0 1 10516 1 
0 -18.3264 -26.3318 45.7002 0 0 1 10516 1 
0 -60.0892 -24.3212 45.7002 0 0 1 10516 1 
0 -51.0165 -23.3437 45.7002 0 0 1 10516 1 
0 -53.2972 -24.396 45.7002 0 0 1 10516 1 
0 57.2939 -24.9233 45.7002 0 0 1 10516 1 
0 2.39564 -26.6064 45.7002 0 0 1 10516 1 
0 47.05 -24.1335 45.7002 0 0 1 10516 1 
0 -25.3346 -25.716 45.7002 0 0 1 10516 1 
0 -6.37705 -24.6063 45.7002 0 0 1 10516 1 
0 -61.8129 -23.787 45.7002 0 0 1 10516 1 
0 -11.0487 -27.0316 45.7002 0 0 1 10516 1 
0 -58.5855 -24.5461 45.7002 0 0 1 10516 1 
0 -1.68341 -25.1547 45.7002 0 0 1 10516 1 
0 -45.2039 -25.5742 45.7002 0 0 1 10516 1 
0 -57.1078 -25.6225 45.7002 0 0 1 10516 1 
0 6.96469 -23.5447 45.7002 0 0 1 10516 1 
0 -11.8646 -24.1285 45.7002 0 0 1 10516 1 
0 -14.3442 -26.5339 45.7002 0 0 1 10516 1 
0 27.5591 -25.6136 45.7002 0 0 1 10516 1 
0 -44.4881 -25.5629 45.7002 0 0 1 10516 1 
0 -51.64 -24.7764 45.7002 0 0 1 10516 1 
0 30.3244 -26.0726 45.7002 0 0 1 10516 1 
0 47.2977 -24.1671 45.7002 0 0 1 10516 1 
0 -17.7644 -26.223 45.7002 0 0 1 10516 1 
0 -25.5035 -25.1514 45.7002 0 0 1 10516 1 
0 -38.891 -26.4004 45.7002 0 0 1 10516 1 
0 62.5884 -23.4238 45.7002 0 0 1 10516 1 
0 58.2129 -26.942 45.7002 0 0 1 10516 1 
0 60.0465 -24.5007 45.7002 0 0 1 10516 1 
0 -62.919 -24.8023 45.7002 0 0 1 10516 1 
0 -5.63303 -26.3074 45.7002 0 0 1 10516 1 
0 27.8767 -25.7503 45.7002 0 0 1 10516 1 
0 -3.18053 -25.2567 45.7002 0 0 1 10516 1 
0 -17.7555 -26.2348 45.7002 0 0 1 10516 1 
0 -2.57349 23.3189 59.3923 0 -1 0 2344 1 
0 49.4929 23.3189 35.8133 0 -1 0 2344 1 
0 44.6834 23.3189 46.2391 0 -1 0 2344 1 
0 -48.8687 23.3189 55.5074 0 -1 0 2344 1 
0 48.3735 23.3189 38.7824 0 -1 0 2344 1 
0 -44.0309 23.3189 50.7628 0 -1 0 2344 1 
0 13.0603 23.3189 53.9484 0 -1 0 2344 1 
0 55.4387 23.3189 35.6213 0 -1 0 2344 1 
0 -17.5352 23.3189 43.7139 0 -1 0 2344 1 
0 -20.561 23.3189 34.7768 0 -1 0 2344 1 
0 48.8896 23.3189 51.6533 0 -1 0 2344 1 
0 -9.42509 23.3189 60.3034 0 -1 0 2344 1 
0 -20.4651 23.3189 35.9894 0 -1 0 2344 1 
0 -49.6485 23.3189 36.7599 0 -1 0 2344 1 
0 26.5794 23.3189 41.2989 0 -1 0 2344 1 
0 -6.49715 23.3189 33.6377 0 -1 0 2344 1 
0 63.0819 23.3189 58.2331 0 -1 0 2344 1 
0 -12.6317 23.3189 56.7774 0 -1 0 2344 1 
0 -26.5375 23.3189 43.0197 0 -1 0 2344 1 
0 46.0302 23.3189 34.9666 0 -1 0 2344 1 
0 -56.9897 23.3189 60.8441 0 -1 0 2344 1 
0 27.5692 23.3189 40.1528 0 -1 0 2344 1 
0 -35.1972 23.3189 41.3931 0 -1 0 2344 1 
0 -25.1286 23.3189 35.0988 0 -1 0 2344 1 
0 51.6011 23.3189 51.9358 0 -1 0 2344 1 
0 -49.8929 23.3189 44.2726 0 -1 0 2344 1 
0 63.3836 23.3189 56.6513 0 -1 0 2344 1 
0 63.2809 23.3189 57.6404 0 -1 0 2344 1 
0 -33.5759 23.3189 60.5163 0 -1 0 2344 1 
0 -8.36461 23.3189 40.7941 0 -1 0 2344 1 
0 -3.12484 23.3189 38.9695 0 -1 0 2344 1 
0 37.4849 23.3189 46.3925 0 -1 0 2344 1 
0 -7.029 23.3189 46.7889 0 -1 0 2344 1 
0 13.3623 23.3189 41.3079 0 -1 0 2344 1 
0 61.3184 23.3189 47.2769 0 -1 0 2344 1 
0 -50.6919 23.3189 33.5893 0 -1 0 2344 1 
0 24.0289 23.3189 41.2029 0 -1 0 2344 1 
0 55.9852 23.3189 55.6706 0 -1 0 2344 1 
0 10.0881 23.3189 50.9379 0 -1 0 2344 1 
0 8.60103 23.3189 44.265 0 -1 0 2344 1 
0 35.1647 23.3189 38.0214 0 -1 0 2344 1 
0 -25.0466 23.3189 58.9443 0 -1 0 2344 1 
0 61.1842 23.3189 57.833 0 -1 0 2344 1 
0 -48.2561 23.3189 54.8791 0 -1 0 2344 1 
0 37.2207 23.3189 60.2533 0 -1 0 2344 1 
0 31.6996 23.3189 52.2608 0 -1 0 2344 1 
0 4.37323 23.3189 41.6603 0 -1 0 2344 1 
0 33.8864 23.3189 44.3987 0 -1 0 2344 1 
0 35.0161 23.3189 38.1197 0 -1 0 2344 1 
0 -14.8657 23.3189 43.2578 0 -1 0 2344 1 
0 -30.9733 23.3189 35.1259 0 -1 0 2344 1 
0 -53.9344 23.3189 52.9836 0 -1 0 2344 1 
0 -36.0708 23.3189 37.0263 0 -1 0 2344 1 
0 46.0376 23.3189 57.928 0 -1 0 2344 1 
0 -32.9369 23.3189 45.789 0 -1 0 2344 1 
0 -55.6301 23.3189 38.101 0 -1 0 2344 1 
0 23.579 23.3189 44.4126 0 -1 0 2344 1 
0 -13.7947 23.3189 47.3012 0 -1 0 2344 1 
0 29.9886 23.3189 54.8791 0 -1 0 2344 1 
0 11.2039 23.3189 36.5751 0 -1 0 2344 1 
0 1.29151 23.3189 43.0548 0 -1 0 2344 1 
0 -28.8039 41.58 61.31 0 0 1 2441 1 
0 48.8756 36.2482 61.31 0 0 1 2441 1 
0 -47.4266 24.0034 61.31 0 0 1 2441 1 
0 -59.4379 46.8526 61.31 0 0 1 2441 1 
0 49.5144 41.216 61.31 0 0 1 2441 1 
0 46.5551 25.3001 61.31 0 0 1 2441 1 
0 63.756 33.654 61.31 0 0 1 2441 1 
0 -33.734 23.3725 61.31 0 0 1 2441 1 
0 51.2463 25.0591 61.31 0 0 1 2441 1 
0 -61.3645 33.7278 61.31 0 0 1 2441 1 
0 -47.3363 27.6915 61.31 0 0 1 2441 1 
0 -57.763 31.5077 61.31 0 0 1 2441 1 
0 -2.30761 29.1572 61.31 0 0 1 2441 1 
0 52.0867 43.008 61.31 0 0 1 2441 1 
0 -14.4413 23.8953 61.31 0 0 1 2441 1 
0 6.96478 40.1789 61.31 0 0 1 2441 1 
0 -54.8682 38.4599 61.31 0 0 1 2441 1 
0 63.38 30.0398 61.31 0 0 1 2441 1 
0 0.706296 44.1123 61.31 0 0 1 2441 1 
0 -58.4917 36.5139 61.31 0 0 1 2441 1 
0 40.1211 31.8726 61.31 0 0 1 2441 1 
0 41.7774 30.2441 61.31 0 0 1 2441 1 
0 -39.6375 30.8116 61.31 0 0 1 2441 1 
0 -43.5009 27.0558 61.31 0 0 1 2441 1 
0 33.3525 32.2516 61.31 0 0 1 2441 1 
0 -30.0999 35.3499 61.31 0 0 1 2441 1 
0 40.4205 46.316 61.31 0 0 1 2441 1 
0 -12.5287 24.7595 61.31 0 0 1 2441 1 
0 19.0397 40.4476 61.31 0 0 1 2441 1 
0 -53.6089 24.9348 61.31 0 0 1 2441 1 
0 16.1395 33.2078 61.31 0 0 1 2441 1 
0 -49.0272 26.7528 61.31 0 0 1 2441 1 
0 -26.3449 30.9248 61.31 0 0 1 2441 1 
0 62.4101 28.0955 61.31 0 0 1 2441 1 
0 -50.6425 36.5003 61.31 0 0 1 2441 1 
0 -8.69005 44.2021 61.31 0 0 1 2441 1 
0 36.6354 36.4098 61.31 0 0 1 2441 1 
0 -27.9135 31.8603 61.31 0 0 1 2441 1 
0 -23.2197 45.154 61.31 0 0 1 2441 1 
0 -5.13567 42.8541 61.31 0 0 1 2441 1 
0 54.5224 35.2224 61.31 0 0 1 2441 1 
0 14.0461 29.5034 61.31 0 0 1 2441 1 
0 24.6726 44.1788 61.31 0 0 1 2441 1 
0 35.0742 29.3737 61.31 0 0 1 2441 1 
0 8.35186 37.0687 61.31 0 0 1 2441 1 
0 -33.6811 46.7889 61.31 0 0 1 2441 1 
0 -3.56561 43.6475 61.31 0 0 1 2441 1 
0 -7.45945 39.2118 61.31 0 0 1 2441 1 
0 -31.6965 33.743 61.31 0 0 1 2441 1 
0 60.8739 25.8283 61.31 0 0 1 2441 1 
0 37.3467 31.6866 61.31 0 0 1 2441 1 
0 -18.9403 32.9369 61.31 0 0 1 2441 1 
0 -2.70401 36.9715 61.31 0 0 1 2441 1 
0 -12.7678 26.9337 61.31 0 0 1 2441 1 
0 -47.1052 35.2062 61.31 0 0 1 2441 1 
0 -9.54582 41.1822 61.31 0 0 1 2441 1 
0 -32.7999 27.467 61.31 0 0 1 2441 1 
0 -25.7903 23.7621 61.31 0 0 1 2441 1 
0 1.25118 33.8286 61.31 0 0 1 2441 1 
0 -51.3753 29.7913 61.31 0 0 1 2441 1 
0 -49.9635 28.0313 61.31 0 0 1 2441 1 
0 -2.89058 46.9855 9.18581 0 1 0 595 1 
0 7.51666 46.9855 44.5588 0 1 0 595 1 
0 7.58592 46.9855 13.4165 0 1 0 595 1 
0 3.44138 46.9855 51.958 0 1 0 595 1 
0 1.75213 46.9855 38.024 0 1 0 595 1 
0 -15.3895 46.9855 51.8091 0 1 0 595 1 
0 -23.3689 46.9855 8.51881 0 1 0 595 1 
0 31.1306 46.9855 59.6735 0 1 0 595 1 
0 0.304328 46.9855 37.048 0 1 0 595 1 
0 -31.856 46.9855 44.0279 0 1 0 595 1 
0 -22.4596 46.9855 20.1771 0 1 0 595 1 
0 15.2059 46.9855 10.0852 0 1 0 595 1 
0 -54.218 46.9855 57.3838 0 1 0 595 1 
0 61.838 46.9855 53.169 0 1 0 595 1 
0 -17.1831 46.9855 42.7275 0 1 0 595 1 
0 1.74764 46.9855 34.1004 0 1 0 595 1 
0 23.4609 46.9855 47.9029 0 1 0 595 1 
0 6.95894 46.9855 14.0946 0 1 0 595 1 
0 -64.4096 46.9855 24.3857 0 1 0 595 1 
0 -13.6125 46.9855 29.7249 0 1 0 595 1 
0 53.1134 46.9855 51.7423 0 1 0 595 1 
0 31.5177 46.9855 57.933 0 1 0 595 1 
0 2.6485 46.9855 39.3232 0 1 0 595 1 
0 -40.9126 46.9855 33.4011 0 1 0 595 1 
0 62.7017 46.9855 61.0268 0 1 0 595 1 
0 -38.6597 46.9855 41.708 0 1 0 595 1 
0 23.6786 46.9855 55.1304 0 1 0 595 1 
0 62.4856 46.9855 40.6373 0 1 0 595 1 
0 -27.1771 46.9855 52.4989 0 1 0 595 1 
0 11.9988 46.9855 6.26227 0 1 0 595 1 
0 -59.1444 46.9855 34.5245 0 1 0 595 1 
0 -16.7444 46.9855 13.7964 0 1 0 595 1 
0 30.6146 46.9855 10.4411 0 1 0 595 1 
0 -64.223 46.9855 16.1638 0 1 0 595 1 
0 36.5016 46.9855 33.8084 0 1 0 595 1 
0 -55.3455 46.9855 3.232 0 1 0 595 1 
0 34.1895 46.9855 40.0339 0 1 0 595 1 
0 -43.124 46.9855 47.5629 0 1 0 595 1 
0 -17.1622 46.9855 36.501 0 1 0 595 1 
0 61.3247 46.9855 42.9381 0 1 0 595 1 
0 -0.740699 46.9855 30.3983 0 1 0 595 1 
0 53.019 46.9855 37.2844 0 1 0 595 1 
0 50.6962 46.9855 26.5952 0 1 0 595 1 
0 10.6366 46.9855 51.071 0 1 0 595 1 
0 -6.22336 46.9855 20.8087 0 1 0 595 1 
0 -57.9291 46.9855 12.513 0 1 0 595 1 
0 -64.5392 46.9855 45.5767 0 1 0 595 1 
0 -0.252858 46.9855 34.7416 0 1 0 595 1 
0 30.8846 46.9855 8.13123 0 1 0 595 1 
0 0.393524 46.9855 59.0553 0 1 0 595 1 
0 32.7523 46.9855 56.253 0 1 0 595 1 
0 -0.815613 46.9855 43.5057 0 1 0 595 1 
0 -29.6416 46.9855 1.67944 0 1 0 595 1 
0 -0.850106 46.9855 22.7537 0 1 0 595 1 
0 -40.6456 46.9855 59.4056 0 1 0 595 1 
0 29.0621 46.9855 41.1881 0 1 0 595 1 
0 -11.6167 46.9855 40.4697 0 1 0 595 1 
0 44.6684 46.9855 1.08701 0 1 0 595 1 
0 35.0169 46.9855 29.8618 0 1 0 595 1 
0 -33.8499 46.9855 14.2749 0 1 0 595 1 
0 46.341 46.9855 22.8499 0 1 0 595 1 
0 -9.01845 -46.9855 28.3955 0 -1 0 23794 1 
0 10.1632 -46.9855 32.6267 0 -1 0 23794 1 
0 50.4097 -46.9855 33.5295 0 -1 0 23794 1 
0 18.7759 -46.9855 18.7944 0 -1 0 23794 1 
0 -1.82642 -46.9855 32.4125 0 -1 0 23794 1 
0 -40.67 -46.9855 10.013 0 -1 0 23794 1 
0 -20.4513 -46.9855 22.2995 0 -1 0 23794 1 
0 -25.4219 -46.9855 3.61277 0 -1 0 23794 1 
0 -41.225 -46.9855 15.2788 0 -1 0 23794 1 
0 28.6999 -46.9855 16.8795 0 -1 0 23794 1 
0 21.474 -46.9855 34.1524 0 -1 0 23794 1 
0 -16.4411 -46.9855 23.3667 0 -1 0 23794 1 
0 -13.8489 -46.9855 23.6728 0 -1 0 23794 1 
0 15.4569 -46.9855 40.1687 0 -1 0 23794 1 
0 -27.8939 -46.9855 12.3823 0 -1 0 23794 1 
0 -35.2057 -46.9855 20.4968 0 -1 0 23794 1 
0 18.8853 -46.9855 12.1539 0 -1 0 23794 1 
0 -63.7611 -46.9855 41.4037 0 -1 0 23794 1 
0 -7.12781 -46.9855 12.2449 0 -1 0 23794 1 
0 -19.3537 -46.9855 24.0585 0 -1 0 23794 1 
0 45.3208 -46.9855 19.7187 0 -1 0 23794 1 
0 -59.3744 -46.9855 36.873 0 -1 0 23794 1 
0 11.888 -46.9855 38.5326 0 -1 0 23794 1 
0 13.3534 -46.9855 18.8792 0 -1 0 23794 1 
0 -52.967 -46.9855 21.4747 0 -1 0 23794 1 
0 -4.99015 -46.9855 23.3261 0 -1 0 23794 1 
0 -12.174 -46.9855 8.62796 0 -1 0 23794 1 
0 -0.890078 -46.9855 20.0088 0 -1 0 23794 1 
0 -19.7348 -46.9855 23.6206 0 -1 0 23794 1 
0 8.86611 -46.9855 31.0666 0 -1 0 23794 1 
0 -35.6606 -46.9855 24.8654 0 -1 0 23794 1 
0 17.693 -46.9855 25.3135 0 -1 0 23794 1 
0 -55.1997 -46.9855 14.9144 0 -1 0 23794 1 
0 61.8608 -46.9855 32.0625 0 -1 0 23794 1 
0 -12.5712 -46.9855 30.5141 0 -1 0 23794 1 
0 27.4026 -46.9855 22.0776 0 -1 0 23794 1 
0 -41.9649 -46.9855 10.4041 0 -1 0 23794 1 
0 -10.6789 -46.9855 7.88986 0 -1 0 23794 1 
0 -34.7292 -46.9855 41.2858 0 -1 0 23794 1 
0 -31.6426 -46.9855 29.2367 0 -1 0 23794 1 
0 34.871 -46.9855 2.6705 0 -1 0 23794 1 
0 64.4533 -46.9855 14.439 0 -1 0 23794 1 
0 49.4342 -46.9855 10.7166 0 -1 0 23794 1 
0 44.3202 -46.9855 6.4342 0 -1 0 23794 1 
0 5.73265 -46.9855 40.8132 0 -1 0 23794 1 
0 59.6872 -46.9855 35.7161 0 -1 0 23794 1 
0 49.0987 -46.9855 14.8895 0 -1 0 23794 1 
0 -9.03309 -46.9855 14.0868 0 -1 0 23794 1 
0 -58.1799 -46.9855 33.7898 0 -1 0 23794 1 
0 49.063 -46.9855 17.9274 0 -1 0 23794 1 
0 49.4239 -46.9855 18.8482 0 -1 0 23794 1 
0 21.7195 -46.9855 26.7877 0 -1 0 23794 1 
0 17.0595 -46.9855 5.53807 0 -1 0 23794 1 
0 5.20016 -46.9855 41.6661 0 -1 0 23794 1 
0 -42.7812 -46.9855 26.5781 0 -1 0 23794 1 
0 -11.6104 -46.9855 19.4729 0 -1 0 23794 1 
0 -4.60696 -46.9855 36.1555 0 -1 0 23794 1 
0 -45.1046 -46.9855 29.3804 0 -1 0 23794 1 
0 -10.0639 -46.9855 11.0461 0 -1 0 23794 1 
0 -16.2636 -46.9855 16.8054 0 -1 0 23794 1 
0 -18.7162 -46.9855 16.7209 0 -1 0 23794 1 
0 64.7527 22.7795 35.0799 1 0 0 23784 1 
0 64.7527 41.1775 25.0308 1 0 0 23784 1 
0 64.7527 -20.7203 2.55172 1 0 0 23784 1 
0 64.7527 -12.93 5.70727 1 0 0 23784 1 
0 64.7527 45.2288 55.1187 1 0 0 23784 1 
0 64.7527 9.97924 17.3351 1 0 0 23784 1 
0 64.7527 -30.1038 27.5567 1 0 0 23784 1 
0 64.7527 7.38768 12.7458 1 0 0 23784 1 
0 64.7527 24.9497 36.7022 1 0 0 23784 1 
0 64.7527 -15.6335 16.2306 1 0 0 23784 1 
0 64.7527 -22.5381 13.9879 1 0 0 23784 1 
0 64.7527 43.8966 15.8211 1 0 0 23784 1 
0 64.7527 34.0412 17.3488 1 0 0 23784 1 
0 64.7527 -5.55315 21.4365 1 0 0 23784 1 
0 64.7527 35.724 52.8002 1 0 0 23784 1 
0 64.7527 -28.9104 29.9534 1 0 0 23784 1 
0 64.7527 -14.8482 23.6083 1 0 0 23784 1 
0 64.7527 -28.508 38.4836 1 0 0 23784 1 
0 64.7527 34.4037 17.6862 1 0 0 23784 1 
0 64.7527 -6.96476 10.4132 1 0 0 23784 1 
0 64.7527 -18.8789 22.136 1 0 0 23784 1 
0 64.7527 27.4828 19.7211 1 0 0 23784 1 
0 64.7527 -32.4059 15.8709 1 0 0 23784 1 
0 64.7527 22.0722 28.2257 1 0 0 23784 1 
0 64.7527 -11.1396 22.355 1 0 0 23784 1 
0 64.7527 41.8212 19.2246 1 0 0 23784 1 
0 64.7527 41.3789 28.1644 1 0 0 23784 1 
0 64.7527 -28.2708 0.488711 1 0 0 23784 1 
0 64.7527 41.3373 35.4982 1 0 0 23784 1 
0 64.7527 -24.9248 37.234 1 0 0 23784 1 
0 64.7527 -21.5934 10.7671 1 0 0 23784 1 
0 64.7527 -41.4665 6.50507 1 0 0 23784 1 
0 64.7527 40.1663 35.5084 1 0 0 23784 1 
0 64.7527 -11.363 14.605 1 0 0 23784 1 
0 64.7527 35.3095 6.5056 1 0 0 23784 1 
0 64.7527 12.159 8.70369 1 0 0 23784 1 
0 64.7527 -14.5124 18.1563 1 0 0 23784 1 
0 64.7527 25.6018 1.65761 1 0 0 23784 1 
0 64.7527 32.0397 0.141045 1 0 0 23784 1 
0 64.7527 33.0072 3.20028 1 0 0 23784 1 
0 64.7527 5.95367 15.9338 1 0 0 23784 1 
0 64.7527 -21.7128 6.06269 1 0 0 23784 1 
0 64.7527 33.1889 18.1387 1 0 0 23784 1 
0 64.7527 -26.9126 31.7566 1 0 0 23784 1 
0 64.7527 32.3532 17.9195 1 0 0 23784 1 
0 64.7527 33.0451 55.5549 1 0 0 23784 1 
0 64.7527 24.2997 50.8307 1 0 0 23784 1 
0 64.7527 1.25388 8.62234 1 0 0 23784 1 
0 64.7527 18.7429 15.3028 1 0 0 23784 1 
0 64.7527 -31.0331 13.0781 1 0 0 23784 1 
0 64.7527 25.0598 23.4961 1 0 0 23784 1 
0 64.7527 31.7733 14.4036 1 0 0 23784 1 
0 64.7527 -34.3832 32.4122 1 0 0 23784 1 
0 64.7527 40.1331 13.2449 1 0 0 23784 1 
0 64.7527 -9.84579 5.34722 1 0 0 23784 1 
0 64.7527 -33.3955 24.6554 1 0 0 23784 1 
0 64.7527 -5.33493 22.288 1 0 0 23784 1 
0 64.7527 30.3208 15.5605 1 0 0 23784 1 
0 64.7527 13.043 9.86118 1 0 0 23784 1 
0 64.7527 5.98369 16.1055 1 0 0 23784 1 
0 64.7527 21.4194 26.3374 1 0 0 23784 1 
