0 20.3838 -12.9034 14.7139 0 1 0 75380 1 
0 30.8508 -12.9034 13.0897 0 1 0 75380 1 
0 5.17688 -12.9034 10.6143 0 1 0 75380 1 
0 -3.67345 -12.9034 10.6663 0 1 0 75380 1 
0 22.9492 -12.9034 12.0775 0 1 0 75380 1 
0 -33.6363 -12.9034 10.4259 0 1 0 75380 1 
0 -26.9003 -12.9034 11.782 0 1 0 75380 1 
0 29.8085 -12.9034 14.4543 0 1 0 75380 1 
0 -21.9252 -12.9034 13.6267 0 1 0 75380 1 
0 -12.6042 -12.9034 12.0917 0 1 0 75380 1 
0 13.0797 -12.9034 12.2364 0 1 0 75380 1 
0 -22.095 -12.9034 12.8458 0 1 0 75380 1 
0 11.9113 -12.9034 10.4397 0 1 0 75380 1 
0 -15.7241 -12.9034 10.3707 0 1 0 75380 1 
0 -28.7552 -12.9034 14.357 0 1 0 75380 1 
0 -15.1288 -12.9034 10.2873 0 1 0 75380 1 
0 -3.99031 -12.9034 10.4371 0 1 0 75380 1 
0 30.1203 -12.9034 14.987 0 1 0 75380 1 
0 -6.39214 -12.9034 10.7233 0 1 0 75380 1 
0 16.2875 -12.9034 12.7825 0 1 0 75380 1 
0 15.1555 -12.9034 14.4012 0 1 0 75380 1 
0 -9.57111 -12.9034 14.4621 0 1 0 75380 1 
0 -37.1883 -12.9034 13.7722 0 1 0 75380 1 
0 -19.5249 -12.9034 14.1111 0 1 0 75380 1 
0 -14.5916 -12.9034 11.19 0 1 0 75380 1 
0 -32.8306 -12.9034 12.243 0 1 0 75380 1 
0 -23.2237 -12.9034 13.4913 0 1 0 75380 1 
0 -10.8604 -12.9034 11.8096 0 1 0 75380 1 
0 -2.46173 -12.9034 10.992 0 1 0 75380 1 
0 -1.3803 -12.9034 16.3896 0 1 0 75380 1 
0 -11.5829 -12.9034 12.1737 0 1 0 75380 1 
0 -21.9987 -12.9034 13.0115 0 1 0 75380 1 
0 5.44573 -12.9034 11.4173 0 1 0 75380 1 
0 -3.05456 -12.9034 11.9589 0 1 0 75380 1 
0 32.4056 -12.9034 14.5484 0 1 0 75380 1 
0 17.3705 -12.9034 10.4381 0 1 0 75380 1 
0 -28.5169 -12.9034 10.9228 0 1 0 75380 1 
0 3.46691 -12.9034 13.7046 0 1 0 75380 1 
0 -32.6921 -12.9034 11.9394 0 1 0 75380 1 
0 -23.4459 -12.9034 11.7226 0 1 0 75380 1 
0 -28.6077 -12.9034 13.193 0 1 0 75380 1 
0 -19.3906 -12.9034 10.4524 0 1 0 75380 1 
0 10.2181 -12.9034 12.4281 0 1 0 75380 1 
0 21.9835 -12.9034 12.3831 0 1 0 75380 1 
0 7.92109 -12.9034 13.3908 0 1 0 75380 1 
0 3.55956 -12.9034 11.4641 0 1 0 75380 1 
0 20.725 -12.9034 12.6845 0 1 0 75380 1 
0 21.4858 -12.9034 11.0125 0 1 0 75380 1 
0 -26.6419 -12.9034 11.2584 0 1 0 75380 1 
0 -36.4515 -12.9034 13.6675 0 1 0 75380 1 
0 32.7452 -12.9034 11.6517 0 1 0 75380 1 
0 -30.4794 -12.9034 12.341 0 1 0 75380 1 
0 -37.3159 20.807 2.18789 -1 0 0 75511 1 
0 -37.3159 -14.3919 6.0455 -1 0 0 75511 1 
0 -37.3159 -24.4874 5.03837 -1 0 0 75511 1 
0 -37.3159 -21.4195 18.5324 -1 0 0 75511 1 
0 -37.3159 -13.3931 2.72295 -1 0 0 75511 1 
0 -37.3159 30.8575 19.0858 -1 0 0 75511 1 
0 -37.3159 25.6337 21.3245 -1 0 0 75511 1 
0 -37.3159 -27.8275 0.990762 -1 0 0 75511 1 
0 -37.3159 28.9295 30.1722 -1 0 0 75511 1 
0 -37.3159 -29.8094 25.3803 -1 0 0 75511 1 
0 -37.3159 25.5042 10.8996 -1 0 0 75511 1 
0 -37.3159 23.0044 21.9165 -1 0 0 75511 1 
0 -37.3159 26.5315 4.46094 -1 0 0 75511 1 
0 -37.3159 23.8505 9.61703 -1 0 0 75511 1 
0 -37.3159 -14.5023 15.2288 -1 0 0 75511 1 
0 -37.3159 -27.6102 16.4576 -1 0 0 75511 1 
0 -37.3159 23.9421 20.2191 -1 0 0 75511 1 
0 -37.3159 15.1835 11.9469 -1 0 0 75511 1 
0 -37.3159 29.9779 8.76871 -1 0 0 75511 1 
0 -37.3159 16.615 2.87673 -1 0 0 75511 1 
0 -37.3159 21.2593 7.88288 -1 0 0 75511 1 
0 -37.3159 31.3085 3.83672 -1 0 0 75511 1 
0 -37.3159 21.7475 8.16818 -1 0 0 75511 1 
0 -37.3159 28.8081 20.256 -1 0 0 75511 1 
0 -37.3159 -3.57335 1.62342 -1 0 0 75511 1 
0 -37.3159 -25.2027 19.9295 -1 0 0 75511 1 
0 -37.3159 31.1194 7.16046 -1 0 0 75511 1 
0 -37.3159 -13.2598 5.29989 -1 0 0 75511 1 
0 -37.3159 -3.38749 8.30713 -1 0 0 75511 1 
0 -37.3159 26.5176 28.5995 -1 0 0 75511 1 
0 -37.3159 13.2995 13.2994 -1 0 0 75511 1 
0 -37.3159 7.14731 7.42309 -1 0 0 75511 1 
0 -37.3159 31.1164 7.40433 -1 0 0 75511 1 
0 -37.3159 29.2567 5.92266 -1 0 0 75511 1 
0 -37.3159 31.3238 27.9797 -1 0 0 75511 1 
0 -37.3159 29.2485 15.5199 -1 0 0 75511 1 
0 -37.3159 20.8514 7.44585 -1 0 0 75511 1 
0 -37.3159 1.80295 3.79683 -1 0 0 75511 1 
0 -37.3159 24.6918 21.2624 -1 0 0 75511 1 
0 -37.3159 -15.0323 11.2146 -1 0 0 75511 1 
0 -37.3159 28.7031 3.62285 -1 0 0 75511 1 
0 -37.3159 -29.5209 12.9486 -1 0 0 75511 1 
0 -37.3159 -29.1879 17.4616 -1 0 0 75511 1 
0 -37.3159 -14.8045 5.77818 -1 0 0 75511 1 
0 -37.3159 29.1923 1.75802 -1 0 0 75511 1 
0 -37.3159 -19.7109 28.3846 -1 0 0 75511 1 
0 -37.3159 -31.1596 0.146274 -1 0 0 75511 1 
0 -37.3159 9.88517 4.40699 -1 0 0 75511 1 
0 -37.3159 31.458 24.2467 -1 0 0 75511 1 
0 -37.3159 19.8786 17.3512 -1 0 0 75511 1 
0 -37.3159 -1.63701 1.82434 -1 0 0 75511 1 
0 -37.3159 -10.1088 6.99594 -1 0 0 75511 1 
0 -28.7075 -18.188 17.432 0 0 1 75509 1 
0 -20.5413 -14.6221 17.432 0 0 1 75509 1 
0 -21.5486 -15.5367 17.432 0 0 1 75509 1 
0 -17.063 -18.3346 17.432 0 0 1 75509 1 
0 -14.4929 -18.6082 17.432 0 0 1 75509 1 
0 -27.5431 -17.8097 17.432 0 0 1 75509 1 
0 -36.3417 -16.1991 17.432 0 0 1 75509 1 
0 -17.4372 -17.0779 17.432 0 0 1 75509 1 
0 -12.4354 -17.7794 17.432 0 0 1 75509 1 
0 -35.5941 -12.9323 17.432 0 0 1 75509 1 
0 -21.0107 -15.4545 17.432 0 0 1 75509 1 
0 -8.94401 -13.3928 17.432 0 0 1 75509 1 
0 -27.9268 -18.3333 17.432 0 0 1 75509 1 
0 -25.2694 -13.1916 17.432 0 0 1 75509 1 
0 -34.8829 -15.5291 17.432 0 0 1 75509 1 
0 -17.5012 -13.7077 17.432 0 0 1 75509 1 
0 -6.01545 -15.3376 17.432 0 0 1 75509 1 
0 -34.757 -15.1609 17.432 0 0 1 75509 1 
0 -30.5647 -13.408 17.432 0 0 1 75509 1 
0 -29.3169 -13.2196 17.432 0 0 1 75509 1 
0 -33.8442 -16.4066 17.432 0 0 1 75509 1 
0 -13.2218 -15.795 17.432 0 0 1 75509 1 
0 -9.57455 -14.064 17.432 0 0 1 75509 1 
0 -6.70788 -14.7027 17.432 0 0 1 75509 1 
0 -10.7711 -14.9813 17.432 0 0 1 75509 1 
0 -11.2418 -15.4975 17.432 0 0 1 75509 1 
0 -4.9175 -18.0781 17.432 0 0 1 75509 1 
0 -16.7144 -15.4409 17.432 0 0 1 75509 1 
0 -21.8041 -13.9267 17.432 0 0 1 75509 1 
0 -23.1799 -18.719 17.432 0 0 1 75509 1 
0 -14.1534 -15.4775 17.432 0 0 1 75509 1 
0 -15.5132 -16.2505 17.432 0 0 1 75509 1 
0 -5.48418 -15.0436 17.432 0 0 1 75509 1 
0 -4.26092 -13.6728 17.432 0 0 1 75509 1 
0 -23.9257 -14.0418 17.432 0 0 1 75509 1 
0 -2.58977 -17.0505 17.432 0 0 1 75509 1 
0 -12.3964 -15.334 17.432 0 0 1 75509 1 
0 -29.2618 -18.4328 17.432 0 0 1 75509 1 
0 -8.58977 -17.4432 17.432 0 0 1 75509 1 
0 -14.1287 -15.4189 17.432 0 0 1 75509 1 
0 -26.1542 -13.2774 17.432 0 0 1 75509 1 
0 -6.60211 -14.6712 17.432 0 0 1 75509 1 
0 -34.33 -15.231 17.432 0 0 1 75509 1 
0 -11.1309 -14.8053 17.432 0 0 1 75509 1 
0 -33.515 -16.7612 17.432 0 0 1 75509 1 
0 -15.3752 -17.3318 17.432 0 0 1 75509 1 
0 -18.7258 -14.0711 17.432 0 0 1 75509 1 
0 -31.2569 -13.1205 17.432 0 0 1 75509 1 
0 -14.222 -17.4795 17.432 0 0 1 75509 1 
0 -12.5727 -14.0284 17.432 0 0 1 75509 1 
0 -7.78889 -16.4905 17.432 0 0 1 75509 1 
0 -7.65181 -19.0121 17.432 0 0 1 75509 1 
0 7.42609 -14.518 17.432 0 0 1 75515 1 
0 23.2834 -15.129 17.432 0 0 1 75515 1 
0 7.37356 -15.5889 17.432 0 0 1 75515 1 
0 31.1794 -18.4495 17.432 0 0 1 75515 1 
0 32.6237 -16.8054 17.432 0 0 1 75515 1 
0 29.6209 -16.5387 17.432 0 0 1 75515 1 
0 34.486 -13.7889 17.432 0 0 1 75515 1 
0 33.6382 -17.4244 17.432 0 0 1 75515 1 
0 29.0571 -18.9057 17.432 0 0 1 75515 1 
0 13.5691 -14.0073 17.432 0 0 1 75515 1 
0 9.349 -17.6372 17.432 0 0 1 75515 1 
0 20.7994 -18.7817 17.432 0 0 1 75515 1 
0 34.3988 -13.3647 17.432 0 0 1 75515 1 
0 11.2277 -14.9535 17.432 0 0 1 75515 1 
0 37.1105 -13.4607 17.432 0 0 1 75515 1 
0 11.4991 -17.5559 17.432 0 0 1 75515 1 
0 14.1692 -15.9128 17.432 0 0 1 75515 1 
0 31.9347 -17.3536 17.432 0 0 1 75515 1 
0 22.4767 -14.9851 17.432 0 0 1 75515 1 
0 25.0241 -18.1942 17.432 0 0 1 75515 1 
0 13.6164 -15.0908 17.432 0 0 1 75515 1 
0 25.7098 -12.9608 17.432 0 0 1 75515 1 
0 16.1325 -13.0251 17.432 0 0 1 75515 1 
0 34.5888 -15.3322 17.432 0 0 1 75515 1 
0 24.8656 -18.2548 17.432 0 0 1 75515 1 
0 22.2854 -15.8521 17.432 0 0 1 75515 1 
0 19.8295 -16.7849 17.432 0 0 1 75515 1 
0 18.6644 -14.9043 17.432 0 0 1 75515 1 
0 27.7097 -13.6551 17.432 0 0 1 75515 1 
0 2.64293 -17.0785 17.432 0 0 1 75515 1 
0 17.99 -16.6357 17.432 0 0 1 75515 1 
0 26.4783 -13.1098 17.432 0 0 1 75515 1 
0 5.76065 -16.4703 17.432 0 0 1 75515 1 
0 27.9875 -17.1204 17.432 0 0 1 75515 1 
0 21.3032 -18.4772 17.432 0 0 1 75515 1 
0 5.08748 -14.0484 17.432 0 0 1 75515 1 
0 28.0151 -16.2714 17.432 0 0 1 75515 1 
0 10.7019 -16.5654 17.432 0 0 1 75515 1 
0 4.39398 -16.0999 17.432 0 0 1 75515 1 
0 13.9148 -18.0605 17.432 0 0 1 75515 1 
0 10.281 -16.4727 17.432 0 0 1 75515 1 
0 3.47984 -17.8487 17.432 0 0 1 75515 1 
0 15.4962 -13.1577 17.432 0 0 1 75515 1 
0 21.6742 -15.2777 17.432 0 0 1 75515 1 
0 5.66816 -13.9679 17.432 0 0 1 75515 1 
0 24.1795 -18.4527 17.432 0 0 1 75515 1 
0 4.01263 -15.6374 17.432 0 0 1 75515 1 
0 23.5649 -14.8237 17.432 0 0 1 75515 1 
0 10.5426 -18.1218 17.432 0 0 1 75515 1 
0 37.2562 -14.0534 17.432 0 0 1 75515 1 
0 9.09964 -14.8147 17.432 0 0 1 75515 1 
0 2.56516 -16.8672 17.432 0 0 1 75515 1 
0 -8.1218 -19.1343 29.3654 0 1 0 74762 1 
0 -19.8994 -19.1343 21.2348 0 1 0 74762 1 
0 -22.1574 -19.1343 28.6508 0 1 0 74762 1 
0 -6.70437 -19.1343 28.3509 0 1 0 74762 1 
0 -2.45499 -19.1343 29.1297 0 1 0 74762 1 
0 -20.9315 -19.1343 23.5261 0 1 0 74762 1 
0 26.1352 -19.1343 27.8645 0 1 0 74762 1 
0 9.96706 -19.1343 21.945 0 1 0 74762 1 
0 -29.7077 -19.1343 24.94 0 1 0 74762 1 
0 -8.14084 -19.1343 26.4731 0 1 0 74762 1 
0 -14.294 -19.1343 20.8738 0 1 0 74762 1 
0 -9.94037 -19.1343 33.2312 0 1 0 74762 1 
0 -24.7959 -19.1343 28.0693 0 1 0 74762 1 
0 26.2801 -19.1343 26.0424 0 1 0 74762 1 
0 15.9783 -19.1343 23.9518 0 1 0 74762 1 
0 0.0632563 -19.1343 27.1486 0 1 0 74762 1 
0 28.6636 -19.1343 25.6369 0 1 0 74762 1 
0 -27.4022 -19.1343 33.4835 0 1 0 74762 1 
0 -3.88982 -19.1343 31.2618 0 1 0 74762 1 
0 20.5233 -19.1343 28.6487 0 1 0 74762 1 
0 19.0259 -19.1343 27.0396 0 1 0 74762 1 
0 -7.44888 -19.1343 29.5199 0 1 0 74762 1 
0 -28.7933 -19.1343 28.3906 0 1 0 74762 1 
0 -36.0293 -19.1343 21.5706 0 1 0 74762 1 
0 -22.8943 -19.1343 25.6477 0 1 0 74762 1 
0 34.2645 -19.1343 20.5684 0 1 0 74762 1 
0 17.9703 -19.1343 27.2677 0 1 0 74762 1 
0 3.20243 -19.1343 26.8573 0 1 0 74762 1 
0 -30.7728 -19.1343 22.8862 0 1 0 74762 1 
0 30.5745 -19.1343 31.7321 0 1 0 74762 1 
0 18.3413 -19.1343 21.1742 0 1 0 74762 1 
0 -13.7207 -19.1343 33.4422 0 1 0 74762 1 
0 16.9776 -19.1343 32.7802 0 1 0 74762 1 
0 20.571 -19.1343 30.847 0 1 0 74762 1 
0 34.4342 -19.1343 28.6545 0 1 0 74762 1 
0 11.2748 -19.1343 22.9701 0 1 0 74762 1 
0 3.71727 -19.1343 27.05 0 1 0 74762 1 
0 34.1868 -19.1343 28.6516 0 1 0 74762 1 
0 -27.9532 -19.1343 20.6258 0 1 0 74762 1 
0 -11.5876 -19.1343 24.0675 0 1 0 74762 1 
0 17.06 -19.1343 20.4065 0 1 0 74762 1 
0 -33.9663 -19.1343 23.5151 0 1 0 74762 1 
0 13.7837 -19.1343 24.7259 0 1 0 74762 1 
0 -14.6205 -19.1343 22.4579 0 1 0 74762 1 
0 3.77758 -19.1343 32.7364 0 1 0 74762 1 
0 -6.64979 -19.1343 22.4166 0 1 0 74762 1 
0 -32.1209 -19.1343 24.9161 0 1 0 74762 1 
0 -12.2409 -19.1343 28.2084 0 1 0 74762 1 
0 22.9135 -19.1343 31.4972 0 1 0 74762 1 
0 1.39233 -19.1343 29.8336 0 1 0 74762 1 
0 -4.15467 -19.1343 28.8655 0 1 0 74762 1 
0 17.7549 -19.1343 20.1369 0 1 0 74762 1 
0 16.7823 -31.6291 31.5887 0 -1 0 74761 1 
0 -18.3551 -31.6291 16.8078 0 -1 0 74761 1 
0 -33.5267 -31.6291 29.4328 0 -1 0 74761 1 
0 -32.8153 -31.6291 5.30543 0 -1 0 74761 1 
0 -31.1601 -31.6291 25.2144 0 -1 0 74761 1 
0 16.6842 -31.6291 13.3046 0 -1 0 74761 1 
0 -24.6246 -31.6291 6.52617 0 -1 0 74761 1 
0 -10.2053 -31.6291 33.1391 0 -1 0 74761 1 
0 18.6536 -31.6291 13.5285 0 -1 0 74761 1 
0 -16.6982 -31.6291 27.4623 0 -1 0 74761 1 
0 -27.7465 -31.6291 13.2109 0 -1 0 74761 1 
0 29.5909 -31.6291 6.9367 0 -1 0 74761 1 
0 -1.32154 -31.6291 29.5462 0 -1 0 74761 1 
0 15.6355 -31.6291 3.74577 0 -1 0 74761 1 
0 -30.8819 -31.6291 11.9007 0 -1 0 74761 1 
0 6.84704 -31.6291 6.36771 0 -1 0 74761 1 
0 36.8376 -31.6291 23.9085 0 -1 0 74761 1 
0 34.5315 -31.6291 20.4796 0 -1 0 74761 1 
0 0.271177 -31.6291 8.68014 0 -1 0 74761 1 
0 5.85435 -31.6291 30.7283 0 -1 0 74761 1 
0 31.9805 -31.6291 2.17383 0 -1 0 74761 1 
0 31.2922 -31.6291 6.93354 0 -1 0 74761 1 
0 -22.3556 -31.6291 7.85492 0 -1 0 74761 1 
0 25.2525 -31.6291 5.17612 0 -1 0 74761 1 
0 -3.94112 -31.6291 28.3815 0 -1 0 74761 1 
0 9.08169 -31.6291 5.51333 0 -1 0 74761 1 
0 36.6928 -31.6291 23.3179 0 -1 0 74761 1 
0 -35.2887 -31.6291 27.8393 0 -1 0 74761 1 
0 -24.9086 -31.6291 1.5381 0 -1 0 74761 1 
0 13.0843 -31.6291 24.7555 0 -1 0 74761 1 
0 9.86065 -31.6291 8.0936 0 -1 0 74761 1 
0 -4.02357 -31.6291 3.63922 0 -1 0 74761 1 
0 -31.7881 -31.6291 2.07256 0 -1 0 74761 1 
0 -1.3713 -31.6291 16.9115 0 -1 0 74761 1 
0 29.7649 -31.6291 20.9413 0 -1 0 74761 1 
0 17.5796 -31.6291 5.83418 0 -1 0 74761 1 
0 31.3108 -31.6291 19.5175 0 -1 0 74761 1 
0 4.5262 -31.6291 18.176 0 -1 0 74761 1 
0 -5.64735 -31.6291 26.7471 0 -1 0 74761 1 
0 33.1819 -31.6291 4.36206 0 -1 0 74761 1 
0 13.5093 -31.6291 24.1224 0 -1 0 74761 1 
0 24.9695 -31.6291 26.0937 0 -1 0 74761 1 
0 -34.3185 -31.6291 12.7928 0 -1 0 74761 1 
0 -10.0455 -31.6291 18.7028 0 -1 0 74761 1 
0 -1.67097 -31.6291 27.5082 0 -1 0 74761 1 
0 -33.1844 -31.6291 22.5107 0 -1 0 74761 1 
0 -32.7933 -31.6291 23.9483 0 -1 0 74761 1 
0 28.4513 -31.6291 12.2806 0 -1 0 74761 1 
0 1.53874 -31.6291 11.2178 0 -1 0 74761 1 
0 35.7872 -31.6291 5.27227 0 -1 0 74761 1 
0 19.9942 -31.6291 26.2069 0 -1 0 74761 1 
0 23.158 -31.6291 27.9214 0 -1 0 74761 1 
0 -27.1756 12.8427 0 0 0 -1 627 1 
0 -25.2867 10.2725 0 0 0 -1 627 1 
0 25.889 -11.5389 0 0 0 -1 627 1 
0 16.8619 30.466 0 0 0 -1 627 1 
0 -10.3748 -13.2971 0 0 0 -1 627 1 
0 -28.0032 11.4877 0 0 0 -1 627 1 
0 21.2865 19.2363 0 0 0 -1 627 1 
0 18.8117 29.9684 0 0 0 -1 627 1 
0 -15.9489 27.0939 0 0 0 -1 627 1 
0 -34.2886 1.57164 0 0 0 -1 627 1 
0 29.4795 7.81396 0 0 0 -1 627 1 
0 -30.281 18.8669 0 0 0 -1 627 1 
0 -27.8809 -30.4827 0 0 0 -1 627 1 
0 12.8579 -8.25614 0 0 0 -1 627 1 
0 5.77062 -30.9903 0 0 0 -1 627 1 
0 -18.1124 -29.8881 0 0 0 -1 627 1 
0 0.79194 -25.3661 0 0 0 -1 627 1 
0 6.0423 -0.579777 0 0 0 -1 627 1 
0 -24.7297 19.0429 0 0 0 -1 627 1 
0 23.0729 -25.7698 0 0 0 -1 627 1 
0 22.5353 -5.1721 0 0 0 -1 627 1 
0 -7.65724 -3.61231 0 0 0 -1 627 1 
0 33.5931 15.1656 0 0 0 -1 627 1 
0 22.1821 -20.9336 0 0 0 -1 627 1 
0 -9.37715 12.831 0 0 0 -1 627 1 
0 30.784 -28.8937 0 0 0 -1 627 1 
0 26.3337 2.40353 0 0 0 -1 627 1 
0 -16.235 -10.4556 0 0 0 -1 627 1 
0 19.404 6.10613 0 0 0 -1 627 1 
0 33.9607 11.4317 0 0 0 -1 627 1 
0 2.95307 -12.8886 0 0 0 -1 627 1 
0 17.5184 -15.7646 0 0 0 -1 627 1 
0 31.532 -2.24856 0 0 0 -1 627 1 
0 -6.89587 -14.8272 0 0 0 -1 627 1 
0 27.6069 -10.497 0 0 0 -1 627 1 
0 35.8911 3.70006 0 0 0 -1 627 1 
0 32.9736 -31.0492 0 0 0 -1 627 1 
0 20.9729 27.5585 0 0 0 -1 627 1 
0 -25.559 -27.7291 0 0 0 -1 627 1 
0 34.6271 5.29741 0 0 0 -1 627 1 
0 4.7116 -7.22365 0 0 0 -1 627 1 
0 29.7955 -25.9009 0 0 0 -1 627 1 
0 -11.0441 8.11039 0 0 0 -1 627 1 
0 13.1342 21.1338 0 0 0 -1 627 1 
0 -13.693 -16.7038 0 0 0 -1 627 1 
0 32.5013 -11.2172 0 0 0 -1 627 1 
0 15.0831 12.8519 0 0 0 -1 627 1 
0 29.58 28.8406 0 0 0 -1 627 1 
0 -15.2089 6.69512 0 0 0 -1 627 1 
0 -36.5232 -28.7035 0 0 0 -1 627 1 
0 19.8006 -13.4088 0 0 0 -1 627 1 
0 17.0985 7.6045 0 0 0 -1 627 1 
0 -10.1765 18.34 17.432 0 0 1 75505 1 
0 -29.8307 16.9719 17.432 0 0 1 75505 1 
0 -10.3445 8.9666 17.432 0 0 1 75505 1 
0 -17.9873 14.5635 17.432 0 0 1 75505 1 
0 -33.4065 11.762 17.432 0 0 1 75505 1 
0 -18.1856 14.7978 17.432 0 0 1 75505 1 
0 -28.4713 16.0706 17.432 0 0 1 75505 1 
0 -6.47859 15.3936 17.432 0 0 1 75505 1 
0 -10.0928 16.4825 17.432 0 0 1 75505 1 
0 -13.1747 15.4346 17.432 0 0 1 75505 1 
0 -9.31698 15.4076 17.432 0 0 1 75505 1 
0 -25.2256 11.543 17.432 0 0 1 75505 1 
0 -14.7762 11.5024 17.432 0 0 1 75505 1 
0 -20.7992 8.52106 17.432 0 0 1 75505 1 
0 -20.0437 15.2237 17.432 0 0 1 75505 1 
0 -7.74109 14.8301 17.432 0 0 1 75505 1 
0 -27.7385 15.5636 17.432 0 0 1 75505 1 
0 -18.3223 17.2724 17.432 0 0 1 75505 1 
0 -5.28066 18.8751 17.432 0 0 1 75505 1 
0 -30.3157 18.855 17.432 0 0 1 75505 1 
0 -35.441 18.765 17.432 0 0 1 75505 1 
0 -6.77602 13.7428 17.432 0 0 1 75505 1 
0 -25.2981 10.4099 17.432 0 0 1 75505 1 
0 -36.6441 18.6692 17.432 0 0 1 75505 1 
0 -24.351 9.42843 17.432 0 0 1 75505 1 
0 -19.4165 13.628 17.432 0 0 1 75505 1 
0 -17.6998 11.8716 17.432 0 0 1 75505 1 
0 -25.9339 17.3912 17.432 0 0 1 75505 1 
0 -30.4181 18.1813 17.432 0 0 1 75505 1 
0 -16.5366 15.1308 17.432 0 0 1 75505 1 
0 -27.9743 10.9217 17.432 0 0 1 75505 1 
0 -19.2566 11.9062 17.432 0 0 1 75505 1 
0 -12.9242 12.6607 17.432 0 0 1 75505 1 
0 -3.94547 12.7786 17.432 0 0 1 75505 1 
0 -18.4528 9.05933 17.432 0 0 1 75505 1 
0 -33.2732 14.4588 17.432 0 0 1 75505 1 
0 -15.7508 14.9817 17.432 0 0 1 75505 1 
0 -29.876 11.8108 17.432 0 0 1 75505 1 
0 -3.04827 10.3681 17.432 0 0 1 75505 1 
0 -7.01744 11.4632 17.432 0 0 1 75505 1 
0 -23.2506 13.3163 17.432 0 0 1 75505 1 
0 -16.4508 8.98133 17.432 0 0 1 75505 1 
0 -33.9126 10.4698 17.432 0 0 1 75505 1 
0 -27.7336 12.7278 17.432 0 0 1 75505 1 
0 -26.0957 9.96678 17.432 0 0 1 75505 1 
0 -7.07523 9.30493 17.432 0 0 1 75505 1 
0 -18.0146 13.1137 17.432 0 0 1 75505 1 
0 -21.2315 11.5183 17.432 0 0 1 75505 1 
0 -22.922 9.42622 17.432 0 0 1 75505 1 
0 -25.6292 12.5011 17.432 0 0 1 75505 1 
0 -8.57176 18.5399 17.432 0 0 1 75505 1 
0 -26.1923 17.3022 17.432 0 0 1 75505 1 
0 -3.61125 27.2188 18.3979 0.703158 0 0.711034 75531 2 
0 -3.508 18.6999 18.2986 0.683053 0 0.730368 75531 2 
0 -0.591435 17.1063 16.948 0.11516 0 0.993347 75531 2 
0 -3.93181 26.3205 25.3537 0.765575 0 -0.643346 75531 2 
0 -4.79793 30.5268 23.8815 0.93422 0 -0.356698 75531 2 
0 -4.85471 26.928 23.7252 0.945276 0 -0.326272 75531 2 
0 -4.18535 23.9266 19.0732 0.814943 0 0.579541 75531 2 
0 -5.03341 22.7663 23.0698 0.98007 0 -0.198653 75531 2 
0 -0.668826 26.2857 16.9576 0.130229 0 0.991484 75531 2 
0 -4.20288 25.9977 19.098 0.818355 0 0.574712 75531 2 
0 -4.77684 25.8775 20.1634 0.930113 0 0.367274 75531 2 
0 -4.7955 26.2213 23.8879 0.933746 0 -0.357937 75531 2 
0 -4.65752 24.2371 19.8854 0.90688 0 0.421389 75531 2 
0 -4.94193 31.0683 23.4472 0.962258 0 -0.272138 75531 2 
0 -3.48911 27.5648 18.281 0.679376 0 0.733791 75531 2 
0 -3.99057 23.126 25.2825 0.777016 0 -0.629481 75531 2 
0 -5.13318 29.3504 22.2125 0.999496 0 -0.0317299 75531 2 
0 -2.65845 24.8244 26.4438 0.517635 0 -0.855602 75531 2 
0 -5.00066 22.0175 23.2198 0.973694 0 -0.227861 75531 2 
0 -4.63923 29.5001 24.2527 0.90332 0 -0.428968 75531 2 
0 -4.62492 27.3336 19.8166 0.900532 0 0.43479 75531 2 
0 -5.12866 23.8951 21.7796 0.998617 0 0.05258 75531 2 
0 -2.54098 19.217 26.5127 0.494762 0 -0.869028 75531 2 
0 -2.59087 22.7425 17.6152 0.504477 0 0.863425 75531 2 
0 -0.540881 21.3662 16.9424 0.105317 0 0.994439 75531 2 
0 -1.9219 23.5579 17.287 0.374219 0 0.92734 75531 2 
0 -3.13879 18.3258 17.9846 0.611163 0 0.791505 75531 2 
0 -2.85595 27.5337 26.318 0.55609 0 -0.831122 75531 2 
0 -1.2218 25.5571 17.0613 0.2379 0 0.97129 75531 2 
0 -2.20293 24.5683 17.4103 0.428939 0 0.903333 75531 2 
0 -2.96232 23.0548 26.2449 0.576803 0 -0.816883 75531 2 
0 -5.11767 30.5961 21.6189 0.996478 0 0.0838574 75531 2 
0 -2.53326 21.5554 17.5821 0.493259 0 0.869882 75531 2 
0 -4.7979 25.0015 23.8816 0.934214 0 -0.356713 75531 2 
0 -4.98228 31.1496 23.2958 0.970115 0 -0.242646 75531 2 
0 -5.12489 23.2516 21.7156 0.997884 0 0.0650224 75531 2 
0 -2.45356 20.3166 17.5378 0.477739 0 0.878502 75531 2 
0 -4.91833 25.4358 20.571 0.957663 0 0.287892 75531 2 
0 -2.65395 24.483 17.6527 0.51676 0 0.856131 75531 2 
0 -4.43182 30.919 24.6448 0.862933 0 -0.505318 75531 2 
0 -4.12201 19.1038 18.9861 0.802609 0 0.596506 75531 2 
0 -0.0213373 27.5719 16.9139 0 0 0.999991 75531 2 
0 -2.18378 30.1287 17.4012 0.425211 0 0.905094 75531 2 
0 -1.51364 25.9335 17.1419 0.294725 0 0.955582 75531 2 
0 -3.58461 30.9023 18.3717 0.69797 0 0.716127 75531 2 
0 -4.81393 20.7517 23.839 0.937335 0 -0.348429 75531 2 
0 -1.58929 24.6521 26.9333 0.309455 0 -0.950914 75531 2 
0 -4.17003 28.4847 19.0518 0.81196 0 0.583713 75531 2 
0 -3.73202 22.8797 18.5214 0.726673 0 0.686984 75531 2 
0 -3.44759 30.929 18.243 0.671291 0 0.741194 75531 2 
0 -1.46558 17.0799 17.1274 0.285369 0 0.958418 75531 2 
0 -3.07433 26.5075 26.1635 0.598612 0 -0.801039 75531 2 
0 4.38535 24.5932 19.3766 -0.853885 0 0.520462 75529 2 
0 4.38154 28.7553 24.7288 -0.853144 0 -0.521676 75529 2 
0 4.96801 20.5018 20.7477 -0.967336 0 0.253498 75529 2 
0 3.56505 19.1741 25.7464 -0.694162 0 -0.719819 75529 2 
0 3.95175 20.35 18.7694 -0.769457 0 0.638698 75529 2 
0 4.78971 20.0184 23.9029 -0.93262 0 -0.36086 75529 2 
0 5.01231 29.9852 23.1689 -0.975963 0 -0.217938 75529 2 
0 4.49509 25.7377 24.5336 -0.875252 0 -0.483666 75529 2 
0 4.64583 29.6584 24.2387 -0.904604 0 -0.426252 75529 2 
0 0.618672 18.6822 16.9512 -0.120463 0 0.992718 75529 2 
0 3.255 26.2823 26.0221 -0.633792 0 -0.773504 75529 2 
0 5.13576 22.0034 22.0553 -0.999999 0 0 75529 2 
0 -2.2036 31.1704 17.4106 0.429069 0 0.903272 75529 2 
0 4.40217 23.3369 19.4044 -0.857161 0 0.515048 75529 2 
0 4.57828 30.0779 24.3767 -0.891451 0 -0.453118 75529 2 
0 1.83 28.7894 17.2509 -0.356325 0 0.934362 75529 2 
0 3.54348 22.4685 18.3321 -0.689962 0 0.723845 75529 2 
0 4.96056 29.2765 20.7196 -0.965887 0 0.258966 75529 2 
0 5.13534 29.0839 22.115 -0.999919 0 -0.0127354 75529 2 
0 5.03674 21.8941 21.0459 -0.980719 0 0.195425 75529 2 
0 4.10445 20.8317 18.9626 -0.799189 0 0.601079 75529 2 
0 0.503163 25.2637 16.9385 -0.0979724 0 0.995189 75529 2 
0 4.03964 30.8608 25.2209 -0.786571 0 -0.6175 75529 2 
0 1.72673 18.9157 17.2128 -0.336218 0 0.941784 75529 2 
0 4.32565 28.5888 24.8181 -0.842261 0 -0.53907 75529 2 
0 3.79611 31.2303 25.5087 -0.739152 0 -0.673539 75529 2 
0 4.66183 29.1148 19.8947 -0.90772 0 0.419577 75529 2 
0 1.78799 20.699 17.2351 -0.348144 0 0.937441 75529 2 
0 5.13364 21.89 21.9021 -0.999588 0 0.0287112 75529 2 
0 4.04182 29.7316 18.881 -0.786995 0 0.616959 75529 2 
0 4.1805 28.7256 19.0664 -0.813998 0 0.580868 75529 2 
0 5.13061 26.2603 22.2795 -0.998998 0 -0.0447595 75529 2 
0 4.79111 29.2093 23.8993 -0.932891 0 -0.360159 75529 2 
0 3.61924 29.1457 25.6934 -0.704713 0 -0.709493 75529 2 
0 4.36584 26.9789 19.3449 -0.850087 0 0.526643 75529 2 
0 4.96165 23.623 20.7236 -0.966097 0 0.258178 75529 2 
0 3.91165 19.3075 25.3775 -0.76165 0 -0.647989 75529 2 
0 4.24235 21.5253 24.9442 -0.826041 0 -0.563611 75529 2 
0 0.964432 19.6308 17.0052 -0.187788 0 0.98221 75529 2 
0 4.10331 26.4199 25.1381 -0.798968 0 -0.601373 75529 2 
0 3.62337 20.2238 18.4099 -0.705517 0 0.708693 75529 2 
0 1.21502 30.1493 17.0596 -0.23658 0 0.971612 75529 2 
0 5.13036 24.4718 21.8141 -0.998948 0 0.0458608 75529 2 
0 5.11293 26.0347 21.5659 -0.995555 0 0.0941868 75529 2 
0 5.03864 20.1958 23.0437 -0.981088 0 -0.19356 75529 2 
0 2.85867 20.0063 26.3162 -0.556621 0 -0.830766 75529 2 
0 5.13532 21.7444 22.1173 -0.999913 0 -0.0131827 75529 2 
0 3.5749 24.5713 18.3623 -0.696079 0 0.717965 75529 2 
0 5.06472 27.0461 22.9009 -0.986167 0 -0.165753 75529 2 
0 2.54261 21.2802 17.5874 -0.495079 0 0.868848 75529 2 
0 5.13324 24.7563 21.8886 -0.999509 0 0.0313465 75529 2 
0 1.56148 19.2792 17.157 -0.30404 0 0.952659 75529 2 
0 8.23169 11.8422 17.432 0 0 1 75519 1 
0 10.8848 16.9592 17.432 0 0 1 75519 1 
0 11.2526 12.2012 17.432 0 0 1 75519 1 
0 9.29629 17.2601 17.432 0 0 1 75519 1 
0 12.2021 18.1524 17.432 0 0 1 75519 1 
0 15.0051 14.3018 17.432 0 0 1 75519 1 
0 6.35123 9.43711 17.432 0 0 1 75519 1 
0 13.4501 11.2387 17.432 0 0 1 75519 1 
0 23.7499 10.2991 17.432 0 0 1 75519 1 
0 28.5591 17.7676 17.432 0 0 1 75519 1 
0 6.14896 15.8785 17.432 0 0 1 75519 1 
0 2.34647 15.4843 17.432 0 0 1 75519 1 
0 23.9026 10.1603 17.432 0 0 1 75519 1 
0 29.9704 10.8631 17.432 0 0 1 75519 1 
0 9.39814 16.8693 17.432 0 0 1 75519 1 
0 16.7386 12.4605 17.432 0 0 1 75519 1 
0 21.1845 17.6338 17.432 0 0 1 75519 1 
0 28.623 17.0687 17.432 0 0 1 75519 1 
0 2.26764 12.2005 17.432 0 0 1 75519 1 
0 30.9693 10.5965 17.432 0 0 1 75519 1 
0 27.858 16.2281 17.432 0 0 1 75519 1 
0 6.67426 9.76332 17.432 0 0 1 75519 1 
0 22.7623 17.6227 17.432 0 0 1 75519 1 
0 16.158 10.4771 17.432 0 0 1 75519 1 
0 16.2357 18.4955 17.432 0 0 1 75519 1 
0 5.16284 14.6341 17.432 0 0 1 75519 1 
0 36.7315 13.4005 17.432 0 0 1 75519 1 
0 14.9083 12.3887 17.432 0 0 1 75519 1 
0 32.7565 9.05008 17.432 0 0 1 75519 1 
0 13.7504 13.522 17.432 0 0 1 75519 1 
0 5.50531 15.9122 17.432 0 0 1 75519 1 
0 15.4449 16.5848 17.432 0 0 1 75519 1 
0 7.42314 18.9791 17.432 0 0 1 75519 1 
0 19.1439 12.0073 17.432 0 0 1 75519 1 
0 15.1411 15.4473 17.432 0 0 1 75519 1 
0 15.046 18.9757 17.432 0 0 1 75519 1 
0 14.47 9.7959 17.432 0 0 1 75519 1 
0 6.90498 10.4826 17.432 0 0 1 75519 1 
0 25.8199 16.5814 17.432 0 0 1 75519 1 
0 33.3158 12.7634 17.432 0 0 1 75519 1 
0 9.74632 12.0635 17.432 0 0 1 75519 1 
0 23.0048 9.98871 17.432 0 0 1 75519 1 
0 4.45507 10.0958 17.432 0 0 1 75519 1 
0 27.2722 15.1604 17.432 0 0 1 75519 1 
0 28.8098 16.6477 17.432 0 0 1 75519 1 
0 10.8416 12.4367 17.432 0 0 1 75519 1 
0 9.87947 12.4218 17.432 0 0 1 75519 1 
0 10.9058 15.8587 17.432 0 0 1 75519 1 
0 33.7978 10.3141 17.432 0 0 1 75519 1 
0 14.5985 13.5242 17.432 0 0 1 75519 1 
0 14.3618 16.4554 17.432 0 0 1 75519 1 
0 3.35248 17.0385 17.432 0 0 1 75519 1 
0 -6.55577 8.40763 11.2259 0 -1 0 75394 1 
0 -8.00609 8.40763 14.9155 0 -1 0 75394 1 
0 -18.872 8.40763 11.6747 0 -1 0 75394 1 
0 -14.0512 8.40763 10.5262 0 -1 0 75394 1 
0 27.1235 8.40763 12.2083 0 -1 0 75394 1 
0 33.8125 8.40763 12.2107 0 -1 0 75394 1 
0 20.1903 8.40763 11.4699 0 -1 0 75394 1 
0 8.70178 8.40763 11.4059 0 -1 0 75394 1 
0 -17.695 8.40763 13.9739 0 -1 0 75394 1 
0 22.3246 8.40763 10.3701 0 -1 0 75394 1 
0 6.35361 8.40763 14.0669 0 -1 0 75394 1 
0 -19.2099 8.40763 14.6432 0 -1 0 75394 1 
0 26.8572 8.40763 12.857 0 -1 0 75394 1 
0 -16.3497 8.40763 13.6392 0 -1 0 75394 1 
0 35.5298 8.40763 12.6821 0 -1 0 75394 1 
0 -34.0329 8.40763 12.4366 0 -1 0 75394 1 
0 -15.55 8.40763 10.4014 0 -1 0 75394 1 
0 -11.2365 8.40763 10.9951 0 -1 0 75394 1 
0 -2.89749 8.40763 13.3088 0 -1 0 75394 1 
0 -2.23014 8.40763 13.0578 0 -1 0 75394 1 
0 1.25991 8.40763 15.682 0 -1 0 75394 1 
0 -12.5314 8.40763 10.8243 0 -1 0 75394 1 
0 6.50366 8.40763 14.7235 0 -1 0 75394 1 
0 -11.5943 8.40763 14.4007 0 -1 0 75394 1 
0 26.3662 8.40763 10.4816 0 -1 0 75394 1 
0 24.8544 8.40763 11.4021 0 -1 0 75394 1 
0 1.3086 8.40763 10.9778 0 -1 0 75394 1 
0 -18.112 8.40763 10.8489 0 -1 0 75394 1 
0 18.9119 8.40763 12.7121 0 -1 0 75394 1 
0 -6.13641 8.40763 14.3787 0 -1 0 75394 1 
0 6.25977 8.40763 10.2988 0 -1 0 75394 1 
0 34.6163 8.40763 11.243 0 -1 0 75394 1 
0 -21.0058 8.40763 10.5988 0 -1 0 75394 1 
0 0.3447 8.40763 13.9671 0 -1 0 75394 1 
0 13.9665 8.40763 10.2672 0 -1 0 75394 1 
0 3.40496 8.40763 10.9825 0 -1 0 75394 1 
0 0.584309 8.40763 12.2419 0 -1 0 75394 1 
0 -15.8523 8.40763 12.7627 0 -1 0 75394 1 
0 23.4587 8.40763 11.3704 0 -1 0 75394 1 
0 35.6298 8.40763 12.2587 0 -1 0 75394 1 
0 -5.95994 8.40763 12.9358 0 -1 0 75394 1 
0 24.5121 8.40763 11.7686 0 -1 0 75394 1 
0 34.71 8.40763 11.4117 0 -1 0 75394 1 
0 -15.5378 8.40763 10.6955 0 -1 0 75394 1 
0 -4.07167 8.40763 13.481 0 -1 0 75394 1 
0 -15.0784 8.40763 13.148 0 -1 0 75394 1 
0 -0.688353 8.40763 12.1331 0 -1 0 75394 1 
0 -4.46452 8.40763 11.2265 0 -1 0 75394 1 
0 33.1258 8.40763 14.5574 0 -1 0 75394 1 
0 -33.3819 8.40763 11.9943 0 -1 0 75394 1 
0 36.0319 8.40763 11.9499 0 -1 0 75394 1 
0 26.3283 8.40763 13.5658 0 -1 0 75394 1 
0 9.13025 19.1343 21.214 0 -1 0 74750 1 
0 -11.9267 19.1343 30.6806 0 -1 0 74750 1 
0 26.5221 19.1343 33.1986 0 -1 0 74750 1 
0 -27.2708 19.1343 33.5137 0 -1 0 74750 1 
0 32.5184 19.1343 31.2053 0 -1 0 74750 1 
0 36.007 19.1343 23.0581 0 -1 0 74750 1 
0 -23.64 19.1343 28.7563 0 -1 0 74750 1 
0 20.3332 19.1343 31.4796 0 -1 0 74750 1 
0 -12.892 19.1343 29.4141 0 -1 0 74750 1 
0 20.028 19.1343 22.3469 0 -1 0 74750 1 
0 -6.25747 19.1343 24.2181 0 -1 0 74750 1 
0 -30.2262 19.1343 25.1988 0 -1 0 74750 1 
0 -16.0256 19.1343 26.6598 0 -1 0 74750 1 
0 5.91502 19.1343 28.0088 0 -1 0 74750 1 
0 27.2412 19.1343 25.4527 0 -1 0 74750 1 
0 -8.19641 19.1343 20.4385 0 -1 0 74750 1 
0 -14.6585 19.1343 31.063 0 -1 0 74750 1 
0 15.455 19.1343 23.1418 0 -1 0 74750 1 
0 15.3509 19.1343 26.6796 0 -1 0 74750 1 
0 33.6568 19.1343 24.1103 0 -1 0 74750 1 
0 -29.3421 19.1343 31.6426 0 -1 0 74750 1 
0 -34.4352 19.1343 24.0043 0 -1 0 74750 1 
0 -23.1207 19.1343 20.565 0 -1 0 74750 1 
0 36.1193 19.1343 22.06 0 -1 0 74750 1 
0 15.9155 19.1343 28.4648 0 -1 0 74750 1 
0 -31.8722 19.1343 25.1076 0 -1 0 74750 1 
0 0.748847 19.1343 31.4676 0 -1 0 74750 1 
0 15.9481 19.1343 25.6843 0 -1 0 74750 1 
0 34.1462 19.1343 27.6614 0 -1 0 74750 1 
0 -31.5343 19.1343 28.7927 0 -1 0 74750 1 
0 22.3632 19.1343 31.5344 0 -1 0 74750 1 
0 30.4496 19.1343 25.579 0 -1 0 74750 1 
0 -27.8425 19.1343 21.7359 0 -1 0 74750 1 
0 35.1383 19.1343 22.2339 0 -1 0 74750 1 
0 0.249312 19.1343 32.0488 0 -1 0 74750 1 
0 31.9503 19.1343 21.4948 0 -1 0 74750 1 
0 20.3667 19.1343 25.511 0 -1 0 74750 1 
0 -22.017 19.1343 30.4538 0 -1 0 74750 1 
0 -14.1587 19.1343 28.4872 0 -1 0 74750 1 
0 31.7298 19.1343 27.6768 0 -1 0 74750 1 
0 -27.8225 19.1343 31.936 0 -1 0 74750 1 
0 28.9736 19.1343 24.2382 0 -1 0 74750 1 
0 28.3773 19.1343 24.5365 0 -1 0 74750 1 
0 19.7966 19.1343 21.2421 0 -1 0 74750 1 
0 -14.0681 19.1343 28.2531 0 -1 0 74750 1 
0 13.6166 19.1343 22.3971 0 -1 0 74750 1 
0 32.5308 19.1343 28.4281 0 -1 0 74750 1 
0 15.8419 19.1343 25.9727 0 -1 0 74750 1 
0 -24.364 19.1343 25.4418 0 -1 0 74750 1 
0 -7.83117 19.1343 29.9676 0 -1 0 74750 1 
0 17.1604 19.1343 27.6502 0 -1 0 74750 1 
0 34.4738 19.1343 25.3305 0 -1 0 74750 1 
0 -30.8136 25.7651 33.5173 0 0 1 2441 1 
0 -19.0851 24.091 33.5173 0 0 1 2441 1 
0 15.0502 23.8414 33.5173 0 0 1 2441 1 
0 -29.4117 28.1041 33.5173 0 0 1 2441 1 
0 32.6873 25.2377 33.5173 0 0 1 2441 1 
0 -10.5275 27.8968 33.5173 0 0 1 2441 1 
0 -30.2933 19.3012 33.5173 0 0 1 2441 1 
0 20.622 20.9913 33.5173 0 0 1 2441 1 
0 -6.43369 22.7721 33.5173 0 0 1 2441 1 
0 -24.8912 19.1509 33.5173 0 0 1 2441 1 
0 12.0226 31.5147 33.5173 0 0 1 2441 1 
0 -26.3005 25.4321 33.5173 0 0 1 2441 1 
0 -29.1693 20.3846 33.5173 0 0 1 2441 1 
0 -9.52027 25.6217 33.5173 0 0 1 2441 1 
0 10.1149 23.5855 33.5173 0 0 1 2441 1 
0 17.1776 27.224 33.5173 0 0 1 2441 1 
0 29.3802 23.2765 33.5173 0 0 1 2441 1 
0 -10.5491 21.6671 33.5173 0 0 1 2441 1 
0 36.9531 19.602 33.5173 0 0 1 2441 1 
0 -20.3166 22.82 33.5173 0 0 1 2441 1 
0 -31.0212 22.4636 33.5173 0 0 1 2441 1 
0 14.6971 21.6932 33.5173 0 0 1 2441 1 
0 -4.9831 29.7495 33.5173 0 0 1 2441 1 
0 -3.98038 21.7723 33.5173 0 0 1 2441 1 
0 34.4399 23.5836 33.5173 0 0 1 2441 1 
0 -10.5738 26.6256 33.5173 0 0 1 2441 1 
0 -22.5868 26.7421 33.5173 0 0 1 2441 1 
0 -9.57002 25.1066 33.5173 0 0 1 2441 1 
0 -32.8086 28.4587 33.5173 0 0 1 2441 1 
0 31.9743 20.9898 33.5173 0 0 1 2441 1 
0 -7.59866 29.0468 33.5173 0 0 1 2441 1 
0 -28.9408 20.496 33.5173 0 0 1 2441 1 
0 0.150553 24.9291 33.5173 0 0 1 2441 1 
0 -27.7653 30.9755 33.5173 0 0 1 2441 1 
0 26.0816 30.5964 33.5173 0 0 1 2441 1 
0 23.0944 27.5572 33.5173 0 0 1 2441 1 
0 -29.5009 28.7043 33.5173 0 0 1 2441 1 
0 -28.7309 31.6246 33.5173 0 0 1 2441 1 
0 9.12378 28.4331 33.5173 0 0 1 2441 1 
0 16.7095 30.0843 33.5173 0 0 1 2441 1 
0 26.8467 30.0222 33.5173 0 0 1 2441 1 
0 -4.29124 22.7541 33.5173 0 0 1 2441 1 
0 -9.84735 28.2255 33.5173 0 0 1 2441 1 
0 17.63 21.9887 33.5173 0 0 1 2441 1 
0 27.2578 19.952 33.5173 0 0 1 2441 1 
0 -13.0928 19.4065 33.5173 0 0 1 2441 1 
0 7.0277 19.5764 33.5173 0 0 1 2441 1 
0 -17.3532 20.9197 33.5173 0 0 1 2441 1 
0 20.5686 29.8361 33.5173 0 0 1 2441 1 
0 3.88007 27.5747 33.5173 0 0 1 2441 1 
0 30.3829 29.9336 33.5173 0 0 1 2441 1 
0 -2.80174 27.7882 33.5173 0 0 1 2441 1 
0 -13.2787 31.6291 20.3292 0 1 0 74757 1 
0 -27.9352 31.6291 14.1048 0 1 0 74757 1 
0 -11.1633 31.6291 0.0069898 0 1 0 74757 1 
0 -28.3301 31.6291 20.9374 0 1 0 74757 1 
0 20.2228 31.6291 24.0136 0 1 0 74757 1 
0 -32.8707 31.6291 15.4599 0 1 0 74757 1 
0 9.09645 31.6291 32.6795 0 1 0 74757 1 
0 22.675 31.6291 9.07703 0 1 0 74757 1 
0 18.4039 31.6291 0.684404 0 1 0 74757 1 
0 -23.1433 31.6291 3.9991 0 1 0 74757 1 
0 6.60686 31.6291 21.9329 0 1 0 74757 1 
0 1.0864 31.6291 29.8098 0 1 0 74757 1 
0 -17.4685 31.6291 5.07383 0 1 0 74757 1 
0 11.6773 31.6291 23.4494 0 1 0 74757 1 
0 -6.30468 31.6291 0.0426207 0 1 0 74757 1 
0 1.62647 31.6291 3.98589 0 1 0 74757 1 
0 -0.2187 31.6291 11.0172 0 1 0 74757 1 
0 4.59252 31.6291 32.1788 0 1 0 74757 1 
0 -33.6154 31.6291 30.4593 0 1 0 74757 1 
0 5.55898 31.6291 14.4704 0 1 0 74757 1 
0 -23.0384 31.6291 25.3634 0 1 0 74757 1 
0 -36.9444 31.6291 7.49529 0 1 0 74757 1 
0 10.6829 31.6291 9.04804 0 1 0 74757 1 
0 31.1864 31.6291 17.1089 0 1 0 74757 1 
0 32.8238 31.6291 16.4068 0 1 0 74757 1 
0 26.013 31.6291 9.24436 0 1 0 74757 1 
0 -29.2375 31.6291 33.1196 0 1 0 74757 1 
0 5.95875 31.6291 26.3854 0 1 0 74757 1 
0 -30.9617 31.6291 8.14602 0 1 0 74757 1 
0 2.14642 31.6291 5.78807 0 1 0 74757 1 
0 -6.80185 31.6291 4.86371 0 1 0 74757 1 
0 -8.6104 31.6291 9.18844 0 1 0 74757 1 
0 8.5479 31.6291 21.7607 0 1 0 74757 1 
0 12.3681 31.6291 29.7651 0 1 0 74757 1 
0 -24.9919 31.6291 6.82793 0 1 0 74757 1 
0 -23.9478 31.6291 19.2288 0 1 0 74757 1 
0 6.01961 31.6291 25.2467 0 1 0 74757 1 
0 17.1973 31.6291 33.4649 0 1 0 74757 1 
0 -26.2796 31.6291 17.2241 0 1 0 74757 1 
0 13.8468 31.6291 7.05348 0 1 0 74757 1 
0 12.0997 31.6291 23.2757 0 1 0 74757 1 
0 20.5631 31.6291 17.5099 0 1 0 74757 1 
0 -36.6686 31.6291 0.134852 0 1 0 74757 1 
0 22.6536 31.6291 27.2663 0 1 0 74757 1 
0 -16.6483 31.6291 29.5005 0 1 0 74757 1 
0 -21.3726 31.6291 8.89214 0 1 0 74757 1 
0 31.7299 31.6291 32.0921 0 1 0 74757 1 
0 19.8607 31.6291 17.1656 0 1 0 74757 1 
0 23.7891 31.6291 26.8616 0 1 0 74757 1 
0 10.4412 31.6291 7.48352 0 1 0 74757 1 
0 13.4042 31.6291 21.0619 0 1 0 74757 1 
0 -23.015 31.6291 2.89497 0 1 0 74757 1 
0 2.54582 -21.2971 33.5173 0 0 1 2437 1 
0 -11.6757 -28.8647 33.5173 0 0 1 2437 1 
0 -11.9285 -25.9917 33.5173 0 0 1 2437 1 
0 -19.4621 -26.6175 33.5173 0 0 1 2437 1 
0 17.6647 -27.1842 33.5173 0 0 1 2437 1 
0 24.7935 -28.5828 33.5173 0 0 1 2437 1 
0 -25.1019 -27.8672 33.5173 0 0 1 2437 1 
0 -1.29558 -25.9995 33.5173 0 0 1 2437 1 
0 16.1052 -27.4743 33.5173 0 0 1 2437 1 
0 -4.14747 -19.8446 33.5173 0 0 1 2437 1 
0 17.7891 -22.4229 33.5173 0 0 1 2437 1 
0 -0.813441 -28.2568 33.5173 0 0 1 2437 1 
0 0.704934 -30.5989 33.5173 0 0 1 2437 1 
0 -7.2264 -28.1696 33.5173 0 0 1 2437 1 
0 9.4893 -22.5255 33.5173 0 0 1 2437 1 
0 -16.1936 -25.1751 33.5173 0 0 1 2437 1 
0 -22.5017 -30.2558 33.5173 0 0 1 2437 1 
0 0.0628177 -28.9453 33.5173 0 0 1 2437 1 
0 11.4249 -29.9798 33.5173 0 0 1 2437 1 
0 -7.1004 -20.3511 33.5173 0 0 1 2437 1 
0 16.4034 -25.2434 33.5173 0 0 1 2437 1 
0 11.2814 -29.151 33.5173 0 0 1 2437 1 
0 -4.61658 -26.5844 33.5173 0 0 1 2437 1 
0 -14.2078 -26.4586 33.5173 0 0 1 2437 1 
0 -10.7797 -30.3878 33.5173 0 0 1 2437 1 
0 6.85724 -24.0091 33.5173 0 0 1 2437 1 
0 8.97938 -26.8532 33.5173 0 0 1 2437 1 
0 18.1645 -25.7188 33.5173 0 0 1 2437 1 
0 31.6428 -22.9574 33.5173 0 0 1 2437 1 
0 -31.9893 -21.9064 33.5173 0 0 1 2437 1 
0 9.88251 -19.9758 33.5173 0 0 1 2437 1 
0 8.61677 -23.3988 33.5173 0 0 1 2437 1 
0 30.0002 -20.5524 33.5173 0 0 1 2437 1 
0 20.7064 -25.2356 33.5173 0 0 1 2437 1 
0 27.7144 -20.1885 33.5173 0 0 1 2437 1 
0 4.72026 -26.6249 33.5173 0 0 1 2437 1 
0 27.2147 -26.0364 33.5173 0 0 1 2437 1 
0 -3.82796 -25.6289 33.5173 0 0 1 2437 1 
0 -5.81171 -27.7282 33.5173 0 0 1 2437 1 
0 -24.6635 -30.6398 33.5173 0 0 1 2437 1 
0 -29.1399 -25.106 33.5173 0 0 1 2437 1 
0 -0.581576 -30.0631 33.5173 0 0 1 2437 1 
0 -36.312 -26.1713 33.5173 0 0 1 2437 1 
0 17.4819 -21.8677 33.5173 0 0 1 2437 1 
0 17.6817 -29.6527 33.5173 0 0 1 2437 1 
0 28.0815 -27.902 33.5173 0 0 1 2437 1 
0 25.4049 -21.8134 33.5173 0 0 1 2437 1 
0 -6.77488 -20.5853 33.5173 0 0 1 2437 1 
0 23.1372 -29.1877 33.5173 0 0 1 2437 1 
0 5.9552 -28.091 33.5173 0 0 1 2437 1 
0 -1.71248 -25.5062 33.5173 0 0 1 2437 1 
0 -11.032 -20.0888 33.5173 0 0 1 2437 1 
0 23.2095 2.35551 10.2232 0 0 1 75388 1 
0 -29.5075 6.6542 10.2232 0 0 1 75388 1 
0 -17.1856 -2.52545 10.2232 0 0 1 75388 1 
0 -18.8855 -2.04571 10.2232 0 0 1 75388 1 
0 -1.48817 5.97561 10.2232 0 0 1 75388 1 
0 -33.9842 -4.11929 10.2232 0 0 1 75388 1 
0 -0.657559 5.11524 10.2232 0 0 1 75388 1 
0 16.6551 -1.08924 10.2232 0 0 1 75388 1 
0 13.5038 -0.410486 10.2232 0 0 1 75388 1 
0 12.5332 -2.01254 10.2232 0 0 1 75388 1 
0 11.2376 -2.46407 10.2232 0 0 1 75388 1 
0 27.4086 -6.78658 10.2232 0 0 1 75388 1 
0 -37.2355 1.66187 10.2232 0 0 1 75388 1 
0 -24.5829 -9.17795 10.2232 0 0 1 75388 1 
0 -31.7668 5.6579 10.2232 0 0 1 75388 1 
0 -34.0552 0.927268 10.2232 0 0 1 75388 1 
0 -33.0229 -5.23981 10.2232 0 0 1 75388 1 
0 30.3083 5.26694 10.2232 0 0 1 75388 1 
0 -8.56284 -10.0949 10.2232 0 0 1 75388 1 
0 34.8543 -0.41829 10.2232 0 0 1 75388 1 
0 27.0578 -2.5113 10.2232 0 0 1 75388 1 
0 -32.2288 -5.81532 10.2232 0 0 1 75388 1 
0 -36.5194 -11.3526 10.2232 0 0 1 75388 1 
0 4.81428 -11.5582 10.2232 0 0 1 75388 1 
0 -5.59879 -3.25769 10.2232 0 0 1 75388 1 
0 35.0748 7.43141 10.2232 0 0 1 75388 1 
0 23.8487 7.50506 10.2232 0 0 1 75388 1 
0 -24.0623 -5.08502 10.2232 0 0 1 75388 1 
0 25.1027 -2.06985 10.2232 0 0 1 75388 1 
0 -25.5708 -12.2652 10.2232 0 0 1 75388 1 
0 -4.31055 3.08905 10.2232 0 0 1 75388 1 
0 -26.9667 0.576712 10.2232 0 0 1 75388 1 
0 -31.2662 -10.9311 10.2232 0 0 1 75388 1 
0 -14.3249 -6.40383 10.2232 0 0 1 75388 1 
0 7.36908 -1.9723 10.2232 0 0 1 75388 1 
0 8.19304 6.28942 10.2232 0 0 1 75388 1 
0 -3.14867 -7.03446 10.2232 0 0 1 75388 1 
0 13.8281 -10.5901 10.2232 0 0 1 75388 1 
0 7.06296 -10.1113 10.2232 0 0 1 75388 1 
0 30.9852 -4.74121 10.2232 0 0 1 75388 1 
0 -16.1971 -11.8754 10.2232 0 0 1 75388 1 
0 11.1715 -9.30925 10.2232 0 0 1 75388 1 
0 -25.3897 -5.10974 10.2232 0 0 1 75388 1 
0 -20.4151 2.61289 10.2232 0 0 1 75388 1 
0 -24.2254 -11.8538 10.2232 0 0 1 75388 1 
0 -18.4343 -12.7574 10.2232 0 0 1 75388 1 
0 -26.6819 -6.72504 10.2232 0 0 1 75388 1 
0 -5.2002 -7.3668 10.2232 0 0 1 75388 1 
0 -9.98883 -4.78487 10.2232 0 0 1 75388 1 
0 9.3008 -0.688605 10.2232 0 0 1 75388 1 
0 27.7417 -3.37785 10.2232 0 0 1 75388 1 
0 8.65504 -12.3473 10.2232 0 0 1 75388 1 
0 37.3159 25.1588 20.0705 1 0 0 75521 1 
0 37.3159 -20.4176 19.7724 1 0 0 75521 1 
0 37.3159 -31.0316 3.09375 1 0 0 75521 1 
0 37.3159 -15.4084 3.35144 1 0 0 75521 1 
0 37.3159 12.0108 6.56581 1 0 0 75521 1 
0 37.3159 -20.0133 12.1193 1 0 0 75521 1 
0 37.3159 29.9966 0.59294 1 0 0 75521 1 
0 37.3159 -29.8193 18.5837 1 0 0 75521 1 
0 37.3159 -11.6074 5.98651 1 0 0 75521 1 
0 37.3159 -31.4006 26.4786 1 0 0 75521 1 
0 37.3159 30.3995 16.6172 1 0 0 75521 1 
0 37.3159 -22.9453 2.27467 1 0 0 75521 1 
0 37.3159 -30.4717 26.4166 1 0 0 75521 1 
0 37.3159 28.0491 7.73149 1 0 0 75521 1 
0 37.3159 -18.5985 18.2885 1 0 0 75521 1 
0 37.3159 -15.7567 5.28958 1 0 0 75521 1 
0 37.3159 25.5298 26.1935 1 0 0 75521 1 
0 37.3159 27.2206 10.2239 1 0 0 75521 1 
0 37.3159 25.6567 25.8821 1 0 0 75521 1 
0 37.3159 -22.3053 27.33 1 0 0 75521 1 
0 37.3159 -14.1103 7.49196 1 0 0 75521 1 
0 37.3159 22.0018 5.18388 1 0 0 75521 1 
0 37.3159 30.5809 15.4436 1 0 0 75521 1 
0 37.3159 -12.2455 3.41639 1 0 0 75521 1 
0 37.3159 -26.5117 17.7532 1 0 0 75521 1 
0 37.3159 -10.2549 3.79836 1 0 0 75521 1 
0 37.3159 -22.0334 21.7878 1 0 0 75521 1 
0 37.3159 14.0707 0.775186 1 0 0 75521 1 
0 37.3159 16.0527 12.8298 1 0 0 75521 1 
0 37.3159 -22.4009 13.1402 1 0 0 75521 1 
0 37.3159 -25.1583 27.36 1 0 0 75521 1 
0 37.3159 16.0476 1.15238 1 0 0 75521 1 
0 37.3159 -27.5694 23.1319 1 0 0 75521 1 
0 37.3159 -23.2329 9.99141 1 0 0 75521 1 
0 37.3159 -0.708246 3.466 1 0 0 75521 1 
0 37.3159 -24.1765 8.88864 1 0 0 75521 1 
0 37.3159 28.3326 1.94683 1 0 0 75521 1 
0 37.3159 -8.19042 7.55129 1 0 0 75521 1 
0 37.3159 28.7673 9.1823 1 0 0 75521 1 
0 37.3159 -7.31114 3.77006 1 0 0 75521 1 
0 37.3159 20.5322 12.9984 1 0 0 75521 1 
0 37.3159 27.8705 12.7831 1 0 0 75521 1 
0 37.3159 -26.8334 27.3109 1 0 0 75521 1 
0 37.3159 8.54792 5.03581 1 0 0 75521 1 
0 37.3159 31.3457 20.8785 1 0 0 75521 1 
0 37.3159 14.7859 16.7171 1 0 0 75521 1 
0 37.3159 20.5356 28.916 1 0 0 75521 1 
0 37.3159 21.0616 19.1973 1 0 0 75521 1 
0 37.3159 -24.5157 19.2969 1 0 0 75521 1 
0 37.3159 -20.898 9.93106 1 0 0 75521 1 
0 37.3159 -25.5177 13.2404 1 0 0 75521 1 
0 37.3159 13.4942 13.1041 1 0 0 75521 1 
0 4.8205 -29.5587 20.2779 -0.938615 0 0.344966 75525 2 
0 3.56623 -21.6146 25.7453 -0.694391 0 -0.719598 75525 2 
0 4.61714 -27.9061 24.2986 -0.899019 0 -0.437911 75525 2 
0 5.13323 -26.808 21.8884 -0.999508 0 0.0313784 75525 2 
0 2.15111 -19.9439 17.386 -0.418849 0 0.908056 75525 2 
0 4.92 -24.4752 20.5766 -0.957989 0 0.286805 75525 2 
0 1.72248 -19.1599 17.2113 -0.335388 0 0.94208 75525 2 
0 4.48485 -23.3115 24.552 -0.873259 0 -0.487257 75525 2 
0 5.10871 -28.3115 22.576 -0.994733 0 -0.102504 75525 2 
0 3.91603 -29.7635 25.3723 -0.762503 0 -0.646985 75525 2 
0 3.26312 -27.1762 26.0155 -0.635372 0 -0.772206 75525 2 
0 -5.06605 -26.5763 22.8929 0.986426 0 -0.164209 75525 2 
0 2.69745 -26.6377 17.6793 -0.52523 0 0.850961 75525 2 
0 3.33601 -31.3688 18.1448 -0.649564 0 0.760307 75525 2 
0 5.06491 -24.2549 21.1995 -0.986204 0 0.165533 75525 2 
0 3.16237 -20.2393 18.0029 -0.615755 0 0.787937 75525 2 
0 5.10923 -30.5063 22.571 -0.994834 0 -0.101518 75525 2 
0 0.293065 -28.2947 16.9222 -0.0570636 0 0.998371 75525 2 
0 4.60696 -25.4218 19.7798 -0.897036 0 0.441957 75525 2 
0 4.88135 -23.0499 20.4532 -0.950463 0 0.310837 75525 2 
0 3.30351 -18.7512 18.1173 -0.643236 0 0.765668 75525 2 
0 3.34473 -22.2233 25.9469 -0.651263 0 -0.758852 75525 2 
0 2.99221 -25.0162 17.8755 -0.582623 0 0.812743 75525 2 
0 4.75955 -31.2991 23.979 -0.926747 0 -0.375686 75525 2 
0 3.04843 -24.1239 17.9164 -0.593569 0 0.804783 75525 2 
0 3.0582 -18.619 17.9236 -0.595472 0 0.803376 75525 2 
0 3.83243 -29.1001 25.4684 -0.746225 0 -0.665694 75525 2 
0 5.01267 -29.9811 20.9319 -0.976032 0 0.217626 75525 2 
0 4.32074 -29.4526 19.2734 -0.841304 0 0.540563 75525 2 
0 4.68066 -28.9346 19.9359 -0.911385 0 0.411554 75525 2 
0 3.64962 -25.1342 25.6629 -0.710629 0 -0.703567 75525 2 
0 3.97908 -23.0411 18.8026 -0.774778 0 0.632233 75525 2 
0 4.02138 -30.4147 18.8551 -0.783016 0 0.622002 75525 2 
0 5.08726 -25.2425 22.7537 -0.990557 0 -0.137102 75525 2 
0 4.93132 -29.7213 23.4842 -0.960192 0 -0.279341 75525 2 
0 3.44479 -29.2782 18.2405 -0.670746 0 0.741687 75525 2 
0 0.50937 -24.5813 16.9391 -0.0991809 0 0.995069 75525 2 
0 4.00618 -29.6254 25.2631 -0.780055 0 -0.625711 75525 2 
0 4.55621 -21.2335 19.6796 -0.887154 0 0.461473 75525 2 
0 0.0846443 -19.8005 16.9145 -0.0164814 0 0.999864 75525 2 
0 5.12383 -30.0932 22.3995 -0.997676 0 -0.0681316 75525 2 
0 4.68926 -28.2244 24.1441 -0.913061 0 -0.407822 75525 2 
0 5.01737 -28.3875 20.9532 -0.976948 0 0.213476 75525 2 
0 3.00555 -18.6948 17.8851 -0.585221 0 0.810874 75525 2 
0 4.32503 -22.507 24.8191 -0.842141 0 -0.539258 75525 2 
0 0.899385 -22.349 16.9932 -0.175122 0 0.984547 75525 2 
0 0.924017 -30.3342 16.9976 -0.179918 0 0.983682 75525 2 
0 2.5715 -22.5549 26.4952 -0.500706 0 -0.865618 75525 2 
0 4.74884 -29.2309 20.0939 -0.924662 0 0.380789 75525 2 
0 5.03979 -29.3609 21.0614 -0.981314 0 0.192415 75525 2 
0 3.88834 -23.3357 25.4047 -0.757111 0 -0.653286 75525 2 
0 4.53702 -31.3739 19.643 -0.883416 0 0.468589 75525 2 
0 -2.69089 -30.9234 17.6752 0.523951 0 0.851748 75535 2 
0 -2.70616 -20.4799 17.6846 0.526925 0 0.849912 75535 2 
0 -5.12035 -31.5831 22.4471 0.997 0 -0.0774069 75535 2 
0 -1.63471 -24.2401 26.9182 0.3183 0 -0.94799 75535 2 
0 -2.6883 -29.9753 17.6736 0.523447 0 0.852058 75535 2 
0 -5.0455 -29.6311 21.091 0.982425 0 0.186657 75535 2 
0 -4.40416 -26.2816 24.6914 0.857548 0 -0.514405 75535 2 
0 -4.23452 -24.9724 19.1436 0.824516 0 0.565839 75535 2 
0 -2.80245 -29.6848 17.7458 0.545675 0 0.837997 75535 2 
0 -1.23858 -20.6801 17.0654 0.241168 0 0.970483 75535 2 
0 -4.7201 -26.821 20.0256 0.919065 0 0.394106 75535 2 
0 -2.00917 -21.6274 17.3231 0.391211 0 0.920301 75535 2 
0 -5.1294 -30.9184 22.305 0.998762 0 -0.0497396 75535 2 
0 -0.369882 -22.5236 16.9272 0.0720209 0 0.997403 75535 2 
0 -3.44863 -22.8434 18.2439 0.671493 0 0.741011 75535 2 
0 -4.33646 -22.5452 24.8012 0.844365 0 -0.535768 75535 2 
0 -2.42184 -21.6225 17.5207 0.471565 0 0.881831 75535 2 
0 -4.17601 -28.7646 25.0391 0.813124 0 -0.58209 75535 2 
0 -4.61614 -24.008 24.3007 0.898823 0 -0.438313 75535 2 
0 -3.78337 -29.6689 18.5765 0.736672 0 0.676251 75535 2 
0 -4.59196 -24.0193 19.7496 0.894114 0 0.447839 75535 2 
0 -2.05702 -22.6755 26.7554 0.400529 0 -0.916284 75535 2 
0 -2.83155 -21.9105 26.3343 0.55134 0 -0.834281 75535 2 
0 -5.12611 -27.1598 21.7349 0.998121 0 0.0612747 75535 2 
0 -4.33839 -31.5249 19.3011 0.844742 0 0.535174 75535 2 
0 -1.71524 -29.8728 17.2087 0.333979 0 0.94258 75535 2 
0 -0.971541 -18.7953 17.0066 0.189172 0 0.981944 75535 2 
0 -5.03425 -22.9201 23.0656 0.980235 0 -0.197838 75535 2 
0 -5.10199 -31.5642 22.6376 0.993424 0 -0.114497 75535 2 
0 -4.0223 -22.3153 25.2429 0.783195 0 -0.621777 75535 2 
0 -3.93065 -30.1033 25.355 0.765349 0 -0.643616 75535 2 
0 -3.16222 -24.3704 18.0028 0.615726 0 0.78796 75535 2 
0 -4.50427 -30.2794 24.5169 0.877039 0 -0.480418 75535 2 
0 -3.98063 -27.6605 25.2947 0.775081 0 -0.631862 75535 2 
0 -0.851755 -31.0123 16.985 0.165848 0 0.986151 75535 2 
0 -4.06169 -31.2297 18.9065 0.790864 0 0.611992 75535 2 
0 -0.91021 -22.12 16.9951 0.17723 0 0.98417 75535 2 
0 -3.78215 -23.1942 18.5752 0.736434 0 0.67651 75535 2 
0 -2.96004 -25.0457 17.8527 0.576359 0 0.817197 75535 2 
0 -1.58846 -20.8366 17.1657 0.309294 0 0.950966 75535 2 
0 -3.5398 -25.6489 25.7706 0.689245 0 -0.724528 75535 2 
0 -4.67265 -22.2599 19.9183 0.909827 0 0.414988 75535 2 
0 -4.95432 -28.8295 20.6966 0.964672 0 0.263454 75535 2 
0 -4.11218 -30.3405 25.1263 0.800695 0 -0.599072 75535 2 
0 -3.14214 -24.0161 26.112 0.611815 0 -0.791001 75535 2 
0 -3.05028 -25.9029 26.1814 0.59393 0 -0.804517 75535 2 
0 -4.2941 -23.1582 24.8668 0.836118 0 -0.54855 75535 2 
0 -2.09231 -30.2979 17.3594 0.407399 0 0.91325 75535 2 
0 -3.55546 -29.8142 18.3435 0.692295 0 0.721614 75535 2 
0 -4.32428 -29.3645 24.8203 0.841994 0 -0.539487 75535 2 
0 -4.00057 -24.8899 18.8291 0.778964 0 0.627069 75535 2 
0 -0.301705 -18.6027 16.9227 0.0587459 0 0.998273 75535 2 
