0 17.6685 -36.0557 111.133 1 0 0 61534 1 
0 17.6685 -30.8443 111.726 1 0 0 61534 1 
0 17.6685 -35.3396 110.67 1 0 0 61534 1 
0 17.6685 -66.9844 110.402 1 0 0 61534 1 
0 17.6685 -66.0328 110.899 1 0 0 61534 1 
0 17.6685 -32.0863 110.953 1 0 0 61534 1 
0 17.6685 -56.0405 111.376 1 0 0 61534 1 
0 17.6685 -41.2267 111.462 1 0 0 61534 1 
0 17.6685 -29.6867 111.234 1 0 0 61534 1 
0 17.6685 -25.5688 111.313 1 0 0 61534 1 
0 17.6685 -20.4744 113.002 1 0 0 61534 1 
0 17.6685 -45.3389 111.061 1 0 0 61534 1 
0 17.6685 -28.2364 112.904 1 0 0 61534 1 
0 17.6685 -67.8611 111.724 1 0 0 61534 1 
0 17.6685 -21.6946 110.448 1 0 0 61534 1 
0 17.6685 -66.4344 113.108 1 0 0 61534 1 
0 17.6685 -17.3671 112.763 1 0 0 61534 1 
0 17.6685 -31.2705 111.942 1 0 0 61534 1 
0 17.6685 -39.4199 111.129 1 0 0 61534 1 
0 17.6685 -69.0776 110.823 1 0 0 61534 1 
0 17.6685 -16.5638 112.668 1 0 0 61534 1 
0 17.6685 -41.7463 112.337 1 0 0 61534 1 
0 17.6685 -45.2805 110.641 1 0 0 61534 1 
0 17.6685 -28.845 112.431 1 0 0 61534 1 
0 17.6685 -42.5142 111.836 1 0 0 61534 1 
0 79.9768 -15.3772 111.806 0 1 0 61665 1 
0 38.6456 -15.3772 114.693 0 1 0 61665 1 
0 75.7481 -15.3772 110.196 0 1 0 61665 1 
0 36.3393 -15.3772 115.338 0 1 0 61665 1 
0 68.0712 -15.3772 120.539 0 1 0 61665 1 
0 74.6938 -15.3772 115.569 0 1 0 61665 1 
0 47.2702 -15.3772 114.375 0 1 0 61665 1 
0 82.072 -15.3772 112.774 0 1 0 61665 1 
0 62.2651 -15.3772 117.828 0 1 0 61665 1 
0 40.5669 -15.3772 110.219 0 1 0 61665 1 
0 74.4228 -15.3772 117.248 0 1 0 61665 1 
0 42.2612 -15.3772 119.935 0 1 0 61665 1 
0 44.941 -15.3772 111.612 0 1 0 61665 1 
0 73.406 -15.3772 113.891 0 1 0 61665 1 
0 45.6612 -15.3772 117.138 0 1 0 61665 1 
0 57.3346 -15.3772 111.528 0 1 0 61665 1 
0 64.4591 -15.3772 118.085 0 1 0 61665 1 
0 59.597 -15.3772 114.316 0 1 0 61665 1 
0 64.8821 -15.3772 109.883 0 1 0 61665 1 
0 78.9773 -15.3772 119.621 0 1 0 61665 1 
0 63.8325 -15.3772 116.461 0 1 0 61665 1 
0 74.4606 -15.3772 109.712 0 1 0 61665 1 
0 37.026 -15.3772 114.544 0 1 0 61665 1 
0 17.9809 -15.3772 110.147 0 1 0 61665 1 
0 56.1662 -15.3772 111.474 0 1 0 61665 1 
0 16.7378 -42.4172 113.3 0 0 1 61679 1 
0 16.6145 -38.3177 113.3 0 0 1 61679 1 
0 14.5615 -76.5254 113.3 0 0 1 61679 1 
0 14.6084 -37.2513 113.3 0 0 1 61679 1 
0 13.5656 -73.689 113.3 0 0 1 61679 1 
0 15.8731 -48.5003 113.3 0 0 1 61679 1 
0 15.7085 -69.5627 113.3 0 0 1 61679 1 
0 15.6393 -59.7526 113.3 0 0 1 61679 1 
0 16.805 -21.259 113.3 0 0 1 61679 1 
0 17.02 -52.4812 113.3 0 0 1 61679 1 
0 15.2629 -29.0155 113.3 0 0 1 61679 1 
0 16.311 -57.7339 113.3 0 0 1 61679 1 
0 15.7517 -74.1011 113.3 0 0 1 61679 1 
0 15.5451 -63.8408 113.3 0 0 1 61679 1 
0 14.2419 -57.5041 113.3 0 0 1 61679 1 
0 16.7111 -19.216 113.3 0 0 1 61679 1 
0 16.2883 -25.1043 113.3 0 0 1 61679 1 
0 16.9162 -66.4521 113.3 0 0 1 61679 1 
0 16.3932 -37.474 113.3 0 0 1 61679 1 
0 15.8932 -62.6635 113.3 0 0 1 61679 1 
0 15.9712 -35.6066 113.3 0 0 1 61679 1 
0 16.5001 -18.7678 113.3 0 0 1 61679 1 
0 15.8703 -39.3393 113.3 0 0 1 61679 1 
0 17.1213 -70.2103 113.3 0 0 1 61679 1 
0 14.697 -76.3873 113.3 0 0 1 61679 1 
0 82.838 59.8234 11.404 1 0 0 42851 1 
0 82.838 69.9853 5.65728 1 0 0 42851 1 
0 82.838 -11.1176 38.067 1 0 0 42851 1 
0 82.838 46.0146 21.8297 1 0 0 42851 1 
0 82.838 28.1759 79.896 1 0 0 42851 1 
0 82.838 40.7344 0.866034 1 0 0 42851 1 
0 82.838 -33.7495 71.3208 1 0 0 42851 1 
0 82.838 -33.6671 96.8263 1 0 0 42851 1 
0 82.838 18.3362 94.8482 1 0 0 42851 1 
0 82.838 36.1627 41.147 1 0 0 42851 1 
0 82.838 -6.24294 89.8023 1 0 0 42851 1 
0 82.838 28.8196 44.7747 1 0 0 42851 1 
0 82.838 52.4638 105.01 1 0 0 42851 1 
0 82.838 75.1662 48.0058 1 0 0 42851 1 
0 82.838 41.5338 80.9 1 0 0 42851 1 
0 82.838 -65.0439 40.6211 1 0 0 42851 1 
0 82.838 -38.3699 15.3648 1 0 0 42851 1 
0 82.838 72.175 14.8313 1 0 0 42851 1 
0 82.838 -39.1197 3.98492 1 0 0 42851 1 
0 82.838 55.083 80.8192 1 0 0 42851 1 
0 82.838 46.6762 96.3881 1 0 0 42851 1 
0 82.838 -25.781 84.1761 1 0 0 42851 1 
0 82.838 21.6614 34.2896 1 0 0 42851 1 
0 82.838 -37.0277 76.1404 1 0 0 42851 1 
0 82.838 -44.691 84.2989 1 0 0 42851 1 
0 50.4652 1.98335 109.673 0 0 1 28894 1 
0 58.0632 9.63262 109.673 0 0 1 28894 1 
0 75.3863 -4.20821 109.673 0 0 1 28894 1 
0 68.6567 2.71502 109.673 0 0 1 28894 1 
0 77.2689 14.7761 109.673 0 0 1 28894 1 
0 31.8128 2.07149 109.673 0 0 1 28894 1 
0 61.0873 -4.49849 109.673 0 0 1 28894 1 
0 23.771 8.67236 109.673 0 0 1 28894 1 
0 27.6785 1.87772 109.673 0 0 1 28894 1 
0 77.9717 -14.323 109.673 0 0 1 28894 1 
0 77.2117 5.70892 109.673 0 0 1 28894 1 
0 62.199 7.08189 109.673 0 0 1 28894 1 
0 72.8268 4.00983 109.673 0 0 1 28894 1 
0 44.3318 -10.0505 109.673 0 0 1 28894 1 
0 18.3124 11.0519 109.673 0 0 1 28894 1 
0 20.0651 -10.3418 109.673 0 0 1 28894 1 
0 44.3306 3.68935 109.673 0 0 1 28894 1 
0 25.2446 5.70994 109.673 0 0 1 28894 1 
0 26.4624 12.2919 109.673 0 0 1 28894 1 
0 72.4768 10.2099 109.673 0 0 1 28894 1 
0 18.8064 -10.9863 109.673 0 0 1 28894 1 
0 81.9116 10.6081 109.673 0 0 1 28894 1 
0 65.1037 6.66764 109.673 0 0 1 28894 1 
0 67.6488 -1.93949 109.673 0 0 1 28894 1 
0 78.762 -10.6078 109.673 0 0 1 28894 1 
0 35.3542 15.3772 111.33 0 -1 0 61685 1 
0 76.222 15.3772 117.028 0 -1 0 61685 1 
0 57.7167 15.3772 110.376 0 -1 0 61685 1 
0 32.7602 15.3772 111.667 0 -1 0 61685 1 
0 71.7455 15.3772 119.412 0 -1 0 61685 1 
0 66.8742 15.3772 112.611 0 -1 0 61685 1 
0 77.7473 15.3772 111.094 0 -1 0 61685 1 
0 46.275 15.3772 110.039 0 -1 0 61685 1 
0 51.1599 15.3772 114.341 0 -1 0 61685 1 
0 50.6408 15.3772 118.124 0 -1 0 61685 1 
0 71.1939 15.3772 114.027 0 -1 0 61685 1 
0 72.1775 15.3772 114.463 0 -1 0 61685 1 
0 36.8599 15.3772 110.526 0 -1 0 61685 1 
0 73.2353 15.3772 116.274 0 -1 0 61685 1 
0 48.5616 15.3772 116.576 0 -1 0 61685 1 
0 78.3809 15.3772 113.444 0 -1 0 61685 1 
0 49.6098 15.3772 114.536 0 -1 0 61685 1 
0 36.3275 15.3772 119.002 0 -1 0 61685 1 
0 65.607 15.3772 113.413 0 -1 0 61685 1 
0 27.4447 15.3772 109.827 0 -1 0 61685 1 
0 56.2203 15.3772 110.398 0 -1 0 61685 1 
0 34.8472 15.3772 118.935 0 -1 0 61685 1 
0 80.5192 15.3772 110.327 0 -1 0 61685 1 
0 39.9353 15.3772 113.646 0 -1 0 61685 1 
0 78.0837 15.3772 118.702 0 -1 0 61685 1 
0 -78.4334 79.1622 0.552971 0 1 0 61681 1 
0 70.0153 79.1622 35.5554 0 1 0 61681 1 
0 66.9511 79.1622 26.4875 0 1 0 61681 1 
0 9.37832 79.1622 24.7093 0 1 0 61681 1 
0 -12.684 79.1622 1.23863 0 1 0 61681 1 
0 -64.0741 79.1622 99.5411 0 1 0 61681 1 
0 -74.551 79.1622 36.8749 0 1 0 61681 1 
0 -57.9315 79.1622 70.497 0 1 0 61681 1 
0 62.5614 79.1622 64.2757 0 1 0 61681 1 
0 36.2024 79.1622 96.077 0 1 0 61681 1 
0 7.71348 79.1622 30.192 0 1 0 61681 1 
0 -66.0494 79.1622 1.50229 0 1 0 61681 1 
0 -10.269 79.1622 104.803 0 1 0 61681 1 
0 57.2389 79.1622 85.1495 0 1 0 61681 1 
0 41.0036 79.1622 18.304 0 1 0 61681 1 
0 66.9232 79.1622 54.0684 0 1 0 61681 1 
0 15.6412 79.1622 73.0153 0 1 0 61681 1 
0 -74.7665 79.1622 45.1478 0 1 0 61681 1 
0 52.2913 79.1622 40.9964 0 1 0 61681 1 
0 29.897 79.1622 100.904 0 1 0 61681 1 
0 -57.5552 79.1622 26.8109 0 1 0 61681 1 
0 -61.1899 79.1622 119.179 0 1 0 61681 1 
0 -77.955 79.1622 58.3398 0 1 0 61681 1 
0 47.0908 79.1622 17.5371 0 1 0 61681 1 
0 -26.3622 79.1622 102.651 0 1 0 61681 1 
0 -72.5868 45.1398 0 0 0 -1 627 1 
0 53.0847 65.9872 0 0 0 -1 627 1 
0 -34.2736 -18.8003 0 0 0 -1 627 1 
0 66.7251 -1.97134 0 0 0 -1 627 1 
0 75.9748 6.28862 0 0 0 -1 627 1 
0 38.4358 63.3949 0 0 0 -1 627 1 
0 -48.5301 66.0808 0 0 0 -1 627 1 
0 -35.9413 69.0902 0 0 0 -1 627 1 
0 66.1531 72.002 0 0 0 -1 627 1 
0 -44.8994 -23.0137 0 0 0 -1 627 1 
0 -34.9317 -63.1291 0 0 0 -1 627 1 
0 82.2734 57.853 0 0 0 -1 627 1 
0 61.759 31.9348 0 0 0 -1 627 1 
0 -22.7494 77.0438 0 0 0 -1 627 1 
0 -63.0002 -34.3815 0 0 0 -1 627 1 
0 -66.6512 6.56731 0 0 0 -1 627 1 
0 -58.1239 -41.6451 0 0 0 -1 627 1 
0 -16.0195 -13.6029 0 0 0 -1 627 1 
0 -44.5705 -46.9466 0 0 0 -1 627 1 
0 53.9764 -6.71163 0 0 0 -1 627 1 
0 -42.3517 8.21496 0 0 0 -1 627 1 
0 63.2542 -53.3878 0 0 0 -1 627 1 
0 56.8238 21.4318 0 0 0 -1 627 1 
0 -64.7479 -0.588434 0 0 0 -1 627 1 
0 -81.5254 64.3789 0 0 0 -1 627 1 
0 58.2491 -27.3271 123.265 0 -1 0 42740 1 
0 50.6929 -27.3271 121.06 0 -1 0 42740 1 
0 55.7229 -27.3271 120.62 0 -1 0 42740 1 
0 81.6788 -27.3271 121.291 0 -1 0 42740 1 
0 76.8402 -27.3271 122.19 0 -1 0 42740 1 
0 60.8281 -27.3271 120.41 0 -1 0 42740 1 
0 49.0785 -27.3271 121.699 0 -1 0 42740 1 
0 46.4931 -27.3271 122.982 0 -1 0 42740 1 
0 71.6501 -27.3271 123.025 0 -1 0 42740 1 
0 57.8155 -27.3271 122.226 0 -1 0 42740 1 
0 55.8543 -27.3271 121.831 0 -1 0 42740 1 
0 66.703 -27.3271 119.928 0 -1 0 42740 1 
0 51.7556 -27.3271 120.178 0 -1 0 42740 1 
0 49.8032 -27.3271 121.682 0 -1 0 42740 1 
0 64.284 -27.3271 123.136 0 -1 0 42740 1 
0 47.6367 -27.3271 120.353 0 -1 0 42740 1 
0 47.1823 -27.3271 121.657 0 -1 0 42740 1 
0 80.7981 -27.3271 122.572 0 -1 0 42740 1 
0 72.6934 -27.3271 120.834 0 -1 0 42740 1 
0 41.7173 -27.3271 123.225 0 -1 0 42740 1 
0 45.1261 -27.3271 122.703 0 -1 0 42740 1 
0 64.3703 -27.3271 123.219 0 -1 0 42740 1 
0 41.2555 -27.3271 122.405 0 -1 0 42740 1 
0 38.2194 -27.3271 123.051 0 -1 0 42740 1 
0 80.4862 -27.3271 122.779 0 -1 0 42740 1 
0 16.4913 40.1565 113.3 0 0 1 61673 1 
0 15.6246 46.1314 113.3 0 0 1 61673 1 
0 15.6798 30.4686 113.3 0 0 1 61673 1 
0 13.7812 66.187 113.3 0 0 1 61673 1 
0 14.4337 28.0229 113.3 0 0 1 61673 1 
0 15.7387 49.2104 113.3 0 0 1 61673 1 
0 14.3389 47.4087 113.3 0 0 1 61673 1 
0 17.0018 68.8629 113.3 0 0 1 61673 1 
0 15.9619 30.4586 113.3 0 0 1 61673 1 
0 17.582 64.3144 113.3 0 0 1 61673 1 
0 13.7498 31.6211 113.3 0 0 1 61673 1 
0 14.929 61.5696 113.3 0 0 1 61673 1 
0 16.0222 19.173 113.3 0 0 1 61673 1 
0 13.3506 17.5216 113.3 0 0 1 61673 1 
0 16.0687 51.2572 113.3 0 0 1 61673 1 
0 17.0958 32.8267 113.3 0 0 1 61673 1 
0 16.6114 32.2198 113.3 0 0 1 61673 1 
0 16.8755 31.7053 113.3 0 0 1 61673 1 
0 16.0827 49.899 113.3 0 0 1 61673 1 
0 16.8289 16.7098 113.3 0 0 1 61673 1 
0 14.1862 50.9986 113.3 0 0 1 61673 1 
0 14.1069 52.9958 113.3 0 0 1 61673 1 
0 14.1318 44.9176 113.3 0 0 1 61673 1 
0 16.3192 18.9806 113.3 0 0 1 61673 1 
0 15.6643 21.3957 113.3 0 0 1 61673 1 
0 31.1751 65.087 120.763 -1 0 0 6644 1 
0 31.1751 74.8797 122.047 -1 0 0 6644 1 
0 31.1751 53.3296 122.71 -1 0 0 6644 1 
0 31.1751 25.3047 120.238 -1 0 0 6644 1 
0 31.1751 66.589 119.087 -1 0 0 6644 1 
0 31.1751 68.64 113.529 -1 0 0 6644 1 
0 31.1751 45.4102 116.839 -1 0 0 6644 1 
0 31.1751 26.4793 121.494 -1 0 0 6644 1 
0 31.1751 28.2596 119.862 -1 0 0 6644 1 
0 31.1751 23.959 115.101 -1 0 0 6644 1 
0 31.1751 76.0078 121.8 -1 0 0 6644 1 
0 31.1751 60.5831 118.245 -1 0 0 6644 1 
0 31.1751 61.947 121.483 -1 0 0 6644 1 
0 31.1751 25.6557 115.762 -1 0 0 6644 1 
0 31.1751 63.1565 120.53 -1 0 0 6644 1 
0 31.1751 74.7937 115.446 -1 0 0 6644 1 
0 31.1751 72.0267 114.553 -1 0 0 6644 1 
0 31.1751 65.2516 116.286 -1 0 0 6644 1 
0 31.1751 69.8256 115.151 -1 0 0 6644 1 
0 31.1751 35.4335 115.555 -1 0 0 6644 1 
0 31.1751 16.8864 119.819 -1 0 0 6644 1 
0 31.1751 78.2612 121.728 -1 0 0 6644 1 
0 31.1751 36.4246 122.754 -1 0 0 6644 1 
0 31.1751 70.6737 113.437 -1 0 0 6644 1 
0 31.1751 22.1633 115.537 -1 0 0 6644 1 
0 29.8003 63.451 113.3 0 0 1 61669 1 
0 28.0825 27.4636 113.3 0 0 1 61669 1 
0 30.4148 45.4462 113.3 0 0 1 61669 1 
0 28.6778 62.9761 113.3 0 0 1 61669 1 
0 30.9601 44.2496 113.3 0 0 1 61669 1 
0 30.2333 68.9395 113.3 0 0 1 61669 1 
0 30.5321 39.8039 113.3 0 0 1 61669 1 
0 27.9359 34.1441 113.3 0 0 1 61669 1 
0 28.4374 54.0894 113.3 0 0 1 61669 1 
0 29.1485 31.1752 113.3 0 0 1 61669 1 
0 28.296 37.3948 113.3 0 0 1 61669 1 
0 27.1755 72.4307 113.3 0 0 1 61669 1 
0 30.1689 43.8868 113.3 0 0 1 61669 1 
0 29.7486 33.0371 113.3 0 0 1 61669 1 
0 28.8927 63.1558 113.3 0 0 1 61669 1 
0 29.6592 77.1798 113.3 0 0 1 61669 1 
0 30.7698 27.4524 113.3 0 0 1 61669 1 
0 28.146 17.2706 113.3 0 0 1 61669 1 
0 30.2308 74.9053 113.3 0 0 1 61669 1 
0 27.9277 77.6838 113.3 0 0 1 61669 1 
0 27.9727 21.799 113.3 0 0 1 61669 1 
0 28.8637 32.2991 113.3 0 0 1 61669 1 
0 27.4587 39.3931 113.3 0 0 1 61669 1 
0 30.4801 35.7997 113.3 0 0 1 61669 1 
0 27.9277 76.5537 113.3 0 0 1 61669 1 
0 26.8512 53.0435 112.252 -1 0 0 61558 1 
0 26.8512 33.9035 112.124 -1 0 0 61558 1 
0 26.8512 58.6586 113.272 -1 0 0 61558 1 
0 26.8512 46.0581 111.588 -1 0 0 61558 1 
0 26.8512 24.735 112.616 -1 0 0 61558 1 
0 26.8512 62.1528 111.007 -1 0 0 61558 1 
0 26.8512 47.8417 113.028 -1 0 0 61558 1 
0 26.8512 53.5158 112.615 -1 0 0 61558 1 
0 26.8512 52.2253 112.839 -1 0 0 61558 1 
0 26.8512 43.7239 111.155 -1 0 0 61558 1 
0 26.8512 79.0064 111.828 -1 0 0 61558 1 
0 26.8512 37.0802 113.247 -1 0 0 61558 1 
0 26.8512 61.0117 111.062 -1 0 0 61558 1 
0 26.8512 51.8435 110.835 -1 0 0 61558 1 
0 26.8512 69.7622 111.612 -1 0 0 61558 1 
0 26.8512 36.0398 112.141 -1 0 0 61558 1 
0 26.8512 50.0239 112.226 -1 0 0 61558 1 
0 26.8512 69.1261 111.849 -1 0 0 61558 1 
0 26.8512 25.1027 111.753 -1 0 0 61558 1 
0 26.8512 39.3516 110.356 -1 0 0 61558 1 
0 26.8512 34.279 112.998 -1 0 0 61558 1 
0 26.8512 42.4009 110.728 -1 0 0 61558 1 
0 26.8512 35.4949 112.191 -1 0 0 61558 1 
0 26.8512 73.1386 111.306 -1 0 0 61558 1 
0 26.8512 70.395 111.571 -1 0 0 61558 1 
0 17.6685 21.918 111.007 1 0 0 61538 1 
0 17.6685 64.9481 111.276 1 0 0 61538 1 
0 17.6685 43.0909 112.958 1 0 0 61538 1 
0 17.6685 35.8564 112.625 1 0 0 61538 1 
0 17.6685 78.6269 112.819 1 0 0 61538 1 
0 17.6685 61.8861 110.372 1 0 0 61538 1 
0 17.6685 19.5492 110.426 1 0 0 61538 1 
0 17.6685 22.3072 110.455 1 0 0 61538 1 
0 17.6685 76.1416 110.491 1 0 0 61538 1 
0 17.6685 26.5301 112.08 1 0 0 61538 1 
0 17.6685 37.0823 110.944 1 0 0 61538 1 
0 17.6685 43.0113 112.146 1 0 0 61538 1 
0 17.6685 25.5017 112.243 1 0 0 61538 1 
0 17.6685 64.8388 112.648 1 0 0 61538 1 
0 17.6685 36.1662 110.812 1 0 0 61538 1 
0 17.6685 24.8115 111.155 1 0 0 61538 1 
0 17.6685 71.9968 112.343 1 0 0 61538 1 
0 17.6685 53.0971 113.123 1 0 0 61538 1 
0 17.6685 74.7312 112.285 1 0 0 61538 1 
0 17.6685 33.3307 112.479 1 0 0 61538 1 
0 17.6685 64.122 111.605 1 0 0 61538 1 
0 17.6685 21.1438 111.817 1 0 0 61538 1 
0 17.6685 27.2496 112.474 1 0 0 61538 1 
0 17.6685 75.4856 111.306 1 0 0 61538 1 
0 17.6685 26.7744 113.081 1 0 0 61538 1 
0 6.25429 8.88039 108.533 0 0 1 28768 1 
0 -1.78239 -75.8917 108.533 0 0 1 28768 1 
0 -12.1191 -11.2659 108.533 0 0 1 28768 1 
0 12.5391 -46.4037 108.533 0 0 1 28768 1 
0 9.13922 74.8473 108.533 0 0 1 28768 1 
0 11.9257 77.2484 108.533 0 0 1 28768 1 
0 10.2896 62.8953 108.533 0 0 1 28768 1 
0 5.46429 -22.4277 108.533 0 0 1 28768 1 
0 6.08568 5.20592 108.533 0 0 1 28768 1 
0 9.67409 28.5413 108.533 0 0 1 28768 1 
0 -0.786147 71.7824 108.533 0 0 1 28768 1 
0 -2.92037 -77.4199 108.533 0 0 1 28768 1 
0 -9.12157 -4.37002 108.533 0 0 1 28768 1 
0 8.15465 77.0815 108.533 0 0 1 28768 1 
0 -1.2535 -50.548 108.533 0 0 1 28768 1 
0 -5.22998 -52.996 108.533 0 0 1 28768 1 
0 -5.0802 15.6441 108.533 0 0 1 28768 1 
0 -10.977 -22.5088 108.533 0 0 1 28768 1 
0 1.49496 -41.6741 108.533 0 0 1 28768 1 
0 1.18915 -68.0254 108.533 0 0 1 28768 1 
0 4.95277 -5.34687 108.533 0 0 1 28768 1 
0 -2.9563 -59.3087 108.533 0 0 1 28768 1 
0 -8.12252 0.800943 108.533 0 0 1 28768 1 
0 -4.47139 7.70553 108.533 0 0 1 28768 1 
0 10.6555 39.0141 108.533 0 0 1 28768 1 
0 -31.1751 76.1789 118.288 1 0 0 6624 1 
0 -31.1751 27.6841 122.237 1 0 0 6624 1 
0 -31.1751 42.8691 115.612 1 0 0 6624 1 
0 -31.1751 33.0463 118.839 1 0 0 6624 1 
0 -31.1751 74.5634 119.815 1 0 0 6624 1 
0 -31.1751 72.2243 119.832 1 0 0 6624 1 
0 -31.1751 36.0295 119.933 1 0 0 6624 1 
0 -31.1751 27.028 115.396 1 0 0 6624 1 
0 -31.1751 70.5831 116.481 1 0 0 6624 1 
0 -31.1751 57.8997 120.627 1 0 0 6624 1 
0 -31.1751 51.2304 115.326 1 0 0 6624 1 
0 -31.1751 74.2598 114.009 1 0 0 6624 1 
0 -31.1751 60.7117 115.503 1 0 0 6624 1 
0 -31.1751 60.7589 121.499 1 0 0 6624 1 
0 -31.1751 22.1701 118.578 1 0 0 6624 1 
0 -31.1751 35.1047 116.559 1 0 0 6624 1 
0 -31.1751 54.7608 113.776 1 0 0 6624 1 
0 -31.1751 20.991 121.807 1 0 0 6624 1 
0 -31.1751 74.5272 114.609 1 0 0 6624 1 
0 -31.1751 47.3592 121.146 1 0 0 6624 1 
0 -31.1751 34.1779 117.409 1 0 0 6624 1 
0 -31.1751 58.2424 114.505 1 0 0 6624 1 
0 -31.1751 21.8082 113.512 1 0 0 6624 1 
0 -31.1751 68.1384 120.78 1 0 0 6624 1 
0 -31.1751 45.2645 116.397 1 0 0 6624 1 
0 -82.838 64.563 77.5924 -1 0 0 42875 1 
0 -82.838 7.16099 26.2885 -1 0 0 42875 1 
0 -82.838 30.6216 112.992 -1 0 0 42875 1 
0 -82.838 -78.3849 52.8083 -1 0 0 42875 1 
0 -82.838 -47.3289 72.7501 -1 0 0 42875 1 
0 -82.838 -79.0305 109.842 -1 0 0 42875 1 
0 -82.838 -4.28141 99.8074 -1 0 0 42875 1 
0 -82.838 -64.3136 69.4352 -1 0 0 42875 1 
0 -82.838 -29.8407 29.6012 -1 0 0 42875 1 
0 -82.838 -12.586 69.9029 -1 0 0 42875 1 
0 -82.838 9.1001 3.63017 -1 0 0 42875 1 
0 -82.838 15.6545 105.027 -1 0 0 42875 1 
0 -82.838 -71.5661 22.0044 -1 0 0 42875 1 
0 -82.838 -7.5665 36.938 -1 0 0 42875 1 
0 -82.838 18.6481 67.2375 -1 0 0 42875 1 
0 -82.838 -26.4992 66.5979 -1 0 0 42875 1 
0 -82.838 -54.5519 96.7929 -1 0 0 42875 1 
0 -82.838 -53.7215 115.784 -1 0 0 42875 1 
0 -82.838 66.014 67.7735 -1 0 0 42875 1 
0 -82.838 53.7253 31.6318 -1 0 0 42875 1 
0 -82.838 17.1507 91.582 -1 0 0 42875 1 
0 -82.838 50.8542 73.6486 -1 0 0 42875 1 
0 -82.838 -54.4922 7.15644 -1 0 0 42875 1 
0 -82.838 -9.89936 23.7736 -1 0 0 42875 1 
0 -82.838 8.22353 105.27 -1 0 0 42875 1 
0 -50.0601 15.3772 110.682 0 -1 0 28922 1 
0 -67.6793 15.3772 120.586 0 -1 0 28922 1 
0 -50.9666 15.3772 118.743 0 -1 0 28922 1 
0 -72.3929 15.3772 114.399 0 -1 0 28922 1 
0 -62.9117 15.3772 120.126 0 -1 0 28922 1 
0 -65.0383 15.3772 111.417 0 -1 0 28922 1 
0 -48.1849 15.3772 119.735 0 -1 0 28922 1 
0 -76.64 15.3772 112.138 0 -1 0 28922 1 
0 -49.4632 15.3772 112.753 0 -1 0 28922 1 
0 -25.2415 15.3772 111.735 0 -1 0 28922 1 
0 -44.5286 15.3772 115.874 0 -1 0 28922 1 
0 -67.7726 15.3772 112.477 0 -1 0 28922 1 
0 -51.4613 15.3772 112.196 0 -1 0 28922 1 
0 -34.2193 15.3772 114.832 0 -1 0 28922 1 
0 -34.5653 15.3772 114.039 0 -1 0 28922 1 
0 -66.8259 15.3772 119.337 0 -1 0 28922 1 
0 -53.9317 15.3772 110.614 0 -1 0 28922 1 
0 -77.7513 15.3772 114.702 0 -1 0 28922 1 
0 -76.2949 15.3772 119.224 0 -1 0 28922 1 
0 -55.5343 15.3772 113.316 0 -1 0 28922 1 
0 -34.4538 15.3772 116.975 0 -1 0 28922 1 
0 -34.3666 15.3772 113.296 0 -1 0 28922 1 
0 -66.1436 15.3772 113.231 0 -1 0 28922 1 
0 -60.4037 15.3772 111.612 0 -1 0 28922 1 
0 -67.3321 15.3772 112.402 0 -1 0 28922 1 
0 -51.8591 -15.3772 116.392 0 1 0 28906 1 
0 -80.3194 -15.3772 112.045 0 1 0 28906 1 
0 -60.9546 -15.3772 112.75 0 1 0 28906 1 
0 -33.5789 -15.3772 113.99 0 1 0 28906 1 
0 -69.2978 -15.3772 116.377 0 1 0 28906 1 
0 -50.6189 -15.3772 110.247 0 1 0 28906 1 
0 -30.5349 -15.3772 114.432 0 1 0 28906 1 
0 -48.1651 -15.3772 119.864 0 1 0 28906 1 
0 -26.1239 -15.3772 110.615 0 1 0 28906 1 
0 -43.2107 -15.3772 113.211 0 1 0 28906 1 
0 -63.6331 -15.3772 116.886 0 1 0 28906 1 
0 -24.223 -15.3772 111.38 0 1 0 28906 1 
0 -79.408 -15.3772 114.299 0 1 0 28906 1 
0 -62.9435 -15.3772 111.001 0 1 0 28906 1 
0 -67.2829 -15.3772 116.828 0 1 0 28906 1 
0 -61.1271 -15.3772 114.001 0 1 0 28906 1 
0 -57.0466 -15.3772 117.648 0 1 0 28906 1 
0 -70.2329 -15.3772 115.202 0 1 0 28906 1 
0 -79.7665 -15.3772 119.529 0 1 0 28906 1 
0 -28.7962 -15.3772 111.467 0 1 0 28906 1 
0 -62.4625 -15.3772 110.997 0 1 0 28906 1 
0 -64.2244 -15.3772 112.215 0 1 0 28906 1 
0 -71.8172 -15.3772 119.43 0 1 0 28906 1 
0 -36.6044 -15.3772 114.845 0 1 0 28906 1 
0 -37.597 -15.3772 118.241 0 1 0 28906 1 
0 -76.3405 -35.8246 119.789 0 0 1 42734 1 
0 -63.4334 -44.2327 119.789 0 0 1 42734 1 
0 -48.3043 -41.8448 119.789 0 0 1 42734 1 
0 -39.1821 -28.0075 119.789 0 0 1 42734 1 
0 -69.0763 -43.5027 119.789 0 0 1 42734 1 
0 -34.2179 -32.8467 119.789 0 0 1 42734 1 
0 -80.2407 -32.5769 119.789 0 0 1 42734 1 
0 -61.1111 -27.6828 119.789 0 0 1 42734 1 
0 -43.5744 -35.5767 119.789 0 0 1 42734 1 
0 -70.5117 -38.3873 119.789 0 0 1 42734 1 
0 -41.8634 -31.3448 119.789 0 0 1 42734 1 
0 -64.3095 -27.4085 119.789 0 0 1 42734 1 
0 -76.4297 -27.7785 119.789 0 0 1 42734 1 
0 -80.0838 -32.5839 119.789 0 0 1 42734 1 
0 -34.9434 -33.1712 119.789 0 0 1 42734 1 
0 -63.9002 -30.5199 119.789 0 0 1 42734 1 
0 -77.7244 -34.1396 119.789 0 0 1 42734 1 
0 -58.6007 -35.8543 119.789 0 0 1 42734 1 
0 -49.8168 -28.6335 119.789 0 0 1 42734 1 
0 -64.5605 -36.9657 119.789 0 0 1 42734 1 
0 -79.5866 -38.4167 119.789 0 0 1 42734 1 
0 -38.9431 -44.7878 119.789 0 0 1 42734 1 
0 -60.4602 -27.3283 119.789 0 0 1 42734 1 
0 -56.5838 -34.6273 119.789 0 0 1 42734 1 
0 -77.2114 -44.8904 119.789 0 0 1 42734 1 
0 -53.5918 -45.8832 121.556 0 1 0 42724 1 
0 -51.2406 -45.8832 122.705 0 1 0 42724 1 
0 -60.1961 -45.8832 119.917 0 1 0 42724 1 
0 -53.3253 -45.8832 123.307 0 1 0 42724 1 
0 -78.6294 -45.8832 121.17 0 1 0 42724 1 
0 -79.0512 -45.8832 123.165 0 1 0 42724 1 
0 -62.7659 -45.8832 123.185 0 1 0 42724 1 
0 -68.6314 -45.8832 119.86 0 1 0 42724 1 
0 -43.2736 -45.8832 122.578 0 1 0 42724 1 
0 -80.0489 -45.8832 120.062 0 1 0 42724 1 
0 -51.5085 -45.8832 121.88 0 1 0 42724 1 
0 -34.3063 -45.8832 119.799 0 1 0 42724 1 
0 -81.2387 -45.8832 120.001 0 1 0 42724 1 
0 -34.0548 -45.8832 119.853 0 1 0 42724 1 
0 -69.1555 -45.8832 123.203 0 1 0 42724 1 
0 -54.2688 -45.8832 122.903 0 1 0 42724 1 
0 -69.3532 -45.8832 122.607 0 1 0 42724 1 
0 -40.3377 -45.8832 121.959 0 1 0 42724 1 
0 -75.7691 -45.8832 123.363 0 1 0 42724 1 
0 -59.691 -45.8832 120.946 0 1 0 42724 1 
0 -39.2462 -45.8832 122.3 0 1 0 42724 1 
0 -69.0866 -45.8832 121.492 0 1 0 42724 1 
0 -37.1226 -45.8832 122.91 0 1 0 42724 1 
0 -76.8377 -45.8832 123.29 0 1 0 42724 1 
0 -55.1849 -45.8832 121.02 0 1 0 42724 1 
0 -31.1751 -65.504 119.355 1 0 0 42855 1 
0 -31.1751 -29.3797 113.302 1 0 0 42855 1 
0 -31.1751 -78.9297 117.31 1 0 0 42855 1 
0 -31.1751 -68.0754 120.282 1 0 0 42855 1 
0 -31.1751 -46.2011 118.414 1 0 0 42855 1 
0 -31.1751 -35.6689 114.082 1 0 0 42855 1 
0 -31.1751 -68.2609 117.586 1 0 0 42855 1 
0 -31.1751 -71.3168 113.448 1 0 0 42855 1 
0 -31.1751 -72.4877 120.424 1 0 0 42855 1 
0 -31.1751 -37.5829 115.012 1 0 0 42855 1 
0 -31.1751 -52.1282 113.91 1 0 0 42855 1 
0 -31.1751 -62.1007 117.462 1 0 0 42855 1 
0 -31.1751 -31.5734 115.15 1 0 0 42855 1 
0 -31.1751 -62.5485 113.495 1 0 0 42855 1 
0 -31.1751 -77.7823 120.751 1 0 0 42855 1 
0 -31.1751 -44.0979 114.079 1 0 0 42855 1 
0 -31.1751 -74.7222 114.143 1 0 0 42855 1 
0 -31.1751 -66.3972 120.31 1 0 0 42855 1 
0 -31.1751 -35.4466 115.661 1 0 0 42855 1 
0 -31.1751 -63.2263 113.756 1 0 0 42855 1 
0 -31.1751 -78.0169 118.496 1 0 0 42855 1 
0 -31.1751 -60.8962 117.287 1 0 0 42855 1 
0 -31.1751 -75.1987 117.736 1 0 0 42855 1 
0 -31.1751 -24.9689 119.659 1 0 0 42855 1 
0 -31.1751 -18.1318 115.364 1 0 0 42855 1 
0 -23.1015 -54.5235 113.3 0 0 1 28896 1 
0 -29.0012 -61.2069 113.3 0 0 1 28896 1 
0 -17.5828 -60.6044 113.3 0 0 1 28896 1 
0 -27.4559 -75.4634 113.3 0 0 1 28896 1 
0 -18.7175 -77.0303 113.3 0 0 1 28896 1 
0 -18.8895 -29.6485 113.3 0 0 1 28896 1 
0 -25.0901 -22.4365 113.3 0 0 1 28896 1 
0 -19.3118 -68.1358 113.3 0 0 1 28896 1 
0 -21.4369 -48.9761 113.3 0 0 1 28896 1 
0 -14.782 -64.3617 113.3 0 0 1 28896 1 
0 -22.2443 -57.3293 113.3 0 0 1 28896 1 
0 -19.7015 -29.8468 113.3 0 0 1 28896 1 
0 -27.5346 -28.4136 113.3 0 0 1 28896 1 
0 -20.3433 -19.3124 113.3 0 0 1 28896 1 
0 -20.4087 -18.9842 113.3 0 0 1 28896 1 
0 -19.9723 -54.765 113.3 0 0 1 28896 1 
0 -28.0475 -40.7991 113.3 0 0 1 28896 1 
0 -24.621 -77.4212 113.3 0 0 1 28896 1 
0 -18.8149 -20.9309 113.3 0 0 1 28896 1 
0 -22.0185 -37.2625 113.3 0 0 1 28896 1 
0 -24.3971 -16.5655 113.3 0 0 1 28896 1 
0 -26.381 -70.0129 113.3 0 0 1 28896 1 
0 -25.2604 -58.5359 113.3 0 0 1 28896 1 
0 -24.7946 -15.7274 113.3 0 0 1 28896 1 
0 -24.1057 -53.8229 113.3 0 0 1 28896 1 
0 -47.1934 -27.3271 120.166 0 -1 0 42744 1 
0 -74.0163 -27.3271 122.457 0 -1 0 42744 1 
0 -57.8942 -27.3271 120.535 0 -1 0 42744 1 
0 -50.0229 -27.3271 122.597 0 -1 0 42744 1 
0 -55.3965 -27.3271 122.631 0 -1 0 42744 1 
0 -61.7161 -27.3271 119.936 0 -1 0 42744 1 
0 -51.9841 -27.3271 121.619 0 -1 0 42744 1 
0 -35.246 -27.3271 122.745 0 -1 0 42744 1 
0 -43.9971 -27.3271 122.553 0 -1 0 42744 1 
0 -71.7553 -27.3271 119.915 0 -1 0 42744 1 
0 -63.3204 -27.3271 120.357 0 -1 0 42744 1 
0 -79.0225 -27.3271 121.883 0 -1 0 42744 1 
0 -58.6566 -27.3271 119.98 0 -1 0 42744 1 
0 -69.487 -27.3271 123.346 0 -1 0 42744 1 
0 -81.0844 -27.3271 122.951 0 -1 0 42744 1 
0 -40.3361 -27.3271 121.422 0 -1 0 42744 1 
0 -82.0201 -27.3271 123.238 0 -1 0 42744 1 
0 -55.3553 -27.3271 121.25 0 -1 0 42744 1 
0 -75.5992 -27.3271 123.17 0 -1 0 42744 1 
0 -36.0382 -27.3271 121.093 0 -1 0 42744 1 
0 -34.9945 -27.3271 121.341 0 -1 0 42744 1 
0 -47.9949 -27.3271 119.957 0 -1 0 42744 1 
0 -52.8476 -27.3271 120.202 0 -1 0 42744 1 
0 -49.9748 -27.3271 120.433 0 -1 0 42744 1 
0 -56.1848 -27.3271 120.216 0 -1 0 42744 1 
0 -52.0632 -26.1674 123.38 0 0 1 42863 1 
0 -53.7134 -27.008 123.38 0 0 1 42863 1 
0 -54.1545 -26.2802 123.38 0 0 1 42863 1 
0 -32.9435 -26.0995 123.38 0 0 1 42863 1 
0 -56.6961 -23.5492 123.38 0 0 1 42863 1 
0 -37.919 -21.8571 123.38 0 0 1 42863 1 
0 -37.0099 -21.8014 123.38 0 0 1 42863 1 
0 -72.6268 -24.4408 123.38 0 0 1 42863 1 
0 -69.9025 -27.0618 123.38 0 0 1 42863 1 
0 -47.13 -26.7391 123.38 0 0 1 42863 1 
0 -48.0816 -19.1693 123.38 0 0 1 42863 1 
0 -58.9118 -20.5044 123.38 0 0 1 42863 1 
0 -80.2904 -24.0656 123.38 0 0 1 42863 1 
0 -37.4547 -20.6341 123.38 0 0 1 42863 1 
0 -60.9535 -23.5467 123.38 0 0 1 42863 1 
0 -78.2989 -20.5507 123.38 0 0 1 42863 1 
0 -76.4964 -23.2534 123.38 0 0 1 42863 1 
0 -72.2421 -21.5723 123.38 0 0 1 42863 1 
0 -42.6436 -24.7299 123.38 0 0 1 42863 1 
0 -54.5151 -21.1417 123.38 0 0 1 42863 1 
0 -75.8674 -23.1191 123.38 0 0 1 42863 1 
0 -42.488 -18.6433 123.38 0 0 1 42863 1 
0 -47.8747 -26.0617 123.38 0 0 1 42863 1 
0 -41.361 -23.9746 123.38 0 0 1 42863 1 
0 -67.4374 -23.9035 123.38 0 0 1 42863 1 
0 -72.2051 2.38515 109.673 0 0 1 28890 1 
0 -68.8559 1.63573 109.673 0 0 1 28890 1 
0 -28.7893 8.06271 109.673 0 0 1 28890 1 
0 -32.0006 0.754577 109.673 0 0 1 28890 1 
0 -81.9875 -11.6024 109.673 0 0 1 28890 1 
0 -42.661 7.66202 109.673 0 0 1 28890 1 
0 -36.2211 -11.38 109.673 0 0 1 28890 1 
0 -78.667 15.0216 109.673 0 0 1 28890 1 
0 -62.9497 5.30678 109.673 0 0 1 28890 1 
0 -69.3122 -10.9453 109.673 0 0 1 28890 1 
0 -40.9239 -5.97522 109.673 0 0 1 28890 1 
0 -61.9421 -4.54329 109.673 0 0 1 28890 1 
0 -47.6478 -1.94854 109.673 0 0 1 28890 1 
0 -68.0923 9.37775 109.673 0 0 1 28890 1 
0 -32.9062 2.64317 109.673 0 0 1 28890 1 
0 -35.0647 -12.0538 109.673 0 0 1 28890 1 
0 -35.2804 2.54163 109.673 0 0 1 28890 1 
0 -14.669 -2.12815 109.673 0 0 1 28890 1 
0 -15.7679 -14.4021 109.673 0 0 1 28890 1 
0 -34.0945 1.88787 109.673 0 0 1 28890 1 
0 -24.1029 -10.9429 109.673 0 0 1 28890 1 
0 -62.1489 0.427353 109.673 0 0 1 28890 1 
0 -16.2424 -7.33531 109.673 0 0 1 28890 1 
0 -77.2297 11.5389 109.673 0 0 1 28890 1 
0 -81.0894 4.73237 109.673 0 0 1 28890 1 
0 -55.0908 -55.09 123.38 0 0 1 42859 1 
0 -46.2214 -56.7044 123.38 0 0 1 42859 1 
0 -80.8538 -54.7921 123.38 0 0 1 42859 1 
0 -78.6459 -63.6006 123.38 0 0 1 42859 1 
0 -31.568 -78.8876 123.38 0 0 1 42859 1 
0 -79.9004 -76.4576 123.38 0 0 1 42859 1 
0 -35.0559 -53.7427 123.38 0 0 1 42859 1 
0 -51.9206 -49.3893 123.38 0 0 1 42859 1 
0 -50.2064 -59.9026 123.38 0 0 1 42859 1 
0 -79.6276 -75.229 123.38 0 0 1 42859 1 
0 -40.8575 -54.319 123.38 0 0 1 42859 1 
0 -37.3612 -74.9489 123.38 0 0 1 42859 1 
0 -34.7223 -70.9242 123.38 0 0 1 42859 1 
0 -35.9144 -78.2038 123.38 0 0 1 42859 1 
0 -31.7705 -58.6713 123.38 0 0 1 42859 1 
0 -39.9779 -69.9766 123.38 0 0 1 42859 1 
0 -69.4157 -52.8962 123.38 0 0 1 42859 1 
0 -33.0035 -55.6655 123.38 0 0 1 42859 1 
0 -51.5435 -56.4207 123.38 0 0 1 42859 1 
0 -76.4586 -64.6741 123.38 0 0 1 42859 1 
0 -62.524 -63.6742 123.38 0 0 1 42859 1 
0 -66.8572 -47.4885 123.38 0 0 1 42859 1 
0 -71.1832 -60.3168 123.38 0 0 1 42859 1 
0 -31.2553 -69.793 123.38 0 0 1 42859 1 
0 -80.0615 -67.7201 123.38 0 0 1 42859 1 
0 -77.3479 49.5206 123.38 0 0 1 6622 1 
0 -47.7487 56.2223 123.38 0 0 1 6622 1 
0 -34.9091 31.4969 123.38 0 0 1 6622 1 
0 -81.0778 27.3091 123.38 0 0 1 6622 1 
0 -55.104 34.0768 123.38 0 0 1 6622 1 
0 -48.4347 36.1205 123.38 0 0 1 6622 1 
0 -67.2564 57.4147 123.38 0 0 1 6622 1 
0 -32.6276 43.1044 123.38 0 0 1 6622 1 
0 -31.7165 22.5063 123.38 0 0 1 6622 1 
0 -63.0069 24.4973 123.38 0 0 1 6622 1 
0 -64.0969 38.6429 123.38 0 0 1 6622 1 
0 -50.1618 75.5865 123.38 0 0 1 6622 1 
0 -59.321 54.9222 123.38 0 0 1 6622 1 
0 -36.2242 41.3478 123.38 0 0 1 6622 1 
0 -33.6686 75.9787 123.38 0 0 1 6622 1 
0 -82.1878 62.8407 123.38 0 0 1 6622 1 
0 -78.2505 28.7554 123.38 0 0 1 6622 1 
0 -70.559 44.7371 123.38 0 0 1 6622 1 
0 -79.6946 38.7324 123.38 0 0 1 6622 1 
0 -80.1275 47.3889 123.38 0 0 1 6622 1 
0 -49.6738 62.2106 123.38 0 0 1 6622 1 
0 -43.6934 69.2036 123.38 0 0 1 6622 1 
0 -63.4928 70.5636 123.38 0 0 1 6622 1 
0 -77.688 76.2696 123.38 0 0 1 6622 1 
0 -59.6349 61.3134 123.38 0 0 1 6622 1 
0 -27.6899 46.2489 113.3 0 0 1 28920 1 
0 -17.3587 66.5381 113.3 0 0 1 28920 1 
0 -18.8505 76.8074 113.3 0 0 1 28920 1 
0 -21.3821 58.526 113.3 0 0 1 28920 1 
0 -25.2014 17.3568 113.3 0 0 1 28920 1 
0 -30.5127 60.0118 113.3 0 0 1 28920 1 
0 -28.849 48.58 113.3 0 0 1 28920 1 
0 -14.7276 34.4262 113.3 0 0 1 28920 1 
0 -16.6385 18.1865 113.3 0 0 1 28920 1 
0 -20.7069 42.0097 113.3 0 0 1 28920 1 
0 -21.1903 30.3343 113.3 0 0 1 28920 1 
0 -15.1326 38.5596 113.3 0 0 1 28920 1 
0 -28.3072 28.6588 113.3 0 0 1 28920 1 
0 -29.151 45.148 113.3 0 0 1 28920 1 
0 -30.5115 45.4392 113.3 0 0 1 28920 1 
0 -23.4548 59.7169 113.3 0 0 1 28920 1 
0 -22.9152 36.1849 113.3 0 0 1 28920 1 
0 -25.6604 39.765 113.3 0 0 1 28920 1 
0 -21.6715 32.0756 113.3 0 0 1 28920 1 
0 -27.6484 24.0431 113.3 0 0 1 28920 1 
0 -17.6436 33.9539 113.3 0 0 1 28920 1 
0 -16.6987 52.5158 113.3 0 0 1 28920 1 
0 -23.6511 49.7533 113.3 0 0 1 28920 1 
0 -25.2346 56.2069 113.3 0 0 1 28920 1 
0 -26.016 23.3311 113.3 0 0 1 28920 1 
0 -13.3447 -70.2438 108.741 1 0 0 28760 1 
0 -13.3447 62.164 110.058 1 0 0 28760 1 
0 -13.3447 59.2737 109.549 1 0 0 28760 1 
0 -13.3447 59.9023 110.001 1 0 0 28760 1 
0 -13.3447 -24.9774 110.509 1 0 0 28760 1 
0 -13.3447 33.1945 108.988 1 0 0 28760 1 
0 -13.3447 -15.6567 110.495 1 0 0 28760 1 
0 -13.3447 69.9978 108.764 1 0 0 28760 1 
0 -13.3447 52.7915 108.902 1 0 0 28760 1 
0 -13.3447 -76.2891 109.688 1 0 0 28760 1 
0 -13.3447 -19.7431 110.841 1 0 0 28760 1 
0 -13.3447 -67.9096 109.704 1 0 0 28760 1 
0 -13.3447 -25.4216 109.693 1 0 0 28760 1 
0 -13.3447 50.471 109.763 1 0 0 28760 1 
0 -13.3447 -73.3241 109.3 1 0 0 28760 1 
0 -13.3447 -75.706 110.454 1 0 0 28760 1 
0 -13.3447 -58.1917 109.049 1 0 0 28760 1 
0 -13.3447 14.3493 110.3 1 0 0 28760 1 
0 -13.3447 -23.0951 110.341 1 0 0 28760 1 
0 -13.3447 70.2785 108.57 1 0 0 28760 1 
0 -13.3447 31.7727 110.547 1 0 0 28760 1 
0 -13.3447 -35.6865 109.788 1 0 0 28760 1 
0 -13.3447 69.6594 108.723 1 0 0 28760 1 
0 -13.3447 -65.7601 109.506 1 0 0 28760 1 
0 -13.3447 29.0708 109.891 1 0 0 28760 1 
0 25.2603 68.3893 110.341 0 0 1 61548 1 
0 22.7872 77.0207 110.341 0 0 1 61548 1 
0 19.1858 62.3028 110.341 0 0 1 61548 1 
0 23.8659 20.7675 110.341 0 0 1 61548 1 
0 21.2265 48.6691 110.341 0 0 1 61548 1 
0 24.5348 39.6535 110.341 0 0 1 61548 1 
0 18.777 49.6058 110.341 0 0 1 61548 1 
0 22.436 39.3389 110.341 0 0 1 61548 1 
0 21.2347 57.9795 110.341 0 0 1 61548 1 
0 22.0825 18.4173 110.341 0 0 1 61548 1 
0 18.3922 74.6395 110.341 0 0 1 61548 1 
0 21.6237 19.7711 110.341 0 0 1 61548 1 
0 22.4099 17.8697 110.341 0 0 1 61548 1 
0 23.64 51.6761 110.341 0 0 1 61548 1 
0 18.7152 24.8346 110.341 0 0 1 61548 1 
0 21.899 35.3785 110.341 0 0 1 61548 1 
0 23.2588 68.8104 110.341 0 0 1 61548 1 
0 20.2946 42.1386 110.341 0 0 1 61548 1 
0 21.1149 46.4392 110.341 0 0 1 61548 1 
0 25.6026 43.6616 110.341 0 0 1 61548 1 
0 24.1951 38.5711 110.341 0 0 1 61548 1 
0 22.7242 38.7557 110.341 0 0 1 61548 1 
0 26.028 49.9869 110.341 0 0 1 61548 1 
0 20.3773 64.8171 110.341 0 0 1 61548 1 
0 19.3657 36.5127 110.341 0 0 1 61548 1 
0 59.783 -31.6719 119.789 0 0 1 42730 1 
0 78.5649 -39.2052 119.789 0 0 1 42730 1 
0 64.1486 -29.5906 119.789 0 0 1 42730 1 
0 82.0241 -43.7584 119.789 0 0 1 42730 1 
0 48.2182 -38.0305 119.789 0 0 1 42730 1 
0 38.2144 -32.0179 119.789 0 0 1 42730 1 
0 33.4322 -34.9251 119.789 0 0 1 42730 1 
0 34.3247 -32.1782 119.789 0 0 1 42730 1 
0 32.6638 -41.5926 119.789 0 0 1 42730 1 
0 31.5158 -30.9678 119.789 0 0 1 42730 1 
0 66.0307 -45.0601 119.789 0 0 1 42730 1 
0 33.2813 -41.5689 119.789 0 0 1 42730 1 
0 45.0851 -40.7109 119.789 0 0 1 42730 1 
0 79.97 -36.2599 119.789 0 0 1 42730 1 
0 59.5531 -41.4707 119.789 0 0 1 42730 1 
0 40.3811 -41.1929 119.789 0 0 1 42730 1 
0 33.7066 -41.6485 119.789 0 0 1 42730 1 
0 72.3135 -41.954 119.789 0 0 1 42730 1 
0 67.0953 -39.1005 119.789 0 0 1 42730 1 
0 63.8634 -42.5142 119.789 0 0 1 42730 1 
0 48.045 -32.6661 119.789 0 0 1 42730 1 
0 74.7972 -39.0732 119.789 0 0 1 42730 1 
0 35.3607 -35.684 119.789 0 0 1 42730 1 
0 81.7933 -30.8319 119.789 0 0 1 42730 1 
0 76.1311 -45.3469 119.789 0 0 1 42730 1 
0 78.0603 -45.8832 121.614 0 1 0 42720 1 
0 46.0511 -45.8832 122.566 0 1 0 42720 1 
0 81.4592 -45.8832 122.988 0 1 0 42720 1 
0 81.5456 -45.8832 121.952 0 1 0 42720 1 
0 71.2934 -45.8832 122.203 0 1 0 42720 1 
0 46.6528 -45.8832 120.506 0 1 0 42720 1 
0 77.1453 -45.8832 122.495 0 1 0 42720 1 
0 77.0451 -45.8832 121.858 0 1 0 42720 1 
0 58.9815 -45.8832 121.999 0 1 0 42720 1 
0 52.2332 -45.8832 119.846 0 1 0 42720 1 
0 64.2907 -45.8832 120.187 0 1 0 42720 1 
0 70.2088 -45.8832 121.058 0 1 0 42720 1 
0 35.2717 -45.8832 121.895 0 1 0 42720 1 
0 82.2668 -45.8832 123.051 0 1 0 42720 1 
0 50.0012 -45.8832 120.53 0 1 0 42720 1 
0 78.0436 -45.8832 121.47 0 1 0 42720 1 
0 55.7507 -45.8832 123.08 0 1 0 42720 1 
0 42.4695 -45.8832 119.862 0 1 0 42720 1 
0 71.2741 -45.8832 120.606 0 1 0 42720 1 
0 49.8872 -45.8832 121.554 0 1 0 42720 1 
0 67.2608 -45.8832 122.665 0 1 0 42720 1 
0 78.1919 -45.8832 122.651 0 1 0 42720 1 
0 76.1181 -45.8832 121.695 0 1 0 42720 1 
0 80.1752 -45.8832 120.462 0 1 0 42720 1 
0 54.6277 -45.8832 120.255 0 1 0 42720 1 
0 37.836 -61.7672 123.38 0 0 1 42865 1 
0 74.4972 -47.4941 123.38 0 0 1 42865 1 
0 32.7849 -74.6409 123.38 0 0 1 42865 1 
0 39.2023 -74.0329 123.38 0 0 1 42865 1 
0 60.8376 -73.0953 123.38 0 0 1 42865 1 
0 62.9768 -75.8198 123.38 0 0 1 42865 1 
0 54.9313 -77.5855 123.38 0 0 1 42865 1 
0 79.4137 -68.5251 123.38 0 0 1 42865 1 
0 52.0878 -56.8399 123.38 0 0 1 42865 1 
0 57.8821 -66.5433 123.38 0 0 1 42865 1 
0 69.908 -56.8395 123.38 0 0 1 42865 1 
0 71.4551 -54.8304 123.38 0 0 1 42865 1 
0 78.0162 -51.869 123.38 0 0 1 42865 1 
0 69.6888 -69.8407 123.38 0 0 1 42865 1 
0 55.1937 -57.2816 123.38 0 0 1 42865 1 
0 71.1538 -63.5359 123.38 0 0 1 42865 1 
0 45.2848 -76.0258 123.38 0 0 1 42865 1 
0 75.5762 -51.9465 123.38 0 0 1 42865 1 
0 79.5015 -78.9281 123.38 0 0 1 42865 1 
0 38.3749 -46.4513 123.38 0 0 1 42865 1 
0 72.2111 -72.1919 123.38 0 0 1 42865 1 
0 71.6143 -48.5513 123.38 0 0 1 42865 1 
0 79.7434 -70.626 123.38 0 0 1 42865 1 
0 46.3316 -54.5098 123.38 0 0 1 42865 1 
0 46.0282 -48.0705 123.38 0 0 1 42865 1 
0 53.9411 69.3757 123.38 0 0 1 6638 1 
0 45.263 54.3285 123.38 0 0 1 6638 1 
0 37.3817 52.0845 123.38 0 0 1 6638 1 
0 33.971 23.9826 123.38 0 0 1 6638 1 
0 80.7718 76.6165 123.38 0 0 1 6638 1 
0 37.449 55.8567 123.38 0 0 1 6638 1 
0 50.4504 69.3404 123.38 0 0 1 6638 1 
0 67.9829 44.5587 123.38 0 0 1 6638 1 
0 67.699 37.9904 123.38 0 0 1 6638 1 
0 31.509 78.4481 123.38 0 0 1 6638 1 
0 79.7427 67.9392 123.38 0 0 1 6638 1 
0 61.307 58.0772 123.38 0 0 1 6638 1 
0 68.9425 48.8592 123.38 0 0 1 6638 1 
0 61.9157 27.8945 123.38 0 0 1 6638 1 
0 31.8962 41.2273 123.38 0 0 1 6638 1 
0 76.9369 45.0936 123.38 0 0 1 6638 1 
0 66.4465 39.7781 123.38 0 0 1 6638 1 
0 44.4429 23.5796 123.38 0 0 1 6638 1 
0 65.1318 44.5126 123.38 0 0 1 6638 1 
0 78.7854 52.4497 123.38 0 0 1 6638 1 
0 60.3096 72.0425 123.38 0 0 1 6638 1 
0 49.4659 50.1254 123.38 0 0 1 6638 1 
0 64.2217 62.6106 123.38 0 0 1 6638 1 
0 42.9556 71.8368 123.38 0 0 1 6638 1 
0 55.4978 73.349 123.38 0 0 1 6638 1 
0 26.8512 -53.5076 113.061 -1 0 0 61554 1 
0 26.8512 -64.6282 110.782 -1 0 0 61554 1 
0 26.8512 -17.8926 111.416 -1 0 0 61554 1 
0 26.8512 -50.3766 112.26 -1 0 0 61554 1 
0 26.8512 -21.9798 110.617 -1 0 0 61554 1 
0 26.8512 -51.6268 112.709 -1 0 0 61554 1 
0 26.8512 -79.0284 113.247 -1 0 0 61554 1 
0 26.8512 -15.649 110.804 -1 0 0 61554 1 
0 26.8512 -19.7578 112.515 -1 0 0 61554 1 
0 26.8512 -54.7025 110.779 -1 0 0 61554 1 
0 26.8512 -59.0753 112.395 -1 0 0 61554 1 
0 26.8512 -29.6214 113.191 -1 0 0 61554 1 
0 26.8512 -64.4623 111.092 -1 0 0 61554 1 
0 26.8512 -31.1869 110.44 -1 0 0 61554 1 
0 26.8512 -55.8196 112.956 -1 0 0 61554 1 
0 26.8512 -76.6792 112.886 -1 0 0 61554 1 
0 26.8512 -23.7945 110.825 -1 0 0 61554 1 
0 26.8512 -44.2826 111.029 -1 0 0 61554 1 
0 26.8512 -49.9027 111.594 -1 0 0 61554 1 
0 26.8512 -35.6801 110.711 -1 0 0 61554 1 
0 26.8512 -31.6884 110.364 -1 0 0 61554 1 
0 26.8512 -75.6847 111.847 -1 0 0 61554 1 
0 26.8512 -57.3665 112.36 -1 0 0 61554 1 
0 26.8512 -51.7705 112.157 -1 0 0 61554 1 
0 26.8512 -37.4125 112.646 -1 0 0 61554 1 
0 13.3447 29.5105 108.643 -1 0 0 28774 1 
0 13.3447 23.9275 109.638 -1 0 0 28774 1 
0 13.3447 44.2547 110.208 -1 0 0 28774 1 
0 13.3447 -47.9345 110.7 -1 0 0 28774 1 
0 13.3447 -22.237 108.847 -1 0 0 28774 1 
0 13.3447 16.546 109.551 -1 0 0 28774 1 
0 13.3447 -78.7067 109.419 -1 0 0 28774 1 
0 13.3447 -18.4164 110.379 -1 0 0 28774 1 
0 13.3447 -36.6861 109.748 -1 0 0 28774 1 
0 13.3447 -17.5738 110.369 -1 0 0 28774 1 
0 13.3447 -31.6071 109.645 -1 0 0 28774 1 
0 13.3447 40.0363 110.326 -1 0 0 28774 1 
0 13.3447 55.6552 110.26 -1 0 0 28774 1 
0 13.3447 50.109 110.727 -1 0 0 28774 1 
0 13.3447 -74.3201 109.715 -1 0 0 28774 1 
0 13.3447 54.2934 110.172 -1 0 0 28774 1 
0 13.3447 68.6772 109.126 -1 0 0 28774 1 
0 13.3447 -64.9016 110.463 -1 0 0 28774 1 
0 13.3447 -31.8036 110.839 -1 0 0 28774 1 
0 13.3447 70.307 110.476 -1 0 0 28774 1 
0 13.3447 -31.0059 108.535 -1 0 0 28774 1 
0 13.3447 -19.9422 110.678 -1 0 0 28774 1 
0 13.3447 40.2397 109.049 -1 0 0 28774 1 
0 13.3447 38.9738 110.538 -1 0 0 28774 1 
0 13.3447 16.8952 110.655 -1 0 0 28774 1 
0 62.2261 -23.2757 123.38 0 0 1 42869 1 
0 39.6064 -15.5548 123.38 0 0 1 42869 1 
0 54.5361 -18.3693 123.38 0 0 1 42869 1 
0 58.792 -24.4315 123.38 0 0 1 42869 1 
0 58.5063 -22.8715 123.38 0 0 1 42869 1 
0 42.8384 -27.0817 123.38 0 0 1 42869 1 
0 66.0558 -20.2146 123.38 0 0 1 42869 1 
0 76.3959 -21.9517 123.38 0 0 1 42869 1 
0 75.4183 -20.3662 123.38 0 0 1 42869 1 
0 59.6412 -21.4293 123.38 0 0 1 42869 1 
0 75.5655 -23.5233 123.38 0 0 1 42869 1 
0 65.2298 -15.7418 123.38 0 0 1 42869 1 
0 71.5941 -21.9735 123.38 0 0 1 42869 1 
0 63.6872 -21.1201 123.38 0 0 1 42869 1 
0 67.9294 -26.0923 123.38 0 0 1 42869 1 
0 60.8003 -21.0965 123.38 0 0 1 42869 1 
0 37.6154 -21.198 123.38 0 0 1 42869 1 
0 56.474 -20.8353 123.38 0 0 1 42869 1 
0 42.5973 -20.2373 123.38 0 0 1 42869 1 
0 54.4288 -24.3808 123.38 0 0 1 42869 1 
0 44.0414 -21.285 123.38 0 0 1 42869 1 
0 42.3264 -17.1437 123.38 0 0 1 42869 1 
0 62.6723 -24.8513 123.38 0 0 1 42869 1 
0 47.6197 -23.7633 123.38 0 0 1 42869 1 
0 62.5944 -18.546 123.38 0 0 1 42869 1 
0 31.1751 -57.1862 118.976 -1 0 0 42871 1 
0 31.1751 -20.076 119.85 -1 0 0 42871 1 
0 31.1751 -71.4237 119.078 -1 0 0 42871 1 
0 31.1751 -40.2329 117.689 -1 0 0 42871 1 
0 31.1751 -57.8599 114.109 -1 0 0 42871 1 
0 31.1751 -24.0188 117.838 -1 0 0 42871 1 
0 31.1751 -75.3285 117.23 -1 0 0 42871 1 
0 31.1751 -74.8303 114.607 -1 0 0 42871 1 
0 31.1751 -22.3115 117.409 -1 0 0 42871 1 
0 31.1751 -25.4313 115.167 -1 0 0 42871 1 
0 31.1751 -36.0917 117.425 -1 0 0 42871 1 
0 31.1751 -50.4313 116.991 -1 0 0 42871 1 
0 31.1751 -76.4945 119.913 -1 0 0 42871 1 
0 31.1751 -32.147 115.844 -1 0 0 42871 1 
0 31.1751 -79.1224 115.977 -1 0 0 42871 1 
0 31.1751 -28.6006 114.604 -1 0 0 42871 1 
0 31.1751 -34.1344 114.603 -1 0 0 42871 1 
0 31.1751 -26.9194 119.587 -1 0 0 42871 1 
0 31.1751 -19.925 114.408 -1 0 0 42871 1 
0 31.1751 -54.5464 118.267 -1 0 0 42871 1 
0 31.1751 -64.0098 117.81 -1 0 0 42871 1 
0 31.1751 -23.6265 119.277 -1 0 0 42871 1 
0 31.1751 -69.7421 120.187 -1 0 0 42871 1 
0 31.1751 -61.607 117.138 -1 0 0 42871 1 
0 31.1751 -55.55 113.848 -1 0 0 42871 1 
0 29.7936 -67.6614 113.3 0 0 1 61675 1 
0 27.5698 -18.7045 113.3 0 0 1 61675 1 
0 30.9191 -48.436 113.3 0 0 1 61675 1 
0 29.198 -69.0358 113.3 0 0 1 61675 1 
0 27.072 -72.8201 113.3 0 0 1 61675 1 
0 27.4215 -34.7048 113.3 0 0 1 61675 1 
0 29.3492 -34.5826 113.3 0 0 1 61675 1 
0 30.6734 -43.3435 113.3 0 0 1 61675 1 
0 30.512 -58.0202 113.3 0 0 1 61675 1 
0 27.0894 -23.9059 113.3 0 0 1 61675 1 
0 27.3957 -45.1237 113.3 0 0 1 61675 1 
0 28.8109 -50.7468 113.3 0 0 1 61675 1 
0 28.5021 -21.2571 113.3 0 0 1 61675 1 
0 30.8283 -38.3821 113.3 0 0 1 61675 1 
0 29.0118 -58.5616 113.3 0 0 1 61675 1 
0 30.3143 -48.5462 113.3 0 0 1 61675 1 
0 29.2229 -61.8957 113.3 0 0 1 61675 1 
0 28.8774 -73.38 113.3 0 0 1 61675 1 
0 28.8597 -63.2905 113.3 0 0 1 61675 1 
0 29.811 -25.1727 113.3 0 0 1 61675 1 
0 30.4266 -22.08 113.3 0 0 1 61675 1 
0 27.0858 -73.4933 113.3 0 0 1 61675 1 
0 30.7806 -27.5372 113.3 0 0 1 61675 1 
0 28.8565 -58.7091 113.3 0 0 1 61675 1 
0 29.9913 -19.3453 113.3 0 0 1 61675 1 
0 24.626 -37.1155 110.341 0 0 1 61544 1 
0 23.3712 -48.3406 110.341 0 0 1 61544 1 
0 21.2291 -41.2396 110.341 0 0 1 61544 1 
0 22.5208 -61.4746 110.341 0 0 1 61544 1 
0 19.4674 -37.4828 110.341 0 0 1 61544 1 
0 22.5631 -45.4495 110.341 0 0 1 61544 1 
0 23.1567 -19.7939 110.341 0 0 1 61544 1 
0 19.1046 -42.3918 110.341 0 0 1 61544 1 
0 22.0018 -69.9826 110.341 0 0 1 61544 1 
0 18.7275 -63.1745 110.341 0 0 1 61544 1 
0 18.0574 -70.0456 110.341 0 0 1 61544 1 
0 22.3633 -59.5877 110.341 0 0 1 61544 1 
0 23.2135 -32.2364 110.341 0 0 1 61544 1 
0 20.1793 -63.8408 110.341 0 0 1 61544 1 
0 20.9363 -24.4366 110.341 0 0 1 61544 1 
0 20.326 -57.678 110.341 0 0 1 61544 1 
0 19.3834 -29.9743 110.341 0 0 1 61544 1 
0 21.6293 -76.9302 110.341 0 0 1 61544 1 
0 26.7024 -73.7478 110.341 0 0 1 61544 1 
0 19.2126 -39.0585 110.341 0 0 1 61544 1 
0 19.0741 -24.8199 110.341 0 0 1 61544 1 
0 25.4433 -48.7055 110.341 0 0 1 61544 1 
0 23.3415 -30.3259 110.341 0 0 1 61544 1 
0 23.6809 -53.9295 110.341 0 0 1 61544 1 
0 18.0597 -44.5955 110.341 0 0 1 61544 1 
0 -33.4189 -79.1622 35.6452 0 -1 0 61689 1 
0 -4.57458 -79.1622 27.1875 0 -1 0 61689 1 
0 14.5769 -79.1622 80.5967 0 -1 0 61689 1 
0 1.39948 -79.1622 22.1274 0 -1 0 61689 1 
0 63.0135 -79.1622 86.1547 0 -1 0 61689 1 
0 -18.6369 -79.1622 74.5363 0 -1 0 61689 1 
0 8.59913 -79.1622 35.1123 0 -1 0 61689 1 
0 18.8691 -79.1622 88.857 0 -1 0 61689 1 
0 -31.5124 -79.1622 23.4705 0 -1 0 61689 1 
0 40.6332 -79.1622 46.2582 0 -1 0 61689 1 
0 39.4175 -79.1622 23.6401 0 -1 0 61689 1 
0 23.2761 -79.1622 108.375 0 -1 0 61689 1 
0 12.8549 -79.1622 90.5973 0 -1 0 61689 1 
0 15.8025 -79.1622 72.5579 0 -1 0 61689 1 
0 -52.5901 -79.1622 89.2694 0 -1 0 61689 1 
0 -43.1148 -79.1622 44.9994 0 -1 0 61689 1 
0 61.9978 -79.1622 35.0706 0 -1 0 61689 1 
0 -60.9313 -79.1622 33.8905 0 -1 0 61689 1 
0 40.8777 -79.1622 52.0471 0 -1 0 61689 1 
0 3.8492 -79.1622 6.87968 0 -1 0 61689 1 
0 -31.773 -79.1622 56.6929 0 -1 0 61689 1 
0 16.697 -79.1622 94.3644 0 -1 0 61689 1 
0 -32.6849 -79.1622 94.1196 0 -1 0 61689 1 
0 50.4876 -79.1622 89.3295 0 -1 0 61689 1 
0 42.2697 -79.1622 38.0397 0 -1 0 61689 1 
