0 9.71193 -12.8535 11.2158 0 1 0 6362 1 
0 -13.1989 -12.8535 15.3517 0 1 0 6362 1 
0 -37.5065 -12.8535 8.56808 0 1 0 6362 1 
0 -25.4825 -12.8535 12.8102 0 1 0 6362 1 
0 15.8027 -12.8535 16.205 0 1 0 6362 1 
0 39.6722 -12.8535 15.1537 0 1 0 6362 1 
0 -20.5418 -12.8535 16.1778 0 1 0 6362 1 
0 31.7469 -12.8535 12.6213 0 1 0 6362 1 
0 -24.6805 -12.8535 13.8931 0 1 0 6362 1 
0 -16.9362 -12.8535 17.5049 0 1 0 6362 1 
0 27.9934 -12.8535 17.7415 0 1 0 6362 1 
0 -38.9295 -12.8535 13.5681 0 1 0 6362 1 
0 9.70335 -12.8535 15.7414 0 1 0 6362 1 
0 -20.5517 -12.8535 14.663 0 1 0 6362 1 
0 -8.75852 -12.8535 15.8652 0 1 0 6362 1 
0 5.79479 -12.8535 19.3407 0 1 0 6362 1 
0 4.12218 -12.8535 18.7599 0 1 0 6362 1 
0 -21.8609 -12.8535 19.4396 0 1 0 6362 1 
0 4.19787 -12.8535 17.2558 0 1 0 6362 1 
0 43.7737 -12.8535 9.64645 0 1 0 6362 1 
0 -3.12087 -12.8535 13.6803 0 1 0 6362 1 
0 7.3691 -12.8535 10.4505 0 1 0 6362 1 
0 -25.6921 -12.8535 11.2893 0 1 0 6362 1 
0 20.0608 -12.8535 13.6715 0 1 0 6362 1 
0 3.92094 -12.8535 10.6577 0 1 0 6362 1 
0 16.8221 -12.8535 17.7923 0 1 0 6362 1 
0 -32.7106 -12.8535 16.4038 0 1 0 6362 1 
0 15.8253 -12.8535 19.2661 0 1 0 6362 1 
0 -8.84681 -12.8535 10.3458 0 1 0 6362 1 
0 -22.8026 -12.8535 16.3552 0 1 0 6362 1 
0 -9.70541 -12.8535 18.2167 0 1 0 6362 1 
0 10.7056 -12.8535 9.3878 0 1 0 6362 1 
0 7.39636 -12.8535 7.923 0 1 0 6362 1 
0 39.7353 -12.8535 16.43 0 1 0 6362 1 
0 24.8858 -12.8535 11.0547 0 1 0 6362 1 
0 -43.8579 -12.8535 12.5485 0 1 0 6362 1 
0 -21.7892 -12.8535 7.26542 0 1 0 6362 1 
0 28.0535 -12.8535 18.2555 0 1 0 6362 1 
0 28.197 -12.8535 18.9173 0 1 0 6362 1 
0 30.2221 -12.8535 11.6638 0 1 0 6362 1 
0 27.7057 -12.8535 19.5718 0 1 0 6362 1 
0 -23.4433 -12.8535 9.06828 0 1 0 6362 1 
0 -1.14407 -12.8535 15.5167 0 1 0 6362 1 
0 35.3726 -12.8535 17.0886 0 1 0 6362 1 
0 10.8542 -12.8535 6.77925 0 1 0 6362 1 
0 -28.3344 -12.8535 7.63106 0 1 0 6362 1 
0 1.56327 -12.8535 14.8078 0 1 0 6362 1 
0 26.1946 -12.8535 15.1147 0 1 0 6362 1 
0 -21.0526 -12.8535 18.6863 0 1 0 6362 1 
0 43.5498 -12.8535 17.5655 0 1 0 6362 1 
0 -3.71657 -12.8535 19.2268 0 1 0 6362 1 
0 -4.04524 -12.8535 7.30751 0 1 0 6362 1 
0 -11.8977 -12.8535 7.59461 0 1 0 6362 1 
0 -38.527 -12.8535 6.79529 0 1 0 6362 1 
0 7.20333 -12.8535 19.093 0 1 0 6362 1 
0 20.0859 -12.8535 9.22494 0 1 0 6362 1 
0 -19.8999 -12.8535 16.5671 0 1 0 6362 1 
0 -13.972 -12.8535 15.0123 0 1 0 6362 1 
0 1.10225 -12.8535 12.4131 0 1 0 6362 1 
0 28.2569 -12.8535 7.44183 0 1 0 6362 1 
0 -13.1074 -12.8535 16.1838 0 1 0 6362 1 
0 35.517 -12.8535 9.72336 0 1 0 6362 1 
0 19.1805 -12.8535 19.0666 0 1 0 6362 1 
0 -38.2952 -12.8535 8.04047 0 1 0 6362 1 
0 -13.9678 -12.8535 10.981 0 1 0 6362 1 
0 -9.62016 -12.8535 12.138 0 1 0 6362 1 
0 33.1545 -12.8535 6.83754 0 1 0 6362 1 
0 -43.0747 -12.8535 7.85584 0 1 0 6362 1 
0 37.9403 -12.8535 17.7596 0 1 0 6362 1 
0 36.3291 -12.8535 16.5293 0 1 0 6362 1 
0 39.6507 -12.8535 8.64073 0 1 0 6362 1 
0 -40.9741 -12.8535 18.4784 0 1 0 6362 1 
0 -38.9141 -12.8535 17.69 0 1 0 6362 1 
0 5.84636 -12.8535 19.4364 0 1 0 6362 1 
0 -45.3865 28.5951 31.3476 -1 0 0 6467 1 
0 -45.3865 -29.9206 9.4151 -1 0 0 6467 1 
0 -45.3865 20.4527 17.1309 -1 0 0 6467 1 
0 -45.3865 23.8557 5.13489 -1 0 0 6467 1 
0 -45.3865 -19.5085 7.48461 -1 0 0 6467 1 
0 -45.3865 18.2751 0.659478 -1 0 0 6467 1 
0 -45.3865 15.3098 8.38629 -1 0 0 6467 1 
0 -45.3865 -19.1494 14.6529 -1 0 0 6467 1 
0 -45.3865 -26.8379 17.524 -1 0 0 6467 1 
0 -45.3865 26.5212 10.7495 -1 0 0 6467 1 
0 -45.3865 -25.5478 19.8211 -1 0 0 6467 1 
0 -45.3865 28.2881 32.3644 -1 0 0 6467 1 
0 -45.3865 -18.2202 2.68765 -1 0 0 6467 1 
0 -45.3865 30.7078 0.175576 -1 0 0 6467 1 
0 -45.3865 29.8973 12.0635 -1 0 0 6467 1 
0 -45.3865 -13.8334 3.21839 -1 0 0 6467 1 
0 -45.3865 15.0658 2.35518 -1 0 0 6467 1 
0 -45.3865 -26.8366 14.3631 -1 0 0 6467 1 
0 -45.3865 19.7093 0.579283 -1 0 0 6467 1 
0 -45.3865 -23.9346 8.11593 -1 0 0 6467 1 
0 -45.3865 26.3381 5.52998 -1 0 0 6467 1 
0 -45.3865 -25.6906 4.43966 -1 0 0 6467 1 
0 -45.3865 19.5917 5.56333 -1 0 0 6467 1 
0 -45.3865 22.8056 9.19934 -1 0 0 6467 1 
0 -45.3865 -5.04037 0.451653 -1 0 0 6467 1 
0 -45.3865 30.6678 17.8858 -1 0 0 6467 1 
0 -45.3865 -26.1778 5.66 -1 0 0 6467 1 
0 -45.3865 1.72656 3.63686 -1 0 0 6467 1 
0 -45.3865 -21.2565 0.457284 -1 0 0 6467 1 
0 -45.3865 -26.2571 21.9311 -1 0 0 6467 1 
0 -45.3865 26.4494 1.834 -1 0 0 6467 1 
0 -45.3865 -27.9968 1.81173 -1 0 0 6467 1 
0 -45.3865 -26.9556 1.4436 -1 0 0 6467 1 
0 -45.3865 -19.1338 16.5134 -1 0 0 6467 1 
0 -45.3865 -29.4609 0.847255 -1 0 0 6467 1 
0 -45.3865 -27.9376 7.26748 -1 0 0 6467 1 
0 -45.3865 -22.3524 5.47538 -1 0 0 6467 1 
0 -45.3865 -19.5716 3.12745 -1 0 0 6467 1 
0 -45.3865 -5.97594 4.10813 -1 0 0 6467 1 
0 -45.3865 28.4672 36.9123 -1 0 0 6467 1 
0 -45.3865 -28.5341 23.3477 -1 0 0 6467 1 
0 -45.3865 15.7537 5.13821 -1 0 0 6467 1 
0 -45.3865 24.8244 8.48031 -1 0 0 6467 1 
0 -45.3865 -29.5398 12.492 -1 0 0 6467 1 
0 -45.3865 23.4103 9.08681 -1 0 0 6467 1 
0 -45.3865 28.3107 28.3714 -1 0 0 6467 1 
0 -45.3865 -5.97836 0.307557 -1 0 0 6467 1 
0 -45.3865 6.29237 4.95607 -1 0 0 6467 1 
0 -45.3865 26.6933 1.29831 -1 0 0 6467 1 
0 -45.3865 11.9128 1.79305 -1 0 0 6467 1 
0 -45.3865 -19.8252 5.28018 -1 0 0 6467 1 
0 -45.3865 -11.7235 7.21205 -1 0 0 6467 1 
0 -45.3865 -30.7954 28.0069 -1 0 0 6467 1 
0 -45.3865 21.3556 6.81148 -1 0 0 6467 1 
0 -45.3865 24.206 4.73357 -1 0 0 6467 1 
0 -45.3865 -13.7952 6.93553 -1 0 0 6467 1 
0 -45.3865 -3.58431 0.0505913 -1 0 0 6467 1 
0 -45.3865 19.766 5.75239 -1 0 0 6467 1 
0 -45.3865 22.9266 11.3572 -1 0 0 6467 1 
0 -45.3865 19.8585 8.74547 -1 0 0 6467 1 
0 -45.3865 27.9084 14.9684 -1 0 0 6467 1 
0 -45.3865 16.0565 16.6608 -1 0 0 6467 1 
0 -45.3865 -3.38994 5.18275 -1 0 0 6467 1 
0 -45.3865 -30.2442 32.703 -1 0 0 6467 1 
0 -45.3865 -17.5783 8.50949 -1 0 0 6467 1 
0 -45.3865 13.8456 14.6654 -1 0 0 6467 1 
0 -45.3865 -15.6679 12.5602 -1 0 0 6467 1 
0 -45.3865 0.658245 2.67375 -1 0 0 6467 1 
0 -45.3865 -23.044 13.3582 -1 0 0 6467 1 
0 -45.3865 -18.5283 0.451653 -1 0 0 6467 1 
0 -45.3865 -15.9581 2.1605 -1 0 0 6467 1 
0 -45.3865 -20.9225 12.7481 -1 0 0 6467 1 
0 -45.3865 21.6329 18.9578 -1 0 0 6467 1 
0 -45.3865 20.3485 3.95636 -1 0 0 6467 1 
0 -10.093 -16.2024 19.8676 0 0 1 6475 1 
0 -35.6593 -15.0474 19.8676 0 0 1 6475 1 
0 -35.7485 -16.1823 19.8676 0 0 1 6475 1 
0 22.1666 -18.7448 19.8676 0 0 1 6475 1 
0 4.71582 -24.7317 19.8676 0 0 1 6475 1 
0 -38.5333 -23.3967 19.8676 0 0 1 6475 1 
0 30.756 -25.1656 19.8676 0 0 1 6475 1 
0 9.1199 -14.0701 19.8676 0 0 1 6475 1 
0 2.12206 -20.0387 19.8676 0 0 1 6475 1 
0 19.183 -13.2265 19.8676 0 0 1 6475 1 
0 15.6801 -16.9484 19.8676 0 0 1 6475 1 
0 -18.009 -23.4827 19.8676 0 0 1 6475 1 
0 8.07355 -25.3699 19.8676 0 0 1 6475 1 
0 -40.14 -24.8711 19.8676 0 0 1 6475 1 
0 9.47575 -17.4183 19.8676 0 0 1 6475 1 
0 35.8345 -15.2767 19.8676 0 0 1 6475 1 
0 -43.2147 -19.7384 19.8676 0 0 1 6475 1 
0 28.8377 -19.8186 19.8676 0 0 1 6475 1 
0 -20.7079 -19.164 19.8676 0 0 1 6475 1 
0 -35.1426 -15.4948 19.8676 0 0 1 6475 1 
0 -44.8455 -22.7006 19.8676 0 0 1 6475 1 
0 4.33326 -23.8216 19.8676 0 0 1 6475 1 
0 5.17193 -22.4715 19.8676 0 0 1 6475 1 
0 12.4944 -16.0279 19.8676 0 0 1 6475 1 
0 43.0903 -16.8257 19.8676 0 0 1 6475 1 
0 -42.3172 -14.3882 19.8676 0 0 1 6475 1 
0 28.4031 -20.9407 19.8676 0 0 1 6475 1 
0 -3.77215 -20.0515 19.8676 0 0 1 6475 1 
0 -45.2013 -14.7353 19.8676 0 0 1 6475 1 
0 -17.0659 -22.3273 19.8676 0 0 1 6475 1 
0 43.0286 -20.5855 19.8676 0 0 1 6475 1 
0 -19.1718 -25.2863 19.8676 0 0 1 6475 1 
0 -13.1638 -15.8701 19.8676 0 0 1 6475 1 
0 7.41155 -24.6364 19.8676 0 0 1 6475 1 
0 -16.4575 -18.7649 19.8676 0 0 1 6475 1 
0 21.9565 -16.3784 19.8676 0 0 1 6475 1 
0 -0.790461 -20.1635 19.8676 0 0 1 6475 1 
0 18.9103 -16.3009 19.8676 0 0 1 6475 1 
0 39.9251 -13.1839 19.8676 0 0 1 6475 1 
0 0.761686 -17.7279 19.8676 0 0 1 6475 1 
0 19.3699 -22.4648 19.8676 0 0 1 6475 1 
0 -25.9307 -18.9173 19.8676 0 0 1 6475 1 
0 -3.5625 -18.8523 19.8676 0 0 1 6475 1 
0 29.1765 -16.832 19.8676 0 0 1 6475 1 
0 -31.9062 -14.8032 19.8676 0 0 1 6475 1 
0 29.9226 -16.6496 19.8676 0 0 1 6475 1 
0 39.0025 -16.8276 19.8676 0 0 1 6475 1 
0 -27.0645 -18.7329 19.8676 0 0 1 6475 1 
0 4.30163 -17.2216 19.8676 0 0 1 6475 1 
0 -10.0441 -16.9674 19.8676 0 0 1 6475 1 
0 -20.0889 -20.5152 19.8676 0 0 1 6475 1 
0 22.3632 -23.8024 19.8676 0 0 1 6475 1 
0 -16.5084 -21.3119 19.8676 0 0 1 6475 1 
0 34.9316 -19.1711 19.8676 0 0 1 6475 1 
0 -21.3906 -13.1025 19.8676 0 0 1 6475 1 
0 45.1328 -13.0963 19.8676 0 0 1 6475 1 
0 20.2186 -19.9749 19.8676 0 0 1 6475 1 
0 35.7652 -15.4213 19.8676 0 0 1 6475 1 
0 5.23288 -13.1404 19.8676 0 0 1 6475 1 
0 26.3443 -14.411 19.8676 0 0 1 6475 1 
0 33.4023 -18.5905 19.8676 0 0 1 6475 1 
0 40.7509 -16.9599 19.8676 0 0 1 6475 1 
0 19.1011 -21.8832 19.8676 0 0 1 6475 1 
0 35.8509 -16.7325 19.8676 0 0 1 6475 1 
0 12.9432 -22.2238 19.8676 0 0 1 6475 1 
0 38.1618 -19.7276 19.8676 0 0 1 6475 1 
0 -27.805 -17.3635 19.8676 0 0 1 6475 1 
0 39.4268 -17.5608 19.8676 0 0 1 6475 1 
0 22.3645 -15.5573 19.8676 0 0 1 6475 1 
0 -23.6215 -23.1233 19.8676 0 0 1 6475 1 
0 -0.056254 -23.9408 19.8676 0 0 1 6475 1 
0 -2.20579 -15.4125 19.8676 0 0 1 6475 1 
0 -7.1053 -25.1702 19.8676 0 0 1 6475 1 
0 -23.9246 -12.9549 19.8676 0 0 1 6475 1 
0 7.43469 -25.5246 22.9451 0 1 0 2332 1 
0 -32.0321 -25.5246 22.2815 0 1 0 2332 1 
0 18.0709 -25.5246 27.4523 0 1 0 2332 1 
0 -17.0435 -25.5246 28.8676 0 1 0 2332 1 
0 26.4909 -25.5246 35.0717 0 1 0 2332 1 
0 7.75586 -25.5246 36.3076 0 1 0 2332 1 
0 16.7365 -25.5246 38.7266 0 1 0 2332 1 
0 -39.152 -25.5246 27.9179 0 1 0 2332 1 
0 5.76414 -25.5246 22.902 0 1 0 2332 1 
0 29.3109 -25.5246 32.7727 0 1 0 2332 1 
0 -32.984 -25.5246 25.8479 0 1 0 2332 1 
0 24.7053 -25.5246 35.4199 0 1 0 2332 1 
0 44.203 -25.5246 23.5715 0 1 0 2332 1 
0 -27.1526 -25.5246 38.1311 0 1 0 2332 1 
0 18.6769 -25.5246 30.463 0 1 0 2332 1 
0 -1.85254 -25.5246 38.4191 0 1 0 2332 1 
0 27.008 -25.5246 38.8881 0 1 0 2332 1 
0 4.51628 -25.5246 33.8472 0 1 0 2332 1 
0 12.9396 -25.5246 27.2132 0 1 0 2332 1 
0 42.8684 -25.5246 22.2176 0 1 0 2332 1 
0 -35.5181 -25.5246 20.2837 0 1 0 2332 1 
0 -30.4989 -25.5246 36.9778 0 1 0 2332 1 
0 -8.51661 -25.5246 35.2741 0 1 0 2332 1 
0 1.41779 -25.5246 36.0128 0 1 0 2332 1 
0 30.1124 -25.5246 37.3469 0 1 0 2332 1 
0 3.06797 -25.5246 28.5628 0 1 0 2332 1 
0 -40.4296 -25.5246 38.0818 0 1 0 2332 1 
0 3.41389 -25.5246 36.4937 0 1 0 2332 1 
0 40.6818 -25.5246 31.6562 0 1 0 2332 1 
0 12.5907 -25.5246 33.5904 0 1 0 2332 1 
0 -18.1938 -25.5246 23.9282 0 1 0 2332 1 
0 -4.31691 -25.5246 24.5355 0 1 0 2332 1 
0 -19.2297 -25.5246 32.9767 0 1 0 2332 1 
0 -6.84114 -25.5246 32.6144 0 1 0 2332 1 
0 -25.731 -25.5246 30.2251 0 1 0 2332 1 
0 -7.58205 -25.5246 24.7959 0 1 0 2332 1 
0 23.5216 -25.5246 31.2211 0 1 0 2332 1 
0 -22.2302 -25.5246 37.1221 0 1 0 2332 1 
0 -38.502 -25.5246 33.5361 0 1 0 2332 1 
0 -6.03652 -25.5246 32.5386 0 1 0 2332 1 
0 13.9721 -25.5246 30.5607 0 1 0 2332 1 
0 42.1118 -25.5246 27.0721 0 1 0 2332 1 
0 42.5832 -25.5246 37.2338 0 1 0 2332 1 
0 -37.6866 -25.5246 26.9509 0 1 0 2332 1 
0 -5.35459 -25.5246 22.729 0 1 0 2332 1 
0 -15.6305 -25.5246 26.6107 0 1 0 2332 1 
0 6.00846 -25.5246 26.0668 0 1 0 2332 1 
0 -14.5721 -25.5246 37.9333 0 1 0 2332 1 
0 25.972 -25.5246 35.0722 0 1 0 2332 1 
0 13 -25.5246 33.995 0 1 0 2332 1 
0 42.4159 -25.5246 32.5636 0 1 0 2332 1 
0 9.80183 -25.5246 32.2782 0 1 0 2332 1 
0 -24.7512 -25.5246 30.8792 0 1 0 2332 1 
0 -41.7917 -25.5246 34.6598 0 1 0 2332 1 
0 -40.961 -25.5246 37.9363 0 1 0 2332 1 
0 -30.2621 -25.5246 35.1598 0 1 0 2332 1 
0 23.7673 -25.5246 27.8549 0 1 0 2332 1 
0 0.718792 -25.5246 21.56 0 1 0 2332 1 
0 33.6242 -25.5246 34.6276 0 1 0 2332 1 
0 20.1566 -25.5246 33.2252 0 1 0 2332 1 
0 -27.7777 -25.5246 26.6635 0 1 0 2332 1 
0 36.8353 -25.5246 28.0793 0 1 0 2332 1 
0 14.575 -25.5246 21.5602 0 1 0 2332 1 
0 -25.8512 -25.5246 27.9603 0 1 0 2332 1 
0 25.2141 -25.5246 24.1749 0 1 0 2332 1 
0 -19.8969 -25.5246 23.2055 0 1 0 2332 1 
0 -7.51601 -25.5246 21.8373 0 1 0 2332 1 
0 0.429255 -25.5246 34.8255 0 1 0 2332 1 
0 43.1241 -25.5246 33.0897 0 1 0 2332 1 
0 -11.6848 -25.5246 19.9075 0 1 0 2332 1 
0 40.1756 -25.5246 25.1704 0 1 0 2332 1 
0 9.67449 -25.5246 36.0899 0 1 0 2332 1 
0 -21.2319 -25.5246 36.3361 0 1 0 2332 1 
0 -27.425 -25.5246 36.4228 0 1 0 2332 1 
0 -27.9253 -30.9028 5.54636 0 -1 0 614 1 
0 35.181 -30.9028 21.1661 0 -1 0 614 1 
0 16.5356 -30.9028 15.0905 0 -1 0 614 1 
0 8.30169 -30.9028 28.3077 0 -1 0 614 1 
0 -21.4641 -30.9028 18.6602 0 -1 0 614 1 
0 1.81974 -30.9028 38.7296 0 -1 0 614 1 
0 -37.5118 -30.9028 14.6528 0 -1 0 614 1 
0 42.6941 -30.9028 11.0535 0 -1 0 614 1 
0 -45.2791 -30.9028 5.71818 0 -1 0 614 1 
0 -12.0233 -30.9028 13.9946 0 -1 0 614 1 
0 4.33255 -30.9028 27.4566 0 -1 0 614 1 
0 24.2865 -30.9028 15.0853 0 -1 0 614 1 
0 1.77497 -30.9028 8.28827 0 -1 0 614 1 
0 29.3723 -30.9028 19.1849 0 -1 0 614 1 
0 -2.69246 -30.9028 34.0781 0 -1 0 614 1 
0 31.9985 -30.9028 3.58865 0 -1 0 614 1 
0 -31.9213 -30.9028 10.9498 0 -1 0 614 1 
0 -10.8432 -30.9028 23.5565 0 -1 0 614 1 
0 18.5419 -30.9028 22.6203 0 -1 0 614 1 
0 -29.2792 -30.9028 2.90145 0 -1 0 614 1 
0 -23.8588 -30.9028 23.4973 0 -1 0 614 1 
0 -35.6874 -30.9028 30.9524 0 -1 0 614 1 
0 29.7221 -30.9028 3.92931 0 -1 0 614 1 
0 44.6239 -30.9028 26.0911 0 -1 0 614 1 
0 -45.3408 -30.9028 16.6908 0 -1 0 614 1 
0 -26.1139 -30.9028 31.2427 0 -1 0 614 1 
0 -5.79855 -30.9028 26.689 0 -1 0 614 1 
0 17.3233 -30.9028 14.0661 0 -1 0 614 1 
0 -35.2479 -30.9028 29.1658 0 -1 0 614 1 
0 -22.3537 -30.9028 7.28352 0 -1 0 614 1 
0 41.12 -30.9028 2.3638 0 -1 0 614 1 
0 23.415 -30.9028 10.001 0 -1 0 614 1 
0 11.5409 -30.9028 4.13552 0 -1 0 614 1 
0 -24.5936 -30.9028 24.5353 0 -1 0 614 1 
0 -25.4641 -30.9028 13.5737 0 -1 0 614 1 
0 6.13616 -30.9028 32.0893 0 -1 0 614 1 
0 6.13893 -30.9028 8.98034 0 -1 0 614 1 
0 0.407898 -30.9028 2.32515 0 -1 0 614 1 
0 -13.1349 -30.9028 21.9071 0 -1 0 614 1 
0 -3.24303 -30.9028 13.2821 0 -1 0 614 1 
0 -11.2991 -30.9028 27.1892 0 -1 0 614 1 
0 30.0002 -30.9028 16.1399 0 -1 0 614 1 
0 42.0035 -30.9028 9.82725 0 -1 0 614 1 
0 19.8952 -30.9028 32.6645 0 -1 0 614 1 
0 15.7703 -30.9028 31.0539 0 -1 0 614 1 
0 -34.1618 -30.9028 19.2092 0 -1 0 614 1 
0 -32.4278 -30.9028 11.1826 0 -1 0 614 1 
0 31.7829 -30.9028 37.061 0 -1 0 614 1 
0 -16.2632 -30.9028 17.9279 0 -1 0 614 1 
0 25.7668 -30.9028 22.0709 0 -1 0 614 1 
0 1.11637 -30.9028 25.2554 0 -1 0 614 1 
0 -43.6384 -30.9028 14.4128 0 -1 0 614 1 
0 25.5847 -30.9028 1.86838 0 -1 0 614 1 
0 16.2739 -30.9028 19.0479 0 -1 0 614 1 
0 17.9054 -30.9028 35.0445 0 -1 0 614 1 
0 44.313 -30.9028 16.2153 0 -1 0 614 1 
0 -27.5307 -30.9028 16.9543 0 -1 0 614 1 
0 16.8902 -30.9028 7.07152 0 -1 0 614 1 
0 4.33514 -30.9028 16.6051 0 -1 0 614 1 
0 -29.1105 -30.9028 8.80979 0 -1 0 614 1 
0 -26.919 -30.9028 5.02364 0 -1 0 614 1 
0 -18.6634 -30.9028 2.29341 0 -1 0 614 1 
0 -32.396 -30.9028 1.71456 0 -1 0 614 1 
0 -17.0999 -30.9028 14.0859 0 -1 0 614 1 
0 -0.615399 -30.9028 4.66754 0 -1 0 614 1 
0 23.8157 -30.9028 24.9571 0 -1 0 614 1 
0 0.989383 -30.9028 15.9811 0 -1 0 614 1 
0 -2.95948 -30.9028 30.9851 0 -1 0 614 1 
0 -16.3024 -30.9028 35.5636 0 -1 0 614 1 
0 -6.00649 -30.9028 18.7179 0 -1 0 614 1 
0 0.86222 -30.9028 14.7266 0 -1 0 614 1 
0 39.0772 -30.9028 32.0248 0 -1 0 614 1 
0 23.2606 -30.9028 33.9161 0 -1 0 614 1 
0 24.0512 -30.9028 23.6545 0 -1 0 614 1 
0 1.78927 -20.9683 0 0 0 -1 627 1 
0 28.7818 -29.5207 0 0 0 -1 627 1 
0 -37.8493 24.9832 0 0 0 -1 627 1 
0 15.8847 10.9882 0 0 0 -1 627 1 
0 14.8803 28.9194 0 0 0 -1 627 1 
0 44.316 2.63195 0 0 0 -1 627 1 
0 5.25888 19.8897 0 0 0 -1 627 1 
0 37.6683 -13.664 0 0 0 -1 627 1 
0 38.9855 -6.83093 0 0 0 -1 627 1 
0 -45.1643 -22.1996 0 0 0 -1 627 1 
0 -17.0101 10.0742 0 0 0 -1 627 1 
0 25.4242 -30.271 0 0 0 -1 627 1 
0 -19.6202 -8.99532 0 0 0 -1 627 1 
0 25.5747 -20.4237 0 0 0 -1 627 1 
0 9.24742 13.9553 0 0 0 -1 627 1 
0 14.5636 -1.53201 0 0 0 -1 627 1 
0 -35.5806 -15.0434 0 0 0 -1 627 1 
0 -7.61941 1.53543 0 0 0 -1 627 1 
0 7.12192 -18.0198 0 0 0 -1 627 1 
0 30.9855 26.8552 0 0 0 -1 627 1 
0 28.1905 -22.0248 0 0 0 -1 627 1 
0 2.09284 2.72985 0 0 0 -1 627 1 
0 -38.8456 -2.10318 0 0 0 -1 627 1 
0 -17.9689 -21.8825 0 0 0 -1 627 1 
0 26.8327 3.26562 0 0 0 -1 627 1 
0 -27.0838 1.2392 0 0 0 -1 627 1 
0 27.5117 -29.4516 0 0 0 -1 627 1 
0 3.51273 -4.80442 0 0 0 -1 627 1 
0 -22.053 -11.4611 0 0 0 -1 627 1 
0 10.2219 -25.0777 0 0 0 -1 627 1 
0 0.735592 9.51331 0 0 0 -1 627 1 
0 -9.14215 -12.112 0 0 0 -1 627 1 
0 42.5574 -14.7157 0 0 0 -1 627 1 
0 -26.4727 -18.3063 0 0 0 -1 627 1 
0 -24.448 17.2844 0 0 0 -1 627 1 
0 40.614 -2.23719 0 0 0 -1 627 1 
0 -44.3836 -10.9503 0 0 0 -1 627 1 
0 -40.4783 7.67982 0 0 0 -1 627 1 
0 -7.39707 9.43849 0 0 0 -1 627 1 
0 -0.952387 10.0207 0 0 0 -1 627 1 
0 -28.3534 10.8034 0 0 0 -1 627 1 
0 -38.8966 -22.1843 0 0 0 -1 627 1 
0 -7.9312 18.1243 0 0 0 -1 627 1 
0 42.7611 18.9055 0 0 0 -1 627 1 
0 45.0581 -7.87769 0 0 0 -1 627 1 
0 28.6231 -27.6614 0 0 0 -1 627 1 
0 23.6408 0.598604 0 0 0 -1 627 1 
0 -24.3164 -23.4749 0 0 0 -1 627 1 
0 16.8885 -29.6096 0 0 0 -1 627 1 
0 36.4597 12.3344 0 0 0 -1 627 1 
0 20.107 -1.16249 0 0 0 -1 627 1 
0 41.3681 4.12628 0 0 0 -1 627 1 
0 16.1722 3.1273 0 0 0 -1 627 1 
0 4.80018 26.0518 0 0 0 -1 627 1 
0 31.6274 -3.31161 0 0 0 -1 627 1 
0 21.107 23.6695 0 0 0 -1 627 1 
0 -32.4002 27.4817 0 0 0 -1 627 1 
0 12.0514 -19.8783 0 0 0 -1 627 1 
0 26.3306 -26.4685 0 0 0 -1 627 1 
0 -1.63235 -15.0812 0 0 0 -1 627 1 
0 -9.00168 -11.1594 0 0 0 -1 627 1 
0 43.8609 -10.9874 0 0 0 -1 627 1 
0 29.7487 -28.1305 0 0 0 -1 627 1 
0 7.14534 -22.8198 0 0 0 -1 627 1 
0 38.59 -21.0023 0 0 0 -1 627 1 
0 -28.4267 -11.1676 0 0 0 -1 627 1 
0 -30.1497 -29.832 0 0 0 -1 627 1 
0 -16.6519 23.1729 0 0 0 -1 627 1 
0 26.1091 29.8458 0 0 0 -1 627 1 
0 -43.9111 17.7422 0 0 0 -1 627 1 
0 31.2406 -24.7491 0 0 0 -1 627 1 
0 16.933 -6.85788 0 0 0 -1 627 1 
0 -42.5929 0.413126 0 0 0 -1 627 1 
0 40.7214 2.2944 0 0 0 -1 627 1 
0 -27.3132 21.1584 19.8676 0 0 1 6471 1 
0 -26.8948 13.8847 19.8676 0 0 1 6471 1 
0 6.10765 24.3771 19.8676 0 0 1 6471 1 
0 14.4625 16.6965 19.8676 0 0 1 6471 1 
0 -31.6844 22.4218 19.8676 0 0 1 6471 1 
0 2.16683 18.7468 19.8676 0 0 1 6471 1 
0 34.8517 22.7057 19.8676 0 0 1 6471 1 
0 28.4661 23.3672 19.8676 0 0 1 6471 1 
0 22.4226 20.3698 19.8676 0 0 1 6471 1 
0 20.7854 21.0876 19.8676 0 0 1 6471 1 
0 22.5478 24.2636 19.8676 0 0 1 6471 1 
0 -42.8778 25.4358 19.8676 0 0 1 6471 1 
0 -1.5294 13.1483 19.8676 0 0 1 6471 1 
0 -21.5371 15.6231 19.8676 0 0 1 6471 1 
0 13.1162 22.9095 19.8676 0 0 1 6471 1 
0 -34.4783 23.6633 19.8676 0 0 1 6471 1 
0 43.0763 14.0224 19.8676 0 0 1 6471 1 
0 11.7817 19.3242 19.8676 0 0 1 6471 1 
0 -1.84834 15.8622 19.8676 0 0 1 6471 1 
0 -9.30578 15.2427 19.8676 0 0 1 6471 1 
0 42.1049 15.504 19.8676 0 0 1 6471 1 
0 37.0366 17.9258 19.8676 0 0 1 6471 1 
0 -3.7079 12.9068 19.8676 0 0 1 6471 1 
0 40.6205 14.7442 19.8676 0 0 1 6471 1 
0 39.535 13.6457 19.8676 0 0 1 6471 1 
0 16.0661 18.5816 19.8676 0 0 1 6471 1 
0 42.8828 16.6107 19.8676 0 0 1 6471 1 
0 11.5186 15.5552 19.8676 0 0 1 6471 1 
0 -21.1954 18.8329 19.8676 0 0 1 6471 1 
0 4.15141 17.7384 19.8676 0 0 1 6471 1 
0 1.54942 19.7563 19.8676 0 0 1 6471 1 
0 12.7841 13.8099 19.8676 0 0 1 6471 1 
0 3.1215 22.0877 19.8676 0 0 1 6471 1 
0 27.9196 13.2839 19.8676 0 0 1 6471 1 
0 29.1064 18.2435 19.8676 0 0 1 6471 1 
0 8.78461 14.5679 19.8676 0 0 1 6471 1 
0 39.7734 23.1852 19.8676 0 0 1 6471 1 
0 -3.36832 25.2463 19.8676 0 0 1 6471 1 
0 27.193 19.2417 19.8676 0 0 1 6471 1 
0 -42.016 14.1644 19.8676 0 0 1 6471 1 
0 -1.8705 18.8632 19.8676 0 0 1 6471 1 
0 -31.3934 21.1785 19.8676 0 0 1 6471 1 
0 -41.6864 13.9786 19.8676 0 0 1 6471 1 
0 17.8012 21.8391 19.8676 0 0 1 6471 1 
0 17.1189 23.9688 19.8676 0 0 1 6471 1 
0 -22.6851 21.4791 19.8676 0 0 1 6471 1 
0 -38.6926 22.2471 19.8676 0 0 1 6471 1 
0 24.5907 24.5261 19.8676 0 0 1 6471 1 
0 44.5928 18.5557 19.8676 0 0 1 6471 1 
0 37.3198 17.611 19.8676 0 0 1 6471 1 
0 -36.625 25.1899 19.8676 0 0 1 6471 1 
0 -26.4893 15.5036 19.8676 0 0 1 6471 1 
0 16.5012 17.713 19.8676 0 0 1 6471 1 
0 36.5578 15.6184 19.8676 0 0 1 6471 1 
0 29.6621 17.9671 19.8676 0 0 1 6471 1 
0 -24.115 22.2956 19.8676 0 0 1 6471 1 
0 14.8661 22.6543 19.8676 0 0 1 6471 1 
0 -41.2222 21.425 19.8676 0 0 1 6471 1 
0 12.7778 15.6087 19.8676 0 0 1 6471 1 
0 -20.1954 19.7005 19.8676 0 0 1 6471 1 
0 29.2973 19.6136 19.8676 0 0 1 6471 1 
0 10.6216 14.1643 19.8676 0 0 1 6471 1 
0 42.1409 24.8039 19.8676 0 0 1 6471 1 
0 -9.39898 21.5105 19.8676 0 0 1 6471 1 
0 -40.7181 17.0517 19.8676 0 0 1 6471 1 
0 43.8046 23.0321 19.8676 0 0 1 6471 1 
0 -30.6886 21.7426 19.8676 0 0 1 6471 1 
0 -9.99736 18.7515 19.8676 0 0 1 6471 1 
0 7.78634 20.4337 19.8676 0 0 1 6471 1 
0 30.3851 13.2311 19.8676 0 0 1 6471 1 
0 1.24737 24.9982 19.8676 0 0 1 6471 1 
0 27.1978 20.7161 19.8676 0 0 1 6471 1 
0 -35.8336 18.1048 19.8676 0 0 1 6471 1 
0 35.9483 20.5063 19.8676 0 0 1 6471 1 
0 23.213 12.8535 16.6346 0 -1 0 6374 1 
0 34.3671 12.8535 10.2016 0 -1 0 6374 1 
0 -36.2171 12.8535 13.5119 0 -1 0 6374 1 
0 10.5953 12.8535 12.5365 0 -1 0 6374 1 
0 -42.1233 12.8535 7.35282 0 -1 0 6374 1 
0 30.6655 12.8535 10.092 0 -1 0 6374 1 
0 -1.58347 12.8535 8.46537 0 -1 0 6374 1 
0 -10.9818 12.8535 7.6467 0 -1 0 6374 1 
0 -17.8919 12.8535 18.2453 0 -1 0 6374 1 
0 -28.5136 12.8535 16.9898 0 -1 0 6374 1 
0 33.3482 12.8535 18.124 0 -1 0 6374 1 
0 0.287258 12.8535 15.5323 0 -1 0 6374 1 
0 -35.1632 12.8535 8.57518 0 -1 0 6374 1 
0 18.0065 12.8535 16.8947 0 -1 0 6374 1 
0 28.784 12.8535 17.6282 0 -1 0 6374 1 
0 -7.58724 12.8535 19.2048 0 -1 0 6374 1 
0 43.5343 12.8535 10.0347 0 -1 0 6374 1 
0 -33.8258 12.8535 9.46569 0 -1 0 6374 1 
0 -10.2426 12.8535 7.17504 0 -1 0 6374 1 
0 13.5678 12.8535 7.37588 0 -1 0 6374 1 
0 -3.71344 12.8535 16.7632 0 -1 0 6374 1 
0 -12.8292 12.8535 6.84714 0 -1 0 6374 1 
0 33.8719 12.8535 11.6308 0 -1 0 6374 1 
0 13.61 12.8535 7.93848 0 -1 0 6374 1 
0 -8.26068 12.8535 16.9587 0 -1 0 6374 1 
0 41.22 12.8535 7.80569 0 -1 0 6374 1 
0 25.4197 12.8535 12.4125 0 -1 0 6374 1 
0 -12.3156 12.8535 18.4138 0 -1 0 6374 1 
0 -27.2867 12.8535 14.5295 0 -1 0 6374 1 
0 -19.6605 12.8535 16.397 0 -1 0 6374 1 
0 -5.50794 12.8535 9.11053 0 -1 0 6374 1 
0 -21.926 12.8535 10.6589 0 -1 0 6374 1 
0 5.26496 12.8535 8.4211 0 -1 0 6374 1 
0 -7.39439 12.8535 7.43586 0 -1 0 6374 1 
0 -31.8535 12.8535 10.5003 0 -1 0 6374 1 
0 -33.978 12.8535 11.9313 0 -1 0 6374 1 
0 26.0775 12.8535 10.8713 0 -1 0 6374 1 
0 -41.5079 12.8535 17.839 0 -1 0 6374 1 
0 -37.6686 12.8535 7.5435 0 -1 0 6374 1 
0 41.6418 12.8535 18.0229 0 -1 0 6374 1 
0 43.1052 12.8535 6.93107 0 -1 0 6374 1 
0 -16.52 12.8535 9.38329 0 -1 0 6374 1 
0 29.0813 12.8535 10.3259 0 -1 0 6374 1 
0 16.1973 12.8535 10.996 0 -1 0 6374 1 
0 34.5381 12.8535 11.3295 0 -1 0 6374 1 
0 34.3568 12.8535 6.85939 0 -1 0 6374 1 
0 -30.0508 12.8535 14.2123 0 -1 0 6374 1 
0 4.20502 12.8535 13.1844 0 -1 0 6374 1 
0 -8.37792 12.8535 18.5826 0 -1 0 6374 1 
0 4.13648 12.8535 7.05942 0 -1 0 6374 1 
0 9.28353 12.8535 14.2906 0 -1 0 6374 1 
0 -43.6618 12.8535 17.6197 0 -1 0 6374 1 
0 -33.0792 12.8535 18.3728 0 -1 0 6374 1 
0 -32.1101 12.8535 18.4348 0 -1 0 6374 1 
0 -34.3571 12.8535 12.2218 0 -1 0 6374 1 
0 21.8862 12.8535 11.3686 0 -1 0 6374 1 
0 -0.1592 12.8535 11.5474 0 -1 0 6374 1 
0 -10.1296 12.8535 7.12731 0 -1 0 6374 1 
0 15.508 12.8535 15.8651 0 -1 0 6374 1 
0 -28.006 12.8535 7.78029 0 -1 0 6374 1 
0 29.3933 12.8535 11.7766 0 -1 0 6374 1 
0 -7.50547 12.8535 10.8268 0 -1 0 6374 1 
0 -31.296 12.8535 17.6361 0 -1 0 6374 1 
0 -3.41756 12.8535 11.5698 0 -1 0 6374 1 
0 -8.97415 12.8535 19.6737 0 -1 0 6374 1 
0 -21.3066 12.8535 16.271 0 -1 0 6374 1 
0 18.4478 12.8535 8.67765 0 -1 0 6374 1 
0 22.5626 12.8535 13.3146 0 -1 0 6374 1 
0 -17.7701 12.8535 11.599 0 -1 0 6374 1 
0 31.4449 12.8535 11.4546 0 -1 0 6374 1 
0 -7.90054 12.8535 14.0504 0 -1 0 6374 1 
0 -9.2821 12.8535 8.47125 0 -1 0 6374 1 
0 -24.3859 12.8535 18.4302 0 -1 0 6374 1 
0 22.3279 12.8535 8.01636 0 -1 0 6374 1 
0 31.4371 25.5246 34.7449 0 -1 0 2344 1 
0 5.03056 25.5246 21.6342 0 -1 0 2344 1 
0 -26.2866 25.5246 21.6728 0 -1 0 2344 1 
0 7.3607 25.5246 38.1186 0 -1 0 2344 1 
0 22.617 25.5246 35.6317 0 -1 0 2344 1 
0 9.89513 25.5246 37.6203 0 -1 0 2344 1 
0 -32.4245 25.5246 22.3835 0 -1 0 2344 1 
0 -4.63084 25.5246 27.2554 0 -1 0 2344 1 
0 -35.229 25.5246 28.4858 0 -1 0 2344 1 
0 34.8819 25.5246 34.8497 0 -1 0 2344 1 
0 41.2165 25.5246 31.5423 0 -1 0 2344 1 
0 -41.9276 25.5246 34.8902 0 -1 0 2344 1 
0 28.7176 25.5246 20.7812 0 -1 0 2344 1 
0 -23.2368 25.5246 27.628 0 -1 0 2344 1 
0 39.31 25.5246 24.739 0 -1 0 2344 1 
0 -29.3597 25.5246 27.0382 0 -1 0 2344 1 
0 5.03217 25.5246 28.9911 0 -1 0 2344 1 
0 9.74947 25.5246 20.1619 0 -1 0 2344 1 
0 8.22225 25.5246 37.8475 0 -1 0 2344 1 
0 -22.4359 25.5246 29.4669 0 -1 0 2344 1 
0 22.9949 25.5246 28.432 0 -1 0 2344 1 
0 34.9319 25.5246 33.8068 0 -1 0 2344 1 
0 22.2166 25.5246 34.2102 0 -1 0 2344 1 
0 -35.8297 25.5246 29.9006 0 -1 0 2344 1 
0 -13.7781 25.5246 35.0288 0 -1 0 2344 1 
0 39.8601 25.5246 19.8682 0 -1 0 2344 1 
0 41.2394 25.5246 37.5531 0 -1 0 2344 1 
0 -42.8008 25.5246 32.3041 0 -1 0 2344 1 
0 -42.9895 25.5246 22.7037 0 -1 0 2344 1 
0 12.5498 25.5246 33.694 0 -1 0 2344 1 
0 37.874 25.5246 26.2631 0 -1 0 2344 1 
0 6.00837 25.5246 21.8586 0 -1 0 2344 1 
0 38.937 25.5246 29.9734 0 -1 0 2344 1 
0 27.1684 25.5246 36.8347 0 -1 0 2344 1 
0 -22.6863 25.5246 36.7894 0 -1 0 2344 1 
0 -43.9651 25.5246 25.5049 0 -1 0 2344 1 
0 31.6283 25.5246 37.7413 0 -1 0 2344 1 
0 -10.9389 25.5246 25.1243 0 -1 0 2344 1 
0 24.1888 25.5246 33.613 0 -1 0 2344 1 
0 -36.5141 25.5246 32.9526 0 -1 0 2344 1 
0 36.5352 25.5246 33.5685 0 -1 0 2344 1 
0 -13.2781 25.5246 35.0143 0 -1 0 2344 1 
0 22.0473 25.5246 38.2752 0 -1 0 2344 1 
0 17.1295 25.5246 35.111 0 -1 0 2344 1 
0 -43.1132 25.5246 33.0343 0 -1 0 2344 1 
0 16.0144 25.5246 30.9401 0 -1 0 2344 1 
0 15.9365 25.5246 35.7067 0 -1 0 2344 1 
0 -33.8141 25.5246 30.7305 0 -1 0 2344 1 
0 -19.3625 25.5246 31.3448 0 -1 0 2344 1 
0 -37.2283 25.5246 25.5938 0 -1 0 2344 1 
0 -17.64 25.5246 34.7421 0 -1 0 2344 1 
0 -20.3883 25.5246 25.668 0 -1 0 2344 1 
0 -45.0003 25.5246 38.0897 0 -1 0 2344 1 
0 21.7629 25.5246 25.4565 0 -1 0 2344 1 
0 -38.4821 25.5246 35.519 0 -1 0 2344 1 
0 -13.9116 25.5246 22.8456 0 -1 0 2344 1 
0 30.0788 25.5246 37.2346 0 -1 0 2344 1 
0 23.1428 25.5246 24.7231 0 -1 0 2344 1 
0 1.53441 25.5246 25.738 0 -1 0 2344 1 
0 43.2721 25.5246 34.5923 0 -1 0 2344 1 
0 42.7266 25.5246 27.7067 0 -1 0 2344 1 
0 -6.83042 25.5246 35.0449 0 -1 0 2344 1 
0 19.2119 25.5246 28.7528 0 -1 0 2344 1 
0 4.68964 25.5246 24.4641 0 -1 0 2344 1 
0 6.12624 25.5246 31.8536 0 -1 0 2344 1 
0 -5.35361 25.5246 27.3081 0 -1 0 2344 1 
0 -8.17453 25.5246 22.3116 0 -1 0 2344 1 
0 -25.0858 25.5246 20.3495 0 -1 0 2344 1 
0 -22.619 25.5246 24.2161 0 -1 0 2344 1 
0 -5.06273 25.5246 20.2273 0 -1 0 2344 1 
0 22.3382 25.5246 27.4771 0 -1 0 2344 1 
0 0.369025 25.5246 30.8161 0 -1 0 2344 1 
0 -30.8144 25.5246 21.5588 0 -1 0 2344 1 
0 29.8149 25.5246 26.5714 0 -1 0 2344 1 
0 20.0157 28.2203 39.1368 0 0 1 2441 1 
0 -11.8159 26.4741 39.1368 0 0 1 2441 1 
0 22.2506 25.8277 39.1368 0 0 1 2441 1 
0 -18.0146 28.9057 39.1368 0 0 1 2441 1 
0 -14.4492 28.8108 39.1368 0 0 1 2441 1 
0 -42.5869 30.6008 39.1368 0 0 1 2441 1 
0 -10.1166 26.874 39.1368 0 0 1 2441 1 
0 34.7934 30.7077 39.1368 0 0 1 2441 1 
0 4.20145 26.9771 39.1368 0 0 1 2441 1 
0 6.29085 26.148 39.1368 0 0 1 2441 1 
0 -23.494 26.8525 39.1368 0 0 1 2441 1 
0 34.7075 28.1632 39.1368 0 0 1 2441 1 
0 -39.7957 25.7097 39.1368 0 0 1 2441 1 
0 -9.92095 27.7409 39.1368 0 0 1 2441 1 
0 4.27428 27.291 39.1368 0 0 1 2441 1 
0 14.2921 27.7315 39.1368 0 0 1 2441 1 
0 27.7346 28.4869 39.1368 0 0 1 2441 1 
0 37.6862 27.0316 39.1368 0 0 1 2441 1 
0 39.8787 30.2526 39.1368 0 0 1 2441 1 
0 19.1802 29.8887 39.1368 0 0 1 2441 1 
0 12.1027 27.7387 39.1368 0 0 1 2441 1 
0 -16.3735 26.0623 39.1368 0 0 1 2441 1 
0 24.432 28.7628 39.1368 0 0 1 2441 1 
0 -41.5489 28.9632 39.1368 0 0 1 2441 1 
0 -33.9375 29.0268 39.1368 0 0 1 2441 1 
0 -14.7793 25.8823 39.1368 0 0 1 2441 1 
0 21.9927 26.0497 39.1368 0 0 1 2441 1 
0 20.0305 26.4659 39.1368 0 0 1 2441 1 
0 0.118987 26.3497 39.1368 0 0 1 2441 1 
0 -36.9344 30.3919 39.1368 0 0 1 2441 1 
0 27.1106 28.6137 39.1368 0 0 1 2441 1 
0 42.6123 27.707 39.1368 0 0 1 2441 1 
0 36.7091 27.3724 39.1368 0 0 1 2441 1 
0 -21.4884 28.2754 39.1368 0 0 1 2441 1 
0 0.449541 28.8747 39.1368 0 0 1 2441 1 
0 37.6919 29.7953 39.1368 0 0 1 2441 1 
0 -28.2158 28.5648 39.1368 0 0 1 2441 1 
0 42.3253 28.4691 39.1368 0 0 1 2441 1 
0 4.89875 29.0639 39.1368 0 0 1 2441 1 
0 -35.2648 30.7895 39.1368 0 0 1 2441 1 
0 6.3879 28.8127 39.1368 0 0 1 2441 1 
0 6.92818 25.681 39.1368 0 0 1 2441 1 
0 31.8273 28.0133 39.1368 0 0 1 2441 1 
0 -4.08805 29.0638 39.1368 0 0 1 2441 1 
0 40.3684 26.2485 39.1368 0 0 1 2441 1 
0 -35.4441 30.1497 39.1368 0 0 1 2441 1 
0 7.49939 29.5582 39.1368 0 0 1 2441 1 
0 -16.4992 29.1884 39.1368 0 0 1 2441 1 
0 32.9958 30.7755 39.1368 0 0 1 2441 1 
0 25.8404 25.6288 39.1368 0 0 1 2441 1 
0 -22.839 25.7332 39.1368 0 0 1 2441 1 
0 -40.6384 29.4323 39.1368 0 0 1 2441 1 
0 14.9142 28.8954 39.1368 0 0 1 2441 1 
0 25.8329 27.7671 39.1368 0 0 1 2441 1 
0 -39.3493 29.6643 39.1368 0 0 1 2441 1 
0 13.9739 30.7017 39.1368 0 0 1 2441 1 
0 4.38625 27.9381 39.1368 0 0 1 2441 1 
0 -13.9568 27.6676 39.1368 0 0 1 2441 1 
0 -33.9688 26.2024 39.1368 0 0 1 2441 1 
0 -29.0331 26.5258 39.1368 0 0 1 2441 1 
0 3.42614 28.5852 39.1368 0 0 1 2441 1 
0 19.9228 30.1192 39.1368 0 0 1 2441 1 
0 0.29396 26.1269 39.1368 0 0 1 2441 1 
0 -8.57425 29.7895 39.1368 0 0 1 2441 1 
0 -22.4888 28.8127 39.1368 0 0 1 2441 1 
0 28.6764 27.6062 39.1368 0 0 1 2441 1 
0 39.5249 27.3237 39.1368 0 0 1 2441 1 
0 36.4913 26.3519 39.1368 0 0 1 2441 1 
0 -28.2088 26.7391 39.1368 0 0 1 2441 1 
0 -12.3526 28.4021 39.1368 0 0 1 2441 1 
0 -43.111 27.1982 39.1368 0 0 1 2441 1 
0 40.4122 28.6398 39.1368 0 0 1 2441 1 
0 38.0305 27.1294 39.1368 0 0 1 2441 1 
0 7.93897 26.1032 39.1368 0 0 1 2441 1 
0 -34.0672 30.9028 27.9254 0 1 0 595 1 
0 -17.3357 30.9028 5.06672 0 1 0 595 1 
0 -35.4849 30.9028 31.2364 0 1 0 595 1 
0 -37.0422 30.9028 23.8698 0 1 0 595 1 
0 26.8693 30.9028 9.79568 0 1 0 595 1 
0 32.951 30.9028 6.60366 0 1 0 595 1 
0 -3.38431 30.9028 5.64669 0 1 0 595 1 
0 30.9904 30.9028 15.1197 0 1 0 595 1 
0 -18.0411 30.9028 17.0959 0 1 0 595 1 
0 -16.2154 30.9028 33.078 0 1 0 595 1 
0 -44.8853 30.9028 20.9166 0 1 0 595 1 
0 8.10519 30.9028 24.806 0 1 0 595 1 
0 19.2381 30.9028 37.3972 0 1 0 595 1 
0 12.3883 30.9028 28.2386 0 1 0 595 1 
0 -41.7816 30.9028 5.27386 0 1 0 595 1 
0 -24.9259 30.9028 37.5853 0 1 0 595 1 
0 -26.0865 30.9028 30.9422 0 1 0 595 1 
0 15.0109 30.9028 24.6605 0 1 0 595 1 
0 -12.3034 30.9028 23.8153 0 1 0 595 1 
0 -14.9859 30.9028 4.27185 0 1 0 595 1 
0 -23.3992 30.9028 3.59386 0 1 0 595 1 
0 -27.3384 30.9028 21.2924 0 1 0 595 1 
0 -18.6525 30.9028 26.5481 0 1 0 595 1 
0 -32.0866 30.9028 6.52866 0 1 0 595 1 
0 -32.2772 30.9028 22.4919 0 1 0 595 1 
0 -44.3937 30.9028 30.0849 0 1 0 595 1 
0 13.6116 30.9028 34.592 0 1 0 595 1 
0 -31.63 30.9028 35.2583 0 1 0 595 1 
0 -34.2394 30.9028 28.3431 0 1 0 595 1 
0 2.95099 30.9028 13.2555 0 1 0 595 1 
0 19.7944 30.9028 28.3802 0 1 0 595 1 
0 -25.6973 30.9028 28.4702 0 1 0 595 1 
0 -15.4763 30.9028 36.8753 0 1 0 595 1 
0 -26.6251 30.9028 27.1784 0 1 0 595 1 
0 6.23258 30.9028 29.463 0 1 0 595 1 
0 1.82117 30.9028 24.6117 0 1 0 595 1 
0 13.3374 30.9028 15.1733 0 1 0 595 1 
0 34.2976 30.9028 12.5095 0 1 0 595 1 
0 10.095 30.9028 32.3908 0 1 0 595 1 
0 24.324 30.9028 20.2879 0 1 0 595 1 
0 16.1646 30.9028 0.338356 0 1 0 595 1 
0 -25.0788 30.9028 32.2441 0 1 0 595 1 
0 41.4659 30.9028 24.6072 0 1 0 595 1 
0 39.4727 30.9028 36.2095 0 1 0 595 1 
0 -32.9634 30.9028 33.9668 0 1 0 595 1 
0 -27.6148 30.9028 5.55028 0 1 0 595 1 
0 -7.12121 30.9028 19.3943 0 1 0 595 1 
0 -4.46346 30.9028 22.3951 0 1 0 595 1 
0 19.4713 30.9028 12.955 0 1 0 595 1 
0 11.1583 30.9028 11.4689 0 1 0 595 1 
0 22.1306 30.9028 35.3931 0 1 0 595 1 
0 4.44666 30.9028 29.697 0 1 0 595 1 
0 6.57002 30.9028 19.8817 0 1 0 595 1 
0 -0.523087 30.9028 31.3578 0 1 0 595 1 
0 11.7784 30.9028 6.8346 0 1 0 595 1 
0 -38.1439 30.9028 35.114 0 1 0 595 1 
0 38.427 30.9028 29.2654 0 1 0 595 1 
0 -23.1829 30.9028 11.8182 0 1 0 595 1 
0 0.153302 30.9028 0.691983 0 1 0 595 1 
0 -25.8715 30.9028 3.51375 0 1 0 595 1 
0 -2.84778 30.9028 31.4735 0 1 0 595 1 
0 14.0565 30.9028 31.0899 0 1 0 595 1 
0 8.89944 30.9028 36.3117 0 1 0 595 1 
0 15.951 30.9028 20.9724 0 1 0 595 1 
0 -18.9991 30.9028 3.02387 0 1 0 595 1 
0 31.692 30.9028 36.6171 0 1 0 595 1 
0 32.3019 30.9028 29.5369 0 1 0 595 1 
0 9.29211 30.9028 10.8737 0 1 0 595 1 
0 -40.3894 30.9028 29.9066 0 1 0 595 1 
0 -8.19937 30.9028 7.71701 0 1 0 595 1 
0 24.7804 30.9028 12.4582 0 1 0 595 1 
0 20.721 30.9028 11.8753 0 1 0 595 1 
0 -44.1845 30.9028 22.0571 0 1 0 595 1 
0 0.724511 30.9028 26.4873 0 1 0 595 1 
0 40.6286 -26.1619 39.1368 0 0 1 2437 1 
0 -6.13062 -26.7534 39.1368 0 0 1 2437 1 
0 -16.0437 -29.4069 39.1368 0 0 1 2437 1 
0 -38.537 -27.4832 39.1368 0 0 1 2437 1 
0 15.7033 -30.3385 39.1368 0 0 1 2437 1 
0 24.3958 -28.5115 39.1368 0 0 1 2437 1 
0 -25.0302 -28.8735 39.1368 0 0 1 2437 1 
0 11.4959 -27.9906 39.1368 0 0 1 2437 1 
0 -0.643727 -26.9232 39.1368 0 0 1 2437 1 
0 22.2447 -28.2948 39.1368 0 0 1 2437 1 
0 -6.46135 -29.3439 39.1368 0 0 1 2437 1 
0 40.0868 -27.5895 39.1368 0 0 1 2437 1 
0 -37.9946 -29.4183 39.1368 0 0 1 2437 1 
0 20.688 -27.6411 39.1368 0 0 1 2437 1 
0 11.0232 -26.1925 39.1368 0 0 1 2437 1 
0 -23.8743 -26.0504 39.1368 0 0 1 2437 1 
0 -1.30814 -26.3693 39.1368 0 0 1 2437 1 
0 -23.7643 -27.0703 39.1368 0 0 1 2437 1 
0 42.8817 -27.114 39.1368 0 0 1 2437 1 
0 -4.69455 -28.4887 39.1368 0 0 1 2437 1 
0 31.7812 -26.4288 39.1368 0 0 1 2437 1 
0 5.68023 -25.5968 39.1368 0 0 1 2437 1 
0 -39.0692 -29.5324 39.1368 0 0 1 2437 1 
0 18.9388 -28.1935 39.1368 0 0 1 2437 1 
0 -38.2389 -30.8162 39.1368 0 0 1 2437 1 
0 16.0103 -27.867 39.1368 0 0 1 2437 1 
0 -33.2183 -27.3262 39.1368 0 0 1 2437 1 
0 33.7223 -29.2877 39.1368 0 0 1 2437 1 
0 41.9787 -25.8823 39.1368 0 0 1 2437 1 
0 -31.5264 -27.6251 39.1368 0 0 1 2437 1 
0 -18.3841 -26.0845 39.1368 0 0 1 2437 1 
0 -37.6315 -28.0722 39.1368 0 0 1 2437 1 
0 -44.4918 -30.6536 39.1368 0 0 1 2437 1 
0 31.2872 -26.6585 39.1368 0 0 1 2437 1 
0 -4.65497 -29.0912 39.1368 0 0 1 2437 1 
0 -17.6532 -27.2289 39.1368 0 0 1 2437 1 
0 -6.31632 -28.2364 39.1368 0 0 1 2437 1 
0 -28.9422 -28.9488 39.1368 0 0 1 2437 1 
0 8.50339 -27.5437 39.1368 0 0 1 2437 1 
0 26.4264 -30.1758 39.1368 0 0 1 2437 1 
0 22.2362 -25.772 39.1368 0 0 1 2437 1 
0 -41.2612 -26.6495 39.1368 0 0 1 2437 1 
0 -10.139 -28.4383 39.1368 0 0 1 2437 1 
0 -28.5116 -25.5249 39.1368 0 0 1 2437 1 
0 -7.03596 -29.8811 39.1368 0 0 1 2437 1 
0 3.16922 -29.5568 39.1368 0 0 1 2437 1 
0 -39.2619 -26.1752 39.1368 0 0 1 2437 1 
0 -35.3515 -25.5293 39.1368 0 0 1 2437 1 
0 -25.4637 -26.1312 39.1368 0 0 1 2437 1 
0 -27.8265 -30.7673 39.1368 0 0 1 2437 1 
0 38.4562 -26.5274 39.1368 0 0 1 2437 1 
0 16.8189 -27.4791 39.1368 0 0 1 2437 1 
0 15.3389 -26.8617 39.1368 0 0 1 2437 1 
0 19.4509 -29.1534 39.1368 0 0 1 2437 1 
0 -33.9441 -28.9459 39.1368 0 0 1 2437 1 
0 20.9997 -28.0017 39.1368 0 0 1 2437 1 
0 -26.1548 -26.5578 39.1368 0 0 1 2437 1 
0 9.6668 -27.3042 39.1368 0 0 1 2437 1 
0 39.7147 -30.2427 39.1368 0 0 1 2437 1 
0 38.8289 -30.5049 39.1368 0 0 1 2437 1 
0 5.80444 -28.0666 39.1368 0 0 1 2437 1 
0 7.37732 -30.7305 39.1368 0 0 1 2437 1 
0 15.8761 -27.3967 39.1368 0 0 1 2437 1 
0 17.2186 -28.9087 39.1368 0 0 1 2437 1 
0 -6.5895 -30.1105 39.1368 0 0 1 2437 1 
0 9.64429 -27.3871 39.1368 0 0 1 2437 1 
0 -10.1856 -30.0234 39.1368 0 0 1 2437 1 
0 -29.7901 -25.8955 39.1368 0 0 1 2437 1 
0 -21.5078 -29.1277 39.1368 0 0 1 2437 1 
0 -45.1482 -28.0974 39.1368 0 0 1 2437 1 
0 -43.5117 -25.7433 39.1368 0 0 1 2437 1 
0 -22.3686 -27.672 39.1368 0 0 1 2437 1 
0 -28.8417 -26.6213 39.1368 0 0 1 2437 1 
0 -14.4042 -30.4785 39.1368 0 0 1 2437 1 
0 -0.283504 10.0787 6.65839 0 0 1 6368 1 
0 4.87087 -6.41957 6.65839 0 0 1 6368 1 
0 -2.35414 10.4472 6.65839 0 0 1 6368 1 
0 -13.4398 1.83769 6.65839 0 0 1 6368 1 
0 -16.833 -5.52877 6.65839 0 0 1 6368 1 
0 -26.824 1.51516 6.65839 0 0 1 6368 1 
0 9.92703 -6.42271 6.65839 0 0 1 6368 1 
0 -2.49935 6.99228 6.65839 0 0 1 6368 1 
0 -17.099 -9.85253 6.65839 0 0 1 6368 1 
0 -6.80281 3.01502 6.65839 0 0 1 6368 1 
0 5.99318 -10.4259 6.65839 0 0 1 6368 1 
0 -7.40574 -5.47786 6.65839 0 0 1 6368 1 
0 -33.5104 9.63888 6.65839 0 0 1 6368 1 
0 -36.4522 9.73956 6.65839 0 0 1 6368 1 
0 27.5311 1.54245 6.65839 0 0 1 6368 1 
0 -13.1464 3.414 6.65839 0 0 1 6368 1 
0 20.6308 4.98875 6.65839 0 0 1 6368 1 
0 40.0812 -4.22905 6.65839 0 0 1 6368 1 
0 28.1529 5.79926 6.65839 0 0 1 6368 1 
0 2.82946 4.07842 6.65839 0 0 1 6368 1 
0 -39.4059 0.747098 6.65839 0 0 1 6368 1 
0 17.4711 -4.68374 6.65839 0 0 1 6368 1 
0 -37.7361 9.81383 6.65839 0 0 1 6368 1 
0 -7.60305 5.76553 6.65839 0 0 1 6368 1 
0 -5.87835 -6.68039 6.65839 0 0 1 6368 1 
0 38.3239 -1.17232 6.65839 0 0 1 6368 1 
0 39.695 -4.68888 6.65839 0 0 1 6368 1 
0 -40.3423 -1.03616 6.65839 0 0 1 6368 1 
0 -2.95287 -6.41207 6.65839 0 0 1 6368 1 
0 43.8666 -7.12138 6.65839 0 0 1 6368 1 
0 -42.3971 -4.7791 6.65839 0 0 1 6368 1 
0 37.5315 -7.72208 6.65839 0 0 1 6368 1 
0 -10.5379 1.74093 6.65839 0 0 1 6368 1 
0 43.7789 7.15146 6.65839 0 0 1 6368 1 
0 13.8415 -9.20982 6.65839 0 0 1 6368 1 
0 -2.35994 6.85063 6.65839 0 0 1 6368 1 
0 -32.5719 -10.1054 6.65839 0 0 1 6368 1 
0 26.016 9.88583 6.65839 0 0 1 6368 1 
0 -7.25668 -9.70984 6.65839 0 0 1 6368 1 
0 1.41377 3.64588 6.65839 0 0 1 6368 1 
0 -25.4531 0.0618478 6.65839 0 0 1 6368 1 
0 42.9193 -11.7595 6.65839 0 0 1 6368 1 
0 -7.49358 2.76014 6.65839 0 0 1 6368 1 
0 -33.8396 8.34666 6.65839 0 0 1 6368 1 
0 -28.716 3.93686 6.65839 0 0 1 6368 1 
0 -38.607 -9.43333 6.65839 0 0 1 6368 1 
0 34.3063 -9.53436 6.65839 0 0 1 6368 1 
0 42.1889 -1.67486 6.65839 0 0 1 6368 1 
0 42.5734 10.097 6.65839 0 0 1 6368 1 
0 28.7252 12.6682 6.65839 0 0 1 6368 1 
0 13.0189 6.9691 6.65839 0 0 1 6368 1 
0 -5.38042 0.484888 6.65839 0 0 1 6368 1 
0 9.18961 0.208121 6.65839 0 0 1 6368 1 
0 22.805 5.00487 6.65839 0 0 1 6368 1 
0 14.6994 -2.31827 6.65839 0 0 1 6368 1 
0 -31.3218 -1.93506 6.65839 0 0 1 6368 1 
0 -25.2823 -7.50502 6.65839 0 0 1 6368 1 
0 11.0682 6.75736 6.65839 0 0 1 6368 1 
0 -17.1033 -9.54133 6.65839 0 0 1 6368 1 
0 -9.69799 2.89412 6.65839 0 0 1 6368 1 
0 24.0896 11.4621 6.65839 0 0 1 6368 1 
0 14.789 -2.69075 6.65839 0 0 1 6368 1 
0 -34.2716 -9.52704 6.65839 0 0 1 6368 1 
0 26.2259 8.29793 6.65839 0 0 1 6368 1 
0 0.476618 7.11485 6.65839 0 0 1 6368 1 
0 -9.44965 -1.30063 6.65839 0 0 1 6368 1 
0 29.0409 -10.019 6.65839 0 0 1 6368 1 
0 -0.703243 2.24051 6.65839 0 0 1 6368 1 
0 -36.6211 -3.92552 6.65839 0 0 1 6368 1 
0 -11.178 -6.79284 6.65839 0 0 1 6368 1 
0 -37.4284 -5.83204 6.65839 0 0 1 6368 1 
0 40.4671 -8.54262 6.65839 0 0 1 6368 1 
0 -18.5435 -5.57619 6.65839 0 0 1 6368 1 
0 21.8999 11.5007 6.65839 0 0 1 6368 1 
0 45.3865 -13.3514 9.25744 1 0 0 6477 1 
0 45.3865 28.7715 3.37417 1 0 0 6477 1 
0 45.3865 26.6965 20.257 1 0 0 6477 1 
0 45.3865 28.1461 14.1476 1 0 0 6477 1 
0 45.3865 -29.6452 18.8696 1 0 0 6477 1 
0 45.3865 29.8843 29.7654 1 0 0 6477 1 
0 45.3865 -30.6974 26.716 1 0 0 6477 1 
0 45.3865 19.3342 17.4529 1 0 0 6477 1 
0 45.3865 22.0029 8.8975 1 0 0 6477 1 
0 45.3865 18.1592 18.0504 1 0 0 6477 1 
0 45.3865 3.57227 2.88447 1 0 0 6477 1 
0 45.3865 -29.6264 26.2161 1 0 0 6477 1 
0 45.3865 -27.7863 2.21774 1 0 0 6477 1 
0 45.3865 -29.4775 10.6378 1 0 0 6477 1 
0 45.3865 -0.404504 2.61181 1 0 0 6477 1 
0 45.3865 -28.4988 29.2019 1 0 0 6477 1 
0 45.3865 23.9227 13.2995 1 0 0 6477 1 
0 45.3865 -19.9348 5.22259 1 0 0 6477 1 
0 45.3865 -25.0572 15.1446 1 0 0 6477 1 
0 45.3865 23.2319 1.25224 1 0 0 6477 1 
0 45.3865 27.79 18.9618 1 0 0 6477 1 
0 45.3865 28.3157 9.34378 1 0 0 6477 1 
0 45.3865 -14.1032 13.0401 1 0 0 6477 1 
0 45.3865 -28.528 1.78861 1 0 0 6477 1 
0 45.3865 -20.5572 6.65578 1 0 0 6477 1 
0 45.3865 16.3076 9.40094 1 0 0 6477 1 
0 45.3865 -28.9252 33.4099 1 0 0 6477 1 
0 45.3865 -6.25555 2.67827 1 0 0 6477 1 
0 45.3865 -27.6015 9.00917 1 0 0 6477 1 
0 45.3865 28.3097 10.9956 1 0 0 6477 1 
0 45.3865 10.7945 6.15633 1 0 0 6477 1 
0 45.3865 26.506 0.895201 1 0 0 6477 1 
0 45.3865 -22.0838 3.70673 1 0 0 6477 1 
0 45.3865 14.5298 9.1281 1 0 0 6477 1 
0 45.3865 16.7886 13.6365 1 0 0 6477 1 
0 45.3865 4.73193 0.441757 1 0 0 6477 1 
0 45.3865 17.5504 3.26804 1 0 0 6477 1 
0 45.3865 26.3294 0.167472 1 0 0 6477 1 
0 45.3865 17.6345 12.0389 1 0 0 6477 1 
0 45.3865 -17.7766 13.214 1 0 0 6477 1 
0 45.3865 -26.5318 11.0682 1 0 0 6477 1 
0 45.3865 28.0122 1.94712 1 0 0 6477 1 
0 45.3865 23.4177 19.2248 1 0 0 6477 1 
0 45.3865 21.087 6.97221 1 0 0 6477 1 
0 45.3865 -16.8064 17.5164 1 0 0 6477 1 
0 45.3865 17.138 0.614432 1 0 0 6477 1 
0 45.3865 17.0295 10.0273 1 0 0 6477 1 
0 45.3865 -22.0896 4.86401 1 0 0 6477 1 
0 45.3865 -24.5183 6.61867 1 0 0 6477 1 
0 45.3865 14.7403 3.01381 1 0 0 6477 1 
0 45.3865 -28.9569 10.8128 1 0 0 6477 1 
0 45.3865 20.5621 17.8113 1 0 0 6477 1 
0 45.3865 -18.908 0.962941 1 0 0 6477 1 
0 45.3865 -30.2451 21.702 1 0 0 6477 1 
0 45.3865 -22.4531 3.92505 1 0 0 6477 1 
0 45.3865 -30.5382 0.512482 1 0 0 6477 1 
0 45.3865 -25.8657 7.86648 1 0 0 6477 1 
0 45.3865 28.7971 14.3911 1 0 0 6477 1 
0 45.3865 8.79583 1.41758 1 0 0 6477 1 
0 45.3865 -18.2654 17.7346 1 0 0 6477 1 
0 45.3865 20.452 2.13285 1 0 0 6477 1 
0 45.3865 -22.2874 8.59694 1 0 0 6477 1 
0 45.3865 -26.7988 11.9579 1 0 0 6477 1 
0 45.3865 23.4073 16.615 1 0 0 6477 1 
0 45.3865 -7.9332 5.3666 1 0 0 6477 1 
0 45.3865 -10.7003 7.15545 1 0 0 6477 1 
0 45.3865 -23.916 0.141877 1 0 0 6477 1 
0 45.3865 25.5552 10.6112 1 0 0 6477 1 
0 45.3865 -1.24073 2.67417 1 0 0 6477 1 
0 45.3865 -29.7821 23.4941 1 0 0 6477 1 
0 45.3865 15.4995 7.68842 1 0 0 6477 1 
0 45.3865 28.656 8.53235 1 0 0 6477 1 
0 45.3865 24.1 19.0299 1 0 0 6477 1 
0 45.3865 -27.272 14.1128 1 0 0 6477 1 
