0 31.5359 39.2576 63.1019 -1 0 0 67540 1 
0 31.5359 -32.6801 58.1618 -1 0 0 67540 1 
0 31.5359 -7.58707 58.9356 -1 0 0 67540 1 
0 31.5359 58.8397 63.9859 -1 0 0 67540 1 
0 31.5359 -64.5091 63.7878 -1 0 0 67540 1 
0 31.5359 -14.3043 65.5854 -1 0 0 67540 1 
0 31.5359 22.7173 66.0525 -1 0 0 67540 1 
0 31.5359 -58.0886 62.9741 -1 0 0 67540 1 
0 31.5359 -59.673 63.8129 -1 0 0 67540 1 
0 31.5359 22.6467 62.481 -1 0 0 67540 1 
0 31.5359 7.77413 59.7726 -1 0 0 67540 1 
0 31.5359 -24.2394 60.8773 -1 0 0 67540 1 
0 31.5359 13.8999 61.6146 -1 0 0 67540 1 
0 31.5359 44.2925 68.4728 -1 0 0 67540 1 
0 31.5359 48.2908 67.0416 -1 0 0 67540 1 
0 31.5359 59.7663 65.0586 -1 0 0 67540 1 
0 31.5359 -57.2858 69.1288 -1 0 0 67540 1 
0 31.5359 11.1004 68.7353 -1 0 0 67540 1 
0 31.5359 36.1993 69.3333 -1 0 0 67540 1 
0 31.5359 -26.4049 64.7901 -1 0 0 67540 1 
0 31.5359 -63.23 61.5839 -1 0 0 67540 1 
0 31.5359 -40.1651 62.2706 -1 0 0 67540 1 
0 31.5359 -57.1281 67.2244 -1 0 0 67540 1 
0 31.5359 46.6338 61.6164 -1 0 0 67540 1 
0 31.5359 15.4844 64.5971 -1 0 0 67540 1 
0 31.5359 -5.90977 61.9495 -1 0 0 67540 1 
0 31.5359 -48.9912 64.6075 -1 0 0 67540 1 
0 31.5359 -55.9143 65.7327 -1 0 0 67540 1 
0 31.5359 18.4138 61.4337 -1 0 0 67540 1 
0 31.5359 -56.6304 62.3833 -1 0 0 67540 1 
0 31.5359 60.1508 67.9742 -1 0 0 67540 1 
0 -11.1441 -65.8098 40.7483 0 -1 0 67682 1 
0 -13.7046 -65.8098 22.6382 0 -1 0 67682 1 
0 52.1074 -65.8098 24.7631 0 -1 0 67682 1 
0 -80.4349 -65.8098 81.3695 0 -1 0 67682 1 
0 -78.502 -65.8098 25.9543 0 -1 0 67682 1 
0 85.16 -65.8098 78.399 0 -1 0 67682 1 
0 70.0941 -65.8098 43.2283 0 -1 0 67682 1 
0 90.0747 -65.8098 32.9478 0 -1 0 67682 1 
0 37.1345 -65.8098 34.2939 0 -1 0 67682 1 
0 -69.4653 -65.8098 53.2469 0 -1 0 67682 1 
0 79.0955 -65.8098 34.5929 0 -1 0 67682 1 
0 -39.913 -65.8098 69.2321 0 -1 0 67682 1 
0 51.0913 -65.8098 46.6529 0 -1 0 67682 1 
0 56.9019 -65.8098 70.6122 0 -1 0 67682 1 
0 -66.9956 -65.8098 22.4687 0 -1 0 67682 1 
0 1.30067 -65.8098 57.1386 0 -1 0 67682 1 
0 -77.5926 -65.8098 44.819 0 -1 0 67682 1 
0 73.2671 -65.8098 23.09 0 -1 0 67682 1 
0 90.1968 -65.8098 3.35117 0 -1 0 67682 1 
0 -76.9445 -65.8098 38.5419 0 -1 0 67682 1 
0 62.6347 -65.8098 51.6687 0 -1 0 67682 1 
0 45.729 -65.8098 75.0985 0 -1 0 67682 1 
0 -49.262 -65.8098 88.0825 0 -1 0 67682 1 
0 -75.0534 -65.8098 5.45956 0 -1 0 67682 1 
0 -11.3523 -65.8098 54.9195 0 -1 0 67682 1 
0 -53.1415 -65.8098 44.6779 0 -1 0 67682 1 
0 -76.0815 -65.8098 91.4952 0 -1 0 67682 1 
0 -67.2855 -65.8098 89.6399 0 -1 0 67682 1 
0 -21.2005 -65.8098 58.0039 0 -1 0 67682 1 
0 -84.3752 -65.8098 78.9901 0 -1 0 67682 1 
0 13.7058 -65.8098 9.09157 0 -1 0 67682 1 
0 40.632 58.6885 69.5866 0 0 1 67676 1 
0 32.4135 2.56767 69.5866 0 0 1 67676 1 
0 38.4871 24.3466 69.5866 0 0 1 67676 1 
0 32.1642 5.18893 69.5866 0 0 1 67676 1 
0 42.6077 -20.2098 69.5866 0 0 1 67676 1 
0 42.0621 18.3717 69.5866 0 0 1 67676 1 
0 36.9471 -28.5769 69.5866 0 0 1 67676 1 
0 37.5456 -48.7533 69.5866 0 0 1 67676 1 
0 40.5601 60.2904 69.5866 0 0 1 67676 1 
0 41.6631 -50.1485 69.5866 0 0 1 67676 1 
0 35.2391 -52.2109 69.5866 0 0 1 67676 1 
0 41.1664 47.3284 69.5866 0 0 1 67676 1 
0 40.1656 9.95527 69.5866 0 0 1 67676 1 
0 39.553 23.3536 69.5866 0 0 1 67676 1 
0 39.6134 26.1541 69.5866 0 0 1 67676 1 
0 34.4019 58.7845 69.5866 0 0 1 67676 1 
0 38.0004 -5.62631 69.5866 0 0 1 67676 1 
0 38.5229 0.536887 69.5866 0 0 1 67676 1 
0 33.3309 -46.8839 69.5866 0 0 1 67676 1 
0 37.6192 -63.1609 69.5866 0 0 1 67676 1 
0 40.4102 10.6325 69.5866 0 0 1 67676 1 
0 38.8571 34.3358 69.5866 0 0 1 67676 1 
0 42.4631 -64.9101 69.5866 0 0 1 67676 1 
0 31.7808 44.8998 69.5866 0 0 1 67676 1 
0 39.2549 -65.506 69.5866 0 0 1 67676 1 
0 39.6666 -41.7176 69.5866 0 0 1 67676 1 
0 40.8833 37.384 69.5866 0 0 1 67676 1 
0 35.7282 -24.9828 69.5866 0 0 1 67676 1 
0 42.203 -30.9678 69.5866 0 0 1 67676 1 
0 36.1608 4.97996 69.5866 0 0 1 67676 1 
0 39.0644 -16.51 69.5866 0 0 1 67676 1 
0 42.718 -22.204 74.584 -1 0 0 20632 1 
0 42.718 36.6597 71.8014 -1 0 0 20632 1 
0 42.718 -17.1743 72.1924 -1 0 0 20632 1 
0 42.718 -50.7755 86.7411 -1 0 0 20632 1 
0 42.718 60.0032 88.0766 -1 0 0 20632 1 
0 42.718 63.9265 93.4066 -1 0 0 20632 1 
0 42.718 21.8158 72.2581 -1 0 0 20632 1 
0 42.718 44.8294 80.0165 -1 0 0 20632 1 
0 42.718 17.1636 72.5819 -1 0 0 20632 1 
0 42.718 50.7605 70.5687 -1 0 0 20632 1 
0 42.718 62.5056 77.7461 -1 0 0 20632 1 
0 42.718 -3.1094 72.7851 -1 0 0 20632 1 
0 42.718 65.0076 89.0936 -1 0 0 20632 1 
0 42.718 -0.775341 73.7697 -1 0 0 20632 1 
0 42.718 58.5697 91.1106 -1 0 0 20632 1 
0 42.718 33.9525 73.3333 -1 0 0 20632 1 
0 42.718 57.8337 89.0196 -1 0 0 20632 1 
0 42.718 61.0369 76.6442 -1 0 0 20632 1 
0 42.718 -47.7604 70.1242 -1 0 0 20632 1 
0 42.718 -56.2669 84.1305 -1 0 0 20632 1 
0 42.718 52.0851 93.1104 -1 0 0 20632 1 
0 42.718 -19.9272 72.8235 -1 0 0 20632 1 
0 42.718 -6.43753 71.4963 -1 0 0 20632 1 
0 42.718 -52.471 78.4202 -1 0 0 20632 1 
0 42.718 49.9229 70.748 -1 0 0 20632 1 
0 42.718 1.12754 74.7995 -1 0 0 20632 1 
0 42.718 -56.297 71.7052 -1 0 0 20632 1 
0 42.718 28.9467 71.3155 -1 0 0 20632 1 
0 42.718 -38.6645 72.6656 -1 0 0 20632 1 
0 42.718 -57.9139 72.862 -1 0 0 20632 1 
0 42.718 49.1198 83.7585 -1 0 0 20632 1 
0 90.769 29.3555 34.7037 1 0 0 11426 1 
0 90.769 29.5708 56.8083 1 0 0 11426 1 
0 90.769 57.2384 18.9641 1 0 0 11426 1 
0 90.769 -35.8456 56.2045 1 0 0 11426 1 
0 90.769 -47.9518 24.7076 1 0 0 11426 1 
0 90.769 -12.1824 28.4858 1 0 0 11426 1 
0 90.769 -60.6048 31.2556 1 0 0 11426 1 
0 90.769 61.3911 81.618 1 0 0 11426 1 
0 90.769 38.2961 63.9454 1 0 0 11426 1 
0 90.769 11.9548 53.8493 1 0 0 11426 1 
0 90.769 -42.9148 19.8823 1 0 0 11426 1 
0 90.769 -3.73274 13.395 1 0 0 11426 1 
0 90.769 -24.0802 23.4204 1 0 0 11426 1 
0 90.769 49.3937 77.9152 1 0 0 11426 1 
0 90.769 -19.5635 1.49208 1 0 0 11426 1 
0 90.769 -9.65319 41.604 1 0 0 11426 1 
0 90.769 -36.977 2.98622 1 0 0 11426 1 
0 90.769 59.6186 62.7416 1 0 0 11426 1 
0 90.769 46.0482 1.14644 1 0 0 11426 1 
0 90.769 2.64061 63.7033 1 0 0 11426 1 
0 90.769 -44.5974 54.3869 1 0 0 11426 1 
0 90.769 -46.3455 31.2529 1 0 0 11426 1 
0 90.769 -52.6352 29.4028 1 0 0 11426 1 
0 90.769 -37.9358 59.8336 1 0 0 11426 1 
0 90.769 39.2232 10.761 1 0 0 11426 1 
0 90.769 -32.0344 10.4832 1 0 0 11426 1 
0 90.769 61.8313 15.4204 1 0 0 11426 1 
0 90.769 -2.55215 39.689 1 0 0 11426 1 
0 90.769 -61.5892 54.1443 1 0 0 11426 1 
0 90.769 50.3427 37.1 1 0 0 11426 1 
0 90.769 30.9056 43.4686 1 0 0 11426 1 
0 62.0769 5.26278 0 0 0 -1 34999 1 
0 35.9205 -56.7491 0 0 0 -1 34999 1 
0 -0.567968 -60.2178 0 0 0 -1 34999 1 
0 53.0147 -28.5471 0 0 0 -1 34999 1 
0 -13.8474 -59.3959 0 0 0 -1 34999 1 
0 87.107 -13.8605 0 0 0 -1 34999 1 
0 81.7555 6.43625 0 0 0 -1 34999 1 
0 -80.9592 -58.4937 0 0 0 -1 34999 1 
0 88.541 64.1007 0 0 0 -1 34999 1 
0 -25.4756 17.6602 0 0 0 -1 34999 1 
0 86.0962 -43.0642 0 0 0 -1 34999 1 
0 -11.9272 -13.3923 0 0 0 -1 34999 1 
0 -68.4291 -24.0133 0 0 0 -1 34999 1 
0 39.0995 5.16401 0 0 0 -1 34999 1 
0 -85.7977 -12.0621 0 0 0 -1 34999 1 
0 -79.3221 25.0662 0 0 0 -1 34999 1 
0 -31.2727 -47.8677 0 0 0 -1 34999 1 
0 72.5328 -39.2081 0 0 0 -1 34999 1 
0 18.6503 46.7582 0 0 0 -1 34999 1 
0 -15.1139 -61.6192 0 0 0 -1 34999 1 
0 -16.2171 -19.069 0 0 0 -1 34999 1 
0 50.8008 -1.9583 0 0 0 -1 34999 1 
0 -37.674 61.6103 0 0 0 -1 34999 1 
0 66.7531 -65.1577 0 0 0 -1 34999 1 
0 -80.5065 3.05133 0 0 0 -1 34999 1 
0 78.3396 20.7439 0 0 0 -1 34999 1 
0 60.4179 -65.5762 0 0 0 -1 34999 1 
0 -74.6305 -50.8952 0 0 0 -1 34999 1 
0 42.0005 -54.6302 0 0 0 -1 34999 1 
0 81.2311 52.6238 0 0 0 -1 34999 1 
0 -30.0661 48.6212 0 0 0 -1 34999 1 
0 -30.395 -14.5911 69.5866 0 0 1 67672 1 
0 -36.4599 21.4199 69.5866 0 0 1 67672 1 
0 -25.096 -29.3111 69.5866 0 0 1 67672 1 
0 -22.8711 -59.917 69.5866 0 0 1 67672 1 
0 -26.1224 -62.8725 69.5866 0 0 1 67672 1 
0 -17.9824 -33.1708 69.5866 0 0 1 67672 1 
0 -20.6273 -7.39089 69.5866 0 0 1 67672 1 
0 -33.38 53.6595 69.5866 0 0 1 67672 1 
0 -39.2911 -47.2439 69.5866 0 0 1 67672 1 
0 -15.2154 -32.5158 69.5866 0 0 1 67672 1 
0 -14.8265 -55.1155 69.5866 0 0 1 67672 1 
0 -9.464 49.7357 69.5866 0 0 1 67672 1 
0 -8.56351 28.3365 69.5866 0 0 1 67672 1 
0 -9.17903 3.14938 69.5866 0 0 1 67672 1 
0 -7.80202 -16.5223 69.5866 0 0 1 67672 1 
0 -34.7932 40.322 69.5866 0 0 1 67672 1 
0 -11.4361 20.4898 69.5866 0 0 1 67672 1 
0 -12.3104 -35.0715 69.5866 0 0 1 67672 1 
0 -37.8764 -44.5487 69.5866 0 0 1 67672 1 
0 -12.0525 -62.8213 69.5866 0 0 1 67672 1 
0 -3.40984 -48.3998 69.5866 0 0 1 67672 1 
0 -9.1533 55.8458 69.5866 0 0 1 67672 1 
0 -31.5688 11.3659 69.5866 0 0 1 67672 1 
0 -29.0213 -27.3277 69.5866 0 0 1 67672 1 
0 -11.2393 34.9828 69.5866 0 0 1 67672 1 
0 -20.5967 28.5861 69.5866 0 0 1 67672 1 
0 -11.8771 -7.07639 69.5866 0 0 1 67672 1 
0 -36.4156 55.4313 69.5866 0 0 1 67672 1 
0 -13.5897 12.4065 69.5866 0 0 1 67672 1 
0 -6.50927 -27.609 69.5866 0 0 1 67672 1 
0 -8.58245 -64.2828 69.5866 0 0 1 67672 1 
0 69.2334 -43.1374 80.5904 0 1 0 20794 1 
0 69.8174 -43.1374 82.8328 0 1 0 20794 1 
0 77.4568 -43.1374 81.8247 0 1 0 20794 1 
0 73.3046 -43.1374 90.3238 0 1 0 20794 1 
0 50.1043 -43.1374 87.0055 0 1 0 20794 1 
0 88.7179 -43.1374 84.7638 0 1 0 20794 1 
0 71.9318 -43.1374 93.6784 0 1 0 20794 1 
0 48.0288 -43.1374 77.3687 0 1 0 20794 1 
0 73.4198 -43.1374 94.5481 0 1 0 20794 1 
0 68.5989 -43.1374 81.4579 0 1 0 20794 1 
0 56.6901 -43.1374 95.4793 0 1 0 20794 1 
0 53.6285 -43.1374 78.9069 0 1 0 20794 1 
0 84.5168 -43.1374 78.509 0 1 0 20794 1 
0 69.4805 -43.1374 77.0248 0 1 0 20794 1 
0 81.3818 -43.1374 77.2561 0 1 0 20794 1 
0 43.4473 -43.1374 93.3243 0 1 0 20794 1 
0 83.3223 -43.1374 81.1839 0 1 0 20794 1 
0 47.4298 -43.1374 85.2313 0 1 0 20794 1 
0 50.4569 -43.1374 82.8309 0 1 0 20794 1 
0 79.9826 -43.1374 86.21 0 1 0 20794 1 
0 81.2976 -43.1374 93.8548 0 1 0 20794 1 
0 84.4068 -43.1374 90.1337 0 1 0 20794 1 
0 71.1145 -43.1374 92.498 0 1 0 20794 1 
0 43.5155 -43.1374 84.267 0 1 0 20794 1 
0 68.1441 -43.1374 83.1472 0 1 0 20794 1 
0 61.241 -43.1374 87.6457 0 1 0 20794 1 
0 62.7506 -43.1374 85.5366 0 1 0 20794 1 
0 45.9584 -43.1374 87.8575 0 1 0 20794 1 
0 48.2642 -43.1374 94.6705 0 1 0 20794 1 
0 79.4789 -43.1374 84.3243 0 1 0 20794 1 
0 85.8202 -43.1374 83.9397 0 1 0 20794 1 
0 65.4556 -40.3232 76.9848 0 0 1 20766 1 
0 53.3382 -33.6549 76.9848 0 0 1 20766 1 
0 81.2664 -17.7533 76.9848 0 0 1 20766 1 
0 74.8377 -38.8452 76.9848 0 0 1 20766 1 
0 44.7328 -12.3809 76.9848 0 0 1 20766 1 
0 59.9518 -19.064 76.9848 0 0 1 20766 1 
0 78.637 -24.4461 76.9848 0 0 1 20766 1 
0 85.5518 -16.8218 76.9848 0 0 1 20766 1 
0 70.7805 -18.7387 76.9848 0 0 1 20766 1 
0 72.4833 -21.1911 76.9848 0 0 1 20766 1 
0 55.7887 -40.2137 76.9848 0 0 1 20766 1 
0 43.7359 -41.3708 76.9848 0 0 1 20766 1 
0 73.0987 -29.9856 76.9848 0 0 1 20766 1 
0 72.8512 -26.7699 76.9848 0 0 1 20766 1 
0 43.6579 -34.7538 76.9848 0 0 1 20766 1 
0 44.7792 -25.167 76.9848 0 0 1 20766 1 
0 44.8566 40.031 76.9848 0 0 1 20766 1 
0 68.4363 -38.2891 76.9848 0 0 1 20766 1 
0 78.0597 -38.5265 76.9848 0 0 1 20766 1 
0 48.444 -20.5645 76.9848 0 0 1 20766 1 
0 79.439 -36.5298 76.9848 0 0 1 20766 1 
0 81.6323 -30.498 76.9848 0 0 1 20766 1 
0 47.8884 -14.7762 76.9848 0 0 1 20766 1 
0 76.9143 -19.4468 76.9848 0 0 1 20766 1 
0 58.5156 -40.0601 76.9848 0 0 1 20766 1 
0 43.2579 -26.2222 76.9848 0 0 1 20766 1 
0 58.7685 -21.173 76.9848 0 0 1 20766 1 
0 70.8902 -41.4901 76.9848 0 0 1 20766 1 
0 79.4535 -13.4925 76.9848 0 0 1 20766 1 
0 58.9393 -36.3453 76.9848 0 0 1 20766 1 
0 65.0656 -25.5578 76.9848 0 0 1 20766 1 
0 43.2358 64.1531 96.6516 0 0 1 20772 1 
0 85.8341 54.161 96.6516 0 0 1 20772 1 
0 69.2883 44.6278 96.6516 0 0 1 20772 1 
0 54.7505 57.219 96.6516 0 0 1 20772 1 
0 83.8793 65.3951 96.6516 0 0 1 20772 1 
0 55.0008 64.352 96.6516 0 0 1 20772 1 
0 80.8341 44.3189 96.6516 0 0 1 20772 1 
0 65.8212 61.225 96.6516 0 0 1 20772 1 
0 61.3137 44.7733 96.6516 0 0 1 20772 1 
0 67.4395 64.9418 96.6516 0 0 1 20772 1 
0 82.6137 61.787 96.6516 0 0 1 20772 1 
0 53.8055 53.9503 96.6516 0 0 1 20772 1 
0 80.9126 52.8526 96.6516 0 0 1 20772 1 
0 78.5321 58.272 96.6516 0 0 1 20772 1 
0 83.934 62.141 96.6516 0 0 1 20772 1 
0 49.184 58.1934 96.6516 0 0 1 20772 1 
0 47.8146 44.2431 96.6516 0 0 1 20772 1 
0 79.9108 46.0178 96.6516 0 0 1 20772 1 
0 62.8999 49.954 96.6516 0 0 1 20772 1 
0 70.4969 52.2969 96.6516 0 0 1 20772 1 
0 67.7819 64.3496 96.6516 0 0 1 20772 1 
0 75.9401 57.1404 96.6516 0 0 1 20772 1 
0 55.9764 56.2198 96.6516 0 0 1 20772 1 
0 67.0712 58.5027 96.6516 0 0 1 20772 1 
0 71.5658 55.7999 96.6516 0 0 1 20772 1 
0 67.2424 50.9258 96.6516 0 0 1 20772 1 
0 61.3904 46.9016 96.6516 0 0 1 20772 1 
0 79.791 49.1522 96.6516 0 0 1 20772 1 
0 59.9543 51.25 96.6516 0 0 1 20772 1 
0 89.8019 57.6426 96.6516 0 0 1 20772 1 
0 44.0952 61.831 96.6516 0 0 1 20772 1 
0 61.3085 -12.8844 69.6913 0 1 0 13159 1 
0 53.5529 -12.8844 71.0974 0 1 0 13159 1 
0 53.8925 -12.8844 73.8851 0 1 0 13159 1 
0 90.4497 -12.8844 74.4084 0 1 0 13159 1 
0 90.2302 -12.8844 75.8888 0 1 0 13159 1 
0 61.3108 -12.8844 74.7122 0 1 0 13159 1 
0 56.2798 -12.8844 76.1878 0 1 0 13159 1 
0 81.8055 -12.8844 74.2611 0 1 0 13159 1 
0 84.698 -12.8844 68.7456 0 1 0 13159 1 
0 90.0793 -12.8844 70.7933 0 1 0 13159 1 
0 78.2527 -12.8844 71.5633 0 1 0 13159 1 
0 58.9531 -12.8844 70.9997 0 1 0 13159 1 
0 88.5519 -12.8844 70.4398 0 1 0 13159 1 
0 81.7556 -12.8844 69.4327 0 1 0 13159 1 
0 59.0697 -12.8844 72.6534 0 1 0 13159 1 
0 89.4893 -12.8844 68.7459 0 1 0 13159 1 
0 77.8958 -12.8844 70.8629 0 1 0 13159 1 
0 81.742 -12.8844 68.4576 0 1 0 13159 1 
0 50.1863 -12.8844 70.2147 0 1 0 13159 1 
0 79.8594 -12.8844 66.8064 0 1 0 13159 1 
0 68.0128 -12.8844 72.3778 0 1 0 13159 1 
0 67.4007 -12.8844 68.2308 0 1 0 13159 1 
0 62.1342 -12.8844 71.1225 0 1 0 13159 1 
0 84.994 -12.8844 71.9666 0 1 0 13159 1 
0 50.9532 -12.8844 72.2524 0 1 0 13159 1 
0 71.1281 -12.8844 71.9583 0 1 0 13159 1 
0 75.1784 -12.8844 67.7484 0 1 0 13159 1 
0 73.0061 -12.8844 67.7778 0 1 0 13159 1 
0 70.4145 -12.8844 72.2446 0 1 0 13159 1 
0 69.1458 -12.8844 73.7594 0 1 0 13159 1 
0 83.18 -12.8844 68.6594 0 1 0 13159 1 
0 79.0373 14.7135 66.0726 0 0 1 13169 1 
0 62.0146 -1.21447 66.0726 0 0 1 13169 1 
0 55.5647 8.60447 66.0726 0 0 1 13169 1 
0 49.4459 39.2807 66.0726 0 0 1 13169 1 
0 75.2638 9.23049 66.0726 0 0 1 13169 1 
0 49.7514 4.44172 66.0726 0 0 1 13169 1 
0 57.0142 -7.61645 66.0726 0 0 1 13169 1 
0 71.9434 10.7115 66.0726 0 0 1 13169 1 
0 75.064 10.1147 66.0726 0 0 1 13169 1 
0 63.5181 26.3255 66.0726 0 0 1 13169 1 
0 86.0316 10.0014 66.0726 0 0 1 13169 1 
0 59.77 32.836 66.0726 0 0 1 13169 1 
0 75.8741 -0.502606 66.0726 0 0 1 13169 1 
0 45.7949 -2.20389 66.0726 0 0 1 13169 1 
0 68.7259 24.9884 66.0726 0 0 1 13169 1 
0 81.9448 36.9777 66.0726 0 0 1 13169 1 
0 48.3942 4.41452 66.0726 0 0 1 13169 1 
0 55.4282 -3.97962 66.0726 0 0 1 13169 1 
0 47.8692 32.7437 66.0726 0 0 1 13169 1 
0 59.2511 12.2455 66.0726 0 0 1 13169 1 
0 83.4807 37.9189 66.0726 0 0 1 13169 1 
0 65.8083 8.90929 66.0726 0 0 1 13169 1 
0 63.3659 -2.62517 66.0726 0 0 1 13169 1 
0 70.3255 31.5636 66.0726 0 0 1 13169 1 
0 61.9424 34.7272 66.0726 0 0 1 13169 1 
0 90.6524 7.32239 66.0726 0 0 1 13169 1 
0 67.4981 23.5191 66.0726 0 0 1 13169 1 
0 60.0445 0.897998 66.0726 0 0 1 13169 1 
0 66.0039 9.81258 66.0726 0 0 1 13169 1 
0 53.7375 31.6757 66.0726 0 0 1 13169 1 
0 69.4697 9.6308 66.0726 0 0 1 13169 1 
0 0.225694 -18.0184 23.8111 -0.0241778 0.999708 0 67686 2 
0 3.25846 -17.434 36.0962 -0.349067 0.937098 0 67686 2 
0 9.30103 -7.89342 27.5203 -0.996385 -0.0849497 0 67686 2 
0 5.35841 -16.3301 32.6379 -0.574027 0.818836 0 67686 2 
0 6.61935 -15.2684 16.0722 -0.709107 0.705101 0 67686 2 
0 7.56643 -3.2195 21.5466 -0.810564 -0.58565 0 67686 2 
0 8.91804 -5.92841 29.0096 -0.955357 -0.295454 0 67686 2 
0 8.31704 -4.44791 53.3542 -0.890974 -0.454055 0 67686 2 
0 7.09919 -14.7477 48.5171 -0.76051 0.649326 0 67686 2 
0 8.49856 -12.5481 41.9482 -0.91042 0.413685 0 67686 2 
0 3.83662 -17.1963 27.0885 -0.411004 0.911634 0 67686 2 
0 8.35082 -4.51487 23.5186 -0.894593 -0.446881 0 67686 2 
0 6.07532 -15.7736 40.5486 -0.650827 0.759226 0 67686 2 
0 9.24567 -9.97305 5.75639 -0.990455 0.137833 0 67686 2 
0 6.55811 -15.3294 21.7862 -0.702547 0.711638 0 67686 2 
0 1.33042 -17.9259 4.0552 -0.142523 0.989792 0 67686 2 
0 6.32536 -15.5514 53.6487 -0.677613 0.735419 0 67686 2 
0 4.1491 -17.0484 53.5296 -0.444478 0.89579 0 67686 2 
0 7.88557 -13.682 41.5732 -0.844752 0.535158 0 67686 2 
0 8.74872 -11.9418 44.6572 -0.937218 0.348743 0 67686 2 
0 9.25681 -7.48252 14.0016 -0.991649 -0.128968 0 67686 2 
0 7.87333 -13.7012 52.1109 -0.843441 0.537222 0 67686 2 
0 6.01845 -15.822 22.2386 -0.644735 0.764406 0 67686 2 
0 2.68643 -17.6263 36.87 -0.287788 0.957694 0 67686 2 
0 8.71573 -5.34365 46.793 -0.933684 -0.358098 0 67686 2 
0 7.78789 -13.8329 52.4233 -0.834288 0.551329 0 67686 2 
0 8.43484 -4.68748 23.1119 -0.903594 -0.42839 0 67686 2 
0 8.81867 -11.7473 38.3631 -0.944712 0.327903 0 67686 2 
0 0.284204 -18.0168 17.208 -0.0304457 0.999536 0 67686 2 
0 3.0268 -17.5168 12.5556 -0.32425 0.945971 0 67686 2 
0 1.53771 -17.8937 35.0165 -0.164729 0.986339 0 67686 2 
0 -9.33379 -8.82163 15.7693 0.999895 0.0144865 0 67664 2 
0 -9.05088 -10.971 27.9269 0.969588 0.244745 0 67664 2 
0 -2.90928 -17.5562 28.1525 0.31166 0.950194 0 67664 2 
0 -6.23438 -15.6341 20.6116 0.667866 0.744281 0 67664 2 
0 -8.42866 -4.67446 39.8456 0.902931 -0.429785 0 67664 2 
0 -4.57175 -16.825 44.671 0.489755 0.87186 0 67664 2 
0 -7.87813 -13.6937 4.12578 0.843956 0.536413 0 67664 2 
0 -9.08938 -10.8127 64.0367 0.973713 0.22778 0 67664 2 
0 -5.24238 -16.4101 33.0455 0.561597 0.827411 0 67664 2 
0 -8.54708 -4.93335 51.0817 0.915617 -0.402051 0 67664 2 
0 -5.26154 -16.3971 9.54674 0.56365 0.826014 0 67664 2 
0 -5.17993 -16.4521 52.5376 0.554907 0.831912 0 67664 2 
0 -9.20756 -10.2223 53.3138 0.986372 0.16453 0 67664 2 
0 -4.85699 -16.6581 65.7202 0.520312 0.853976 0 67664 2 
0 -6.2159 -15.6506 35.5901 0.665887 0.746052 0 67664 2 
0 -4.76796 -16.7116 22.2401 0.510774 0.859715 0 67664 2 
0 -9.32936 -8.36866 13.6071 0.99942 -0.0340392 0 67664 2 
0 -3.11579 -17.4858 37.3008 0.333784 0.94265 0 67664 2 
0 -5.93499 -15.8915 12.8952 0.635794 0.771858 0 67664 2 
0 -4.41612 -16.9105 59.4275 0.473083 0.881018 0 67664 2 
0 -6.78185 -15.1008 20.5185 0.726515 0.687151 0 67664 2 
0 -8.74211 -11.9595 16.105 0.936511 0.350639 0 67664 2 
0 -5.2044 -16.4357 26.037 0.557529 0.830158 0 67664 2 
0 -8.32162 -12.9159 42.347 0.891465 0.453089 0 67664 2 
0 -3.74691 -17.2362 31.5983 0.401393 0.915906 0 67664 2 
0 -9.11007 -6.65061 52.225 0.975929 -0.218088 0 67664 2 
0 -8.66002 -5.20187 33.9698 0.927716 -0.373286 0 67664 2 
0 -7.91151 -3.73203 49.1432 0.847532 -0.530745 0 67664 2 
0 -9.03252 -11.0426 5.6835 0.967621 0.252406 0 67664 2 
0 -8.07315 -13.3728 16.3196 0.864847 0.502036 0 67664 2 
0 -3.33992 -17.4032 11.3849 0.357794 0.933801 0 67664 2 
0 -1.15137 5.5779 64.6409 1 0 0 67554 1 
0 -1.15137 63.1788 61.6698 1 0 0 67554 1 
0 -1.15137 51.5386 64.0046 1 0 0 67554 1 
0 -1.15137 5.37764 60.8119 1 0 0 67554 1 
0 -1.15137 10.8896 62.2784 1 0 0 67554 1 
0 -1.15137 59.4572 64.5719 1 0 0 67554 1 
0 -1.15137 65.2927 64.5645 1 0 0 67554 1 
0 -1.15137 55.2843 64.7126 1 0 0 67554 1 
0 -1.15137 65.1033 67.1531 1 0 0 67554 1 
0 -1.15137 25.5715 68.6264 1 0 0 67554 1 
0 -1.15137 20.6245 60.2916 1 0 0 67554 1 
0 -1.15137 63.5703 58.9481 1 0 0 67554 1 
0 -1.15137 58.5612 60.5545 1 0 0 67554 1 
0 -1.15137 14.7936 63.8466 1 0 0 67554 1 
0 -1.15137 4.57336 58.6164 1 0 0 67554 1 
0 -1.15137 16.4726 63.6746 1 0 0 67554 1 
0 -1.15137 11.1542 66.8954 1 0 0 67554 1 
0 -1.15137 20.4229 58.8173 1 0 0 67554 1 
0 -1.15137 20.1374 68.8656 1 0 0 67554 1 
0 -1.15137 49.0313 60.3774 1 0 0 67554 1 
0 -1.15137 56.3506 62.4141 1 0 0 67554 1 
0 -1.15137 25.0643 61.1131 1 0 0 67554 1 
0 -1.15137 7.06123 68.5911 1 0 0 67554 1 
0 -1.15137 8.5699 69.5809 1 0 0 67554 1 
0 -1.15137 52.5412 67.6276 1 0 0 67554 1 
0 -1.15137 3.91169 66.253 1 0 0 67554 1 
0 -1.15137 54.8248 61.2101 1 0 0 67554 1 
0 -1.15137 57.9388 64.362 1 0 0 67554 1 
0 -1.15137 7.20466 59.0574 1 0 0 67554 1 
0 -1.15137 57.9463 67.136 1 0 0 67554 1 
0 -1.15137 44.5091 62.0675 1 0 0 67554 1 
0 44.6733 40.8467 73.3888 0.995605 -0.0936542 0 12958 3 
0 44.6815 40.9167 76.8766 0.990379 -0.138384 0 12958 3 
0 45.0513 41.7282 75.1017 0.754196 -0.656649 0 12958 3 
0 44.842 41.4205 67.4154 0.887854 -0.460126 0 12958 3 
0 45.1072 41.7891 66.8285 0.718471 -0.695557 0 12958 3 
0 45.1418 41.8237 66.5039 0.696383 -0.71767 0 12958 3 
0 45.525 42.097 75.7506 0.451635 -0.892203 0 12958 3 
0 45.8592 42.2207 73.9887 0.238218 -0.971212 0 12958 3 
0 44.7922 41.3149 69.4093 0.919675 -0.392681 0 12958 3 
0 44.6715 40.826 71.3095 0.996759 -0.0804496 0 12958 3 
0 46.1838 42.265 67.422 0.0308914 -0.999523 0 12958 3 
0 44.7698 41.2594 73.2087 0.933994 -0.357288 0 12958 3 
0 44.8257 41.3881 66.8797 0.898258 -0.439469 0 12958 3 
0 45.2368 41.9086 71.8114 0.635724 -0.771916 0 12958 3 
0 44.9359 41.5783 70.6075 0.827873 -0.560915 0 12958 3 
0 44.8536 41.4424 73.7382 0.880452 -0.474135 0 12958 3 
0 45.6875 42.168 74.8093 0.347867 -0.937544 0 12958 3 
0 45.6118 42.1376 68.9528 0.396205 -0.918162 0 12958 3 
0 45.8512 42.2187 72.7691 0.24329 -0.969954 0 12958 3 
0 45.8941 42.2288 74.5602 0.215926 -0.97641 0 12958 3 
0 44.7051 41.0457 73.3927 0.975326 -0.220768 0 12958 3 
0 45.8661 42.2223 73.5947 0.233816 -0.972281 0 12958 3 
0 45.2322 41.9048 69.2931 0.63868 -0.769473 0 12958 3 
0 46.1428 42.2632 70.9219 0.0570636 -0.998371 0 12958 3 
0 45.3725 42.0087 70.4935 0.549031 -0.835802 0 12958 3 
0 45.8671 42.2226 74.8488 0.233117 -0.972449 0 12958 3 
0 45.4888 42.0781 76.2985 0.474746 -0.880123 0 12958 3 
0 45.976 42.2447 68.9658 0.163594 -0.986528 0 12958 3 
0 44.7 41.0225 66.8528 0.978559 -0.205969 0 12958 3 
0 45.5511 42.1099 76.1354 0.434985 -0.900438 0 12958 3 
0 44.7607 41.2351 68.6256 0.939784 -0.34177 0 12958 3 
0 44.922 -12.1759 72.5906 0.836801 0.547507 0 13131 3 
0 45.8688 -12.8416 71.8246 0.232045 0.972705 0 13131 3 
0 45.2687 -12.5528 66.1365 0.615361 0.788245 0 13131 3 
0 44.6673 -11.3695 67.3825 0.999473 0.0324485 0 13131 3 
0 45.0029 -12.2885 72.9419 0.785079 0.619396 0 13131 3 
0 44.9453 -12.2105 74.3893 0.821899 0.569634 0 13131 3 
0 45.1558 -12.4557 68.7785 0.687437 0.726244 0 13131 3 
0 45.8231 -12.83 76.5376 0.261219 0.96528 0 13131 3 
0 44.69 -11.5896 69.3398 0.984918 0.173021 0 13131 3 
0 44.9496 -12.2167 76.2295 0.819158 0.573567 0 13131 3 
0 44.7335 -11.772 76.9842 0.957174 0.289513 0 13131 3 
0 44.8042 -11.9608 68.6432 0.912035 0.410112 0 13131 3 
0 46.1524 -12.8823 70.3795 0.0509365 0.998702 0 13131 3 
0 46.1112 -12.8797 67.0957 0.0772237 0.997014 0 13131 3 
0 45.4952 -12.7001 70.921 0.47067 0.882309 0 13131 3 
0 46.187 -12.8837 71.9587 0.0288549 0.999584 0 13131 3 
0 45.411 -12.6518 70.4689 0.524461 0.851434 0 13131 3 
0 45.272 -12.5554 75.9629 0.613224 0.789909 0 13131 3 
0 44.7094 -11.6829 73.871 0.972566 0.232627 0 13131 3 
0 45.9777 -12.8636 72.8985 0.16253 0.986704 0 13131 3 
0 44.8732 -12.0963 66.6761 0.867957 0.49664 0 13131 3 
0 45.096 -12.396 69.8057 0.725618 0.688097 0 13131 3 
0 44.768 -11.8733 67.9995 0.935146 0.354263 0 13131 3 
0 45.0174 -12.3065 76.0807 0.775863 0.630901 0 13131 3 
0 45.2243 -12.5169 75.266 0.643683 0.765292 0 13131 3 
0 45.9358 -12.8561 71.581 0.189239 0.981931 0 13131 3 
0 46.1797 -12.8835 67.366 0.0334787 0.999439 0 13131 3 
0 44.909 -12.1557 68.4913 0.845101 0.534607 0 13131 3 
0 44.6705 -11.4318 70.1459 0.997385 0.0722758 0 13131 3 
0 44.7423 -11.8002 70.7402 0.951528 0.307562 0 13131 3 
0 45.6322 -12.7649 76.2987 0.383182 0.923673 0 13131 3 
0 1.14094 1.30254 57.3432 0 0 -1 34994 1 
0 0.382014 0.701686 57.3432 0 0 -1 34994 1 
0 -1.42882 0.668393 57.3432 0 0 -1 34994 1 
0 4.98816 1.3751 57.3432 0 0 -1 34994 1 
0 -1.88674 4.79616 57.3432 0 0 -1 34994 1 
0 5.51891 1.58152 57.3432 0 0 -1 34994 1 
0 -2.10466 4.90466 57.3432 0 0 -1 34994 1 
0 1.11591 3.073 57.3432 0 0 -1 34994 1 
0 -0.559179 4.94143 57.3432 0 0 -1 34994 1 
0 3.98238 2.65858 57.3432 0 0 -1 34994 1 
0 -0.389035 3.60719 57.3432 0 0 -1 34994 1 
0 3.6678 1.56198 57.3432 0 0 -1 34994 1 
0 0.863764 2.82877 57.3432 0 0 -1 34994 1 
0 3.71651 1.25218 57.3432 0 0 -1 34994 1 
0 -0.424779 0.515223 57.3432 0 0 -1 34994 1 
0 0.480792 5.97806 57.3432 0 0 -1 34994 1 
0 3.95659 1.90212 57.3432 0 0 -1 34994 1 
0 1.64109 5.40144 57.3432 0 0 -1 34994 1 
0 -3.04717 3.08725 57.3432 0 0 -1 34994 1 
0 1.12666 4.87454 57.3432 0 0 -1 34994 1 
0 -1.31804 5.61449 57.3432 0 0 -1 34994 1 
0 -1.31882 5.87478 57.3432 0 0 -1 34994 1 
0 3.25927 1.91915 57.3432 0 0 -1 34994 1 
0 -0.781812 4.89005 57.3432 0 0 -1 34994 1 
0 -3.07273 2.19389 57.3432 0 0 -1 34994 1 
0 -1.33812 2.25354 57.3432 0 0 -1 34994 1 
0 1.99909 1.73271 57.3432 0 0 -1 34994 1 
0 0.58704 1.35196 57.3432 0 0 -1 34994 1 
0 -3.10297 1.46031 57.3432 0 0 -1 34994 1 
0 0.464889 3.15986 57.3432 0 0 -1 34994 1 
0 -0.456444 3.61266 57.3432 0 0 -1 34994 1 
0 -75.7236 21.478 76.9848 0 0 1 20762 1 
0 -47.0113 -40.4895 76.9848 0 0 1 20762 1 
0 -82.3259 7.52818 76.9848 0 0 1 20762 1 
0 -77.4957 34.7023 76.9848 0 0 1 20762 1 
0 -58.3789 20.3454 76.9848 0 0 1 20762 1 
0 -57.1606 37.5158 76.9848 0 0 1 20762 1 
0 -54.125 35.181 76.9848 0 0 1 20762 1 
0 -89.2397 36.5933 76.9848 0 0 1 20762 1 
0 -54.8299 23.4163 76.9848 0 0 1 20762 1 
0 -71.0466 14.6091 76.9848 0 0 1 20762 1 
0 -62.3343 42.6681 76.9848 0 0 1 20762 1 
0 -62.1001 -40.9079 76.9848 0 0 1 20762 1 
0 -45.8701 -28.1071 76.9848 0 0 1 20762 1 
0 -53.3732 -31.583 76.9848 0 0 1 20762 1 
0 -45.7153 -5.46238 76.9848 0 0 1 20762 1 
0 -54.9753 -24.5427 76.9848 0 0 1 20762 1 
0 -82.5322 -41.0951 76.9848 0 0 1 20762 1 
0 -61.8603 25.4626 76.9848 0 0 1 20762 1 
0 -44.9363 5.54164 76.9848 0 0 1 20762 1 
0 -69.1885 -18.9162 76.9848 0 0 1 20762 1 
0 -51.5449 1.74952 76.9848 0 0 1 20762 1 
0 -67.2163 -13.2593 76.9848 0 0 1 20762 1 
0 -87.2156 21.3334 76.9848 0 0 1 20762 1 
0 -60.8795 16.1417 76.9848 0 0 1 20762 1 
0 -55.0309 -30.2105 76.9848 0 0 1 20762 1 
0 -51.1644 -19.1255 76.9848 0 0 1 20762 1 
0 -85.245 4.08343 76.9848 0 0 1 20762 1 
0 -74.1077 33.3272 76.9848 0 0 1 20762 1 
0 -65.7595 -5.92578 76.9848 0 0 1 20762 1 
0 -87.9556 2.51 76.9848 0 0 1 20762 1 
0 -77.5108 16.9582 76.9848 0 0 1 20762 1 
0 -45.4098 -43.1374 78.7059 0 1 0 20798 1 
0 -87.8151 -43.1374 86.0751 0 1 0 20798 1 
0 -75.7592 -43.1374 85.5722 0 1 0 20798 1 
0 -88.4897 -43.1374 93.1509 0 1 0 20798 1 
0 -59.5464 -43.1374 87.8456 0 1 0 20798 1 
0 -46.3301 -43.1374 85.1804 0 1 0 20798 1 
0 -48.4329 -43.1374 77.2896 0 1 0 20798 1 
0 -69.8574 -43.1374 78.6112 0 1 0 20798 1 
0 -70.8864 -43.1374 82.747 0 1 0 20798 1 
0 -83.4744 -43.1374 96.087 0 1 0 20798 1 
0 -61.1278 -43.1374 88.4853 0 1 0 20798 1 
0 -89.9725 -43.1374 95.7626 0 1 0 20798 1 
0 -80.9721 -43.1374 78.7057 0 1 0 20798 1 
0 -80.6599 -43.1374 86.6985 0 1 0 20798 1 
0 -66.6311 -43.1374 93.4586 0 1 0 20798 1 
0 -67.3979 -43.1374 94.5496 0 1 0 20798 1 
0 -87.6883 -43.1374 87.5983 0 1 0 20798 1 
0 -70.4048 -43.1374 84.8298 0 1 0 20798 1 
0 -67.6062 -43.1374 88.0203 0 1 0 20798 1 
0 -85.352 -43.1374 89.5614 0 1 0 20798 1 
0 -45.3516 -43.1374 78.6086 0 1 0 20798 1 
0 -76.2487 -43.1374 85.2648 0 1 0 20798 1 
0 -59.9214 -43.1374 93.4224 0 1 0 20798 1 
0 -46.6129 -43.1374 87.994 0 1 0 20798 1 
0 -71.4649 -43.1374 86.016 0 1 0 20798 1 
0 -69.54 -43.1374 90.6666 0 1 0 20798 1 
0 -70.2409 -43.1374 81.9758 0 1 0 20798 1 
0 -63.4704 -43.1374 77.369 0 1 0 20798 1 
0 -83.2219 -43.1374 86.2042 0 1 0 20798 1 
0 -66.6658 -43.1374 83.6399 0 1 0 20798 1 
0 -62.4844 -43.1374 81.1325 0 1 0 20798 1 
0 -50.6352 43.1374 87.2072 0 -1 0 20778 1 
0 -60.4555 43.1374 89.9108 0 -1 0 20778 1 
0 -57.1449 43.1374 86.5683 0 -1 0 20778 1 
0 -49.9378 43.1374 95.8291 0 -1 0 20778 1 
0 -60.3344 43.1374 77.8412 0 -1 0 20778 1 
0 -73.1458 43.1374 79.7449 0 -1 0 20778 1 
0 -67.5449 43.1374 79.1729 0 -1 0 20778 1 
0 -71.1259 43.1374 83.3366 0 -1 0 20778 1 
0 -67.0427 43.1374 95.4462 0 -1 0 20778 1 
0 -46.2286 43.1374 84.2695 0 -1 0 20778 1 
0 -50.6058 43.1374 81.4693 0 -1 0 20778 1 
0 -53.5608 43.1374 86.7278 0 -1 0 20778 1 
0 -69.6882 43.1374 80.2816 0 -1 0 20778 1 
0 -50.159 43.1374 94.2925 0 -1 0 20778 1 
0 -64.4097 43.1374 82.3959 0 -1 0 20778 1 
0 -47.8435 43.1374 90.7512 0 -1 0 20778 1 
0 -60.5764 43.1374 96.536 0 -1 0 20778 1 
0 -71.2915 43.1374 84.0474 0 -1 0 20778 1 
0 -43.0661 43.1374 81.8879 0 -1 0 20778 1 
0 -85.3053 43.1374 84.9647 0 -1 0 20778 1 
0 -83.5864 43.1374 83.2245 0 -1 0 20778 1 
0 -61.0832 43.1374 92.0979 0 -1 0 20778 1 
0 -62.014 43.1374 80.4398 0 -1 0 20778 1 
0 -75.7728 43.1374 93.4134 0 -1 0 20778 1 
0 -55.1992 43.1374 79.8442 0 -1 0 20778 1 
0 -61.6508 43.1374 90.4211 0 -1 0 20778 1 
0 -79.2811 43.1374 80.5917 0 -1 0 20778 1 
0 -84.6709 43.1374 78.5628 0 -1 0 20778 1 
0 -48.9252 43.1374 88.2402 0 -1 0 20778 1 
0 -50.1597 43.1374 83.2375 0 -1 0 20778 1 
0 -75.3534 43.1374 87.0336 0 -1 0 20778 1 
0 -83.2799 60.7846 96.6516 0 0 1 20768 1 
0 -53.6777 49.4376 96.6516 0 0 1 20768 1 
0 -62.9373 58.8865 96.6516 0 0 1 20768 1 
0 -87.0197 57.8392 96.6516 0 0 1 20768 1 
0 -78.1037 60.6819 96.6516 0 0 1 20768 1 
0 -90.5119 54.0897 96.6516 0 0 1 20768 1 
0 -74.5106 56.788 96.6516 0 0 1 20768 1 
0 -54.5992 61.0974 96.6516 0 0 1 20768 1 
0 -69.4659 59.9974 96.6516 0 0 1 20768 1 
0 -86.3124 57.049 96.6516 0 0 1 20768 1 
0 -55.2317 61.4134 96.6516 0 0 1 20768 1 
0 -52.2916 50.5078 96.6516 0 0 1 20768 1 
0 -67.0646 59.2882 96.6516 0 0 1 20768 1 
0 -81.5181 55.1218 96.6516 0 0 1 20768 1 
0 -67.1568 65.137 96.6516 0 0 1 20768 1 
0 -66.7882 48.325 96.6516 0 0 1 20768 1 
0 -57.4929 55.6073 96.6516 0 0 1 20768 1 
0 -43.2158 52.6351 96.6516 0 0 1 20768 1 
0 -76.6976 46.8939 96.6516 0 0 1 20768 1 
0 -55.7577 52.2408 96.6516 0 0 1 20768 1 
0 -85.2556 63.4838 96.6516 0 0 1 20768 1 
0 -56.2431 58.717 96.6516 0 0 1 20768 1 
0 -87.359 46.4893 96.6516 0 0 1 20768 1 
0 -60.4391 57.4402 96.6516 0 0 1 20768 1 
0 -90.7593 63.296 96.6516 0 0 1 20768 1 
0 -65.1417 43.8253 96.6516 0 0 1 20768 1 
0 -75.4266 59.1153 96.6516 0 0 1 20768 1 
0 -44.386 46.1397 96.6516 0 0 1 20768 1 
0 -78.3119 46.1895 96.6516 0 0 1 20768 1 
0 -62.7361 50.0373 96.6516 0 0 1 20768 1 
0 -66.1856 51.3819 96.6516 0 0 1 20768 1 
0 44.6664 2.06522 68.8858 1 0 0 13165 1 
0 44.6664 28.5679 75.6468 1 0 0 13165 1 
0 44.6664 -6.66666 70.0344 1 0 0 13165 1 
0 44.6664 24.3132 69.2301 1 0 0 13165 1 
0 44.6664 34.9242 67.5207 1 0 0 13165 1 
0 44.6664 11.5948 72.7626 1 0 0 13165 1 
0 44.6664 31.165 76.5232 1 0 0 13165 1 
0 44.6664 35.5336 68.2598 1 0 0 13165 1 
0 44.6664 32.2849 74.6849 1 0 0 13165 1 
0 44.6664 23.046 66.2424 1 0 0 13165 1 
0 44.6664 15.1644 73.5499 1 0 0 13165 1 
0 44.6664 17.8503 69.26 1 0 0 13165 1 
0 44.6664 -8.70637 70.4782 1 0 0 13165 1 
0 44.6664 -7.7677 73.4428 1 0 0 13165 1 
0 44.6664 7.89958 71.0019 1 0 0 13165 1 
0 44.6664 8.88711 74.0963 1 0 0 13165 1 
0 44.6664 3.42229 70.5518 1 0 0 13165 1 
0 44.6664 18.6924 66.1671 1 0 0 13165 1 
0 44.6664 3.5657 67.2121 1 0 0 13165 1 
0 44.6664 9.95658 66.4098 1 0 0 13165 1 
0 44.6664 2.19601 67.1753 1 0 0 13165 1 
0 44.6664 5.77554 69.2157 1 0 0 13165 1 
0 44.6664 26.1713 69.3411 1 0 0 13165 1 
0 44.6664 -1.48971 76.1046 1 0 0 13165 1 
0 44.6664 18.0742 75.755 1 0 0 13165 1 
0 44.6664 -1.60269 75.3849 1 0 0 13165 1 
0 44.6664 3.78548 67.6794 1 0 0 13165 1 
0 44.6664 37.6489 72.8146 1 0 0 13165 1 
0 44.6664 27.2508 74.2211 1 0 0 13165 1 
0 44.6664 32.3422 73.0784 1 0 0 13165 1 
0 44.6664 -4.4397 69.2203 1 0 0 13165 1 
0 6.14568 -1.38841 43.7704 -0.975418 0.220362 0 34986 2 
0 3.86577 4.97523 7.36973 -0.61356 -0.789648 0 34986 2 
0 6.28077 -0.499025 49.4993 -0.996858 0.0792032 0 34986 2 
0 5.27094 3.4517 19.1498 -0.836583 -0.547841 0 34986 2 
0 6.27774 0.535685 30.8309 -0.996379 -0.0850218 0 34986 2 
0 6.24977 -0.798362 45.9946 -0.991939 0.126713 0 34986 2 
0 4.82059 4.05697 30.5274 -0.765105 -0.643906 0 34986 2 
0 1.1927 -6.18664 19.979 -0.189301 0.981919 0 34986 2 
0 4.09699 4.78662 56.7999 -0.650258 -0.759713 0 34986 2 
0 4.24782 4.65329 2.25089 -0.674197 -0.738552 0 34986 2 
0 4.28206 4.62179 14.6772 -0.679632 -0.733553 0 34986 2 
0 6.30018 -0.0687654 18.8458 -0.99994 0.0109142 0 34986 2 
0 1.09135 -6.20532 49.6144 -0.173215 0.984884 0 34986 2 
0 6.27355 -0.582707 37.876 -0.995714 0.0924849 0 34986 2 
0 5.188 3.57515 55.0022 -0.823419 -0.567434 0 34986 2 
0 -6.09488 -1.59671 29.3348 0.967355 0.253424 0 34986 2 
0 5.94592 2.08401 38.57 -0.943713 -0.330766 0 34986 2 
0 3.71296 5.09028 7.3188 -0.589306 -0.80791 0 34986 2 
0 2.87391 5.60693 50.266 -0.456135 -0.88991 0 34986 2 
0 6.2655 -0.663749 22.8411 -0.994435 0.105348 0 34986 2 
0 -5.96536 2.02769 56.2687 0.946798 -0.321827 0 34986 2 
0 5.73063 -2.61857 3.0258 -0.909543 0.41561 0 34986 2 
0 5.21683 3.53296 31.7944 -0.827994 -0.560737 0 34986 2 
0 3.34162 5.3414 3.94728 -0.530369 -0.847767 0 34986 2 
0 6.2984 0.164811 30.9148 -0.999658 -0.0261581 0 34986 2 
0 4.83754 4.03674 47.5265 -0.767795 -0.640696 0 34986 2 
0 6.29466 -0.272463 38.0826 -0.999065 0.0432442 0 34986 2 
0 2.98889 5.54649 45.9377 -0.474385 -0.880317 0 34986 2 
0 4.14635 4.74393 50.0668 -0.658092 -0.752938 0 34986 2 
0 6.20406 -1.09848 49.6258 -0.984684 0.174346 0 34986 2 
0 6.18304 1.21124 2.30566 -0.981347 -0.192243 0 34986 2 
0 -3.72517 5.08135 24.5555 0.591244 -0.806493 0 34992 2 
0 -6.29672 -0.219997 39.8742 0.99939 0.034917 0 34992 2 
0 -3.85611 4.98272 8.24317 0.612026 -0.790837 0 34992 2 
0 -6.15274 1.35675 33.8441 0.976539 -0.215338 0 34992 2 
0 -6.28968 -0.370136 42.0185 0.998273 0.0587465 0 34992 2 
0 -2.51949 5.77488 2.10721 0.399884 -0.916566 0 34992 2 
0 -4.23455 4.66537 16.21 0.672091 -0.740469 0 34992 2 
0 -3.80142 5.02457 55.7099 0.603346 -0.797479 0 34992 2 
0 -2.53866 5.76647 35.8886 0.402927 -0.915232 0 34992 2 
0 -2.35943 5.8421 50.568 0.374479 -0.927235 0 34992 2 
0 -4.6614 4.23892 56.9639 0.739839 -0.672784 0 34992 2 
0 -6.18447 1.2039 3.28454 0.981575 -0.191079 0 34992 2 
0 -5.99648 1.93372 13.7126 0.951738 -0.306912 0 34992 2 
0 -0.596902 6.27222 57.2873 0.094738 -0.995502 0 34992 2 
0 -1.30998 6.16287 48.4271 0.207915 -0.978147 0 34992 2 
0 -1.86477 6.01828 44.0546 0.29597 -0.955197 0 34992 2 
0 -3.80948 5.01846 15.4921 0.604626 -0.79651 0 34992 2 
0 -3.67384 5.11859 1.43704 0.583097 -0.812402 0 34992 2 
0 -6.29717 0.206569 49.2235 0.999462 -0.0327858 0 34992 2 
0 -4.99726 3.83724 12.5275 0.793146 -0.609032 0 34992 2 
0 -6.01634 1.871 10.9428 0.954891 -0.296958 0 34992 2 
0 -4.07469 4.80561 55.7764 0.64672 -0.762728 0 34992 2 
0 -1.3393 6.15657 35.4982 0.212569 -0.977146 0 34992 2 
0 -6.20943 -1.06772 16.7877 0.985536 0.169464 0 34992 2 
0 -1.33045 6.15849 47.825 0.211164 -0.977451 0 34992 2 
0 -0.50824 6.28003 47.8142 0.0806659 -0.996741 0 34992 2 
0 -5.19821 3.56029 50.7881 0.82504 -0.565075 0 34992 2 
0 -1.2665 6.17195 10.3234 0.201015 -0.979588 0 34992 2 
0 -0.0121371 6.30055 5.56956 0 -0.999998 0 34992 2 
0 -4.78215 4.10221 24.7142 0.759004 -0.651086 0 34992 2 
0 -1.11269 6.20153 20.7505 0.176601 -0.984282 0 34992 2 
0 61.8081 42.2657 70.9446 0 -1 0 12996 1 
0 64.3602 42.2657 74.0896 0 -1 0 12996 1 
0 61.7392 42.2657 68.7951 0 -1 0 12996 1 
0 60.5911 42.2657 69.488 0 -1 0 12996 1 
0 57.9449 42.2657 76.8922 0 -1 0 12996 1 
0 80.5924 42.2657 76.2779 0 -1 0 12996 1 
0 90.5616 42.2657 73.8541 0 -1 0 12996 1 
0 76.0797 42.2657 69.8903 0 -1 0 12996 1 
0 77.4367 42.2657 68.4003 0 -1 0 12996 1 
0 82.4923 42.2657 66.7656 0 -1 0 12996 1 
0 70.2102 42.2657 76.1135 0 -1 0 12996 1 
0 68.0674 42.2657 67.1123 0 -1 0 12996 1 
0 78.792 42.2657 76.2652 0 -1 0 12996 1 
0 62.6044 42.2657 69.038 0 -1 0 12996 1 
0 85.9815 42.2657 73.9857 0 -1 0 12996 1 
0 76.2295 42.2657 69.7936 0 -1 0 12996 1 
0 47.835 42.2657 70.1351 0 -1 0 12996 1 
0 58.3449 42.2657 67.5901 0 -1 0 12996 1 
0 88.7632 42.2657 74.2652 0 -1 0 12996 1 
0 86.3061 42.2657 69.46 0 -1 0 12996 1 
0 82.9261 42.2657 66.6722 0 -1 0 12996 1 
0 77.6827 42.2657 72.6256 0 -1 0 12996 1 
0 90.4737 42.2657 69.812 0 -1 0 12996 1 
0 87.767 42.2657 71.7861 0 -1 0 12996 1 
0 74.9935 42.2657 71.672 0 -1 0 12996 1 
0 60.5173 42.2657 75.1281 0 -1 0 12996 1 
0 79.7012 42.2657 69.016 0 -1 0 12996 1 
0 90.7011 42.2657 72.6634 0 -1 0 12996 1 
0 56.9609 42.2657 76.4017 0 -1 0 12996 1 
0 71.8542 42.2657 70.453 0 -1 0 12996 1 
0 75.2363 42.2657 68.4914 0 -1 0 12996 1 
0 75.9602 43.1374 79.2485 0 -1 0 20774 1 
0 79.1024 43.1374 82.1058 0 -1 0 20774 1 
0 81.3558 43.1374 80.3077 0 -1 0 20774 1 
0 86.511 43.1374 77.9362 0 -1 0 20774 1 
0 47.1185 43.1374 95.3557 0 -1 0 20774 1 
0 66.9929 43.1374 81.4488 0 -1 0 20774 1 
0 70.0496 43.1374 77.4095 0 -1 0 20774 1 
0 86.4672 43.1374 94.0744 0 -1 0 20774 1 
0 62.9074 43.1374 78.0377 0 -1 0 20774 1 
0 60.2127 43.1374 88.8298 0 -1 0 20774 1 
0 71.9787 43.1374 81.7517 0 -1 0 20774 1 
0 88.7575 43.1374 88.4857 0 -1 0 20774 1 
0 89.9187 43.1374 87.1938 0 -1 0 20774 1 
0 57.1844 43.1374 78.7877 0 -1 0 20774 1 
0 85.8843 43.1374 78.2951 0 -1 0 20774 1 
0 57.6102 43.1374 88.8972 0 -1 0 20774 1 
0 64.1643 43.1374 77.3422 0 -1 0 20774 1 
0 50.8906 43.1374 83.6398 0 -1 0 20774 1 
0 89.4545 43.1374 80.3395 0 -1 0 20774 1 
0 64.0095 43.1374 95.1542 0 -1 0 20774 1 
0 71.7272 43.1374 96.0324 0 -1 0 20774 1 
0 65.3854 43.1374 84.4817 0 -1 0 20774 1 
0 42.9069 43.1374 94.4786 0 -1 0 20774 1 
0 56.211 43.1374 83.354 0 -1 0 20774 1 
0 89.3188 43.1374 88.9442 0 -1 0 20774 1 
0 59.0836 43.1374 86.9058 0 -1 0 20774 1 
0 52.7415 43.1374 77.5856 0 -1 0 20774 1 
0 64.839 43.1374 86.7718 0 -1 0 20774 1 
0 86.5392 43.1374 94.8051 0 -1 0 20774 1 
0 75.4238 43.1374 93.7038 0 -1 0 20774 1 
0 84.6036 43.1374 77.5583 0 -1 0 20774 1 
0 -1.15137 -41.1329 60.3208 1 0 0 67558 1 
0 -1.15137 -59.5083 66.8338 1 0 0 67558 1 
0 -1.15137 -28.6432 62.5143 1 0 0 67558 1 
0 -1.15137 -28.708 68.1885 1 0 0 67558 1 
0 -1.15137 -34.758 69.2658 1 0 0 67558 1 
0 -1.15137 -61.0134 68.8492 1 0 0 67558 1 
0 -1.15137 -55.197 62.4313 1 0 0 67558 1 
0 -1.15137 -42.2903 66.0382 1 0 0 67558 1 
0 -1.15137 -58.5296 64.9121 1 0 0 67558 1 
0 -1.15137 -24.0421 63.5654 1 0 0 67558 1 
0 -1.15137 -31.4541 66.2271 1 0 0 67558 1 
0 -1.15137 -18.1487 67.9777 1 0 0 67558 1 
0 -1.15137 -60.8436 68.9755 1 0 0 67558 1 
0 -1.15137 -58.7138 68.2409 1 0 0 67558 1 
0 -1.15137 -24.6663 67.364 1 0 0 67558 1 
0 -1.15137 -64.2231 62.8878 1 0 0 67558 1 
0 -1.15137 -28.3676 62.9067 1 0 0 67558 1 
0 -1.15137 -42.4299 68.3293 1 0 0 67558 1 
0 -1.15137 -19.1016 66.4615 1 0 0 67558 1 
0 -1.15137 -51.2007 68.6099 1 0 0 67558 1 
0 -1.15137 -47.8078 58.0381 1 0 0 67558 1 
0 -1.15137 -53.7302 67.3994 1 0 0 67558 1 
0 -1.15137 -22.7294 67.1123 1 0 0 67558 1 
0 -1.15137 -35.4492 68.8999 1 0 0 67558 1 
0 -1.15137 -23.9991 65.0349 1 0 0 67558 1 
0 -1.15137 -42.6788 59.6013 1 0 0 67558 1 
0 -1.15137 -46.0887 60.8448 1 0 0 67558 1 
0 -1.15137 -59.7737 58.449 1 0 0 67558 1 
0 -1.15137 -25.267 61.6744 1 0 0 67558 1 
0 -1.15137 -19.2142 68.4174 1 0 0 67558 1 
0 -1.15137 -43.7569 61.5036 1 0 0 67558 1 
0 -42.718 61.5359 77.641 1 0 0 20646 1 
0 -42.718 -11.8887 72.9813 1 0 0 20646 1 
0 -42.718 -35.7159 72.0708 1 0 0 20646 1 
0 -42.718 58.5611 70.776 1 0 0 20646 1 
0 -42.718 43.8543 79.7703 1 0 0 20646 1 
0 -42.718 39.4165 72.511 1 0 0 20646 1 
0 -42.718 -51.9576 88.7727 1 0 0 20646 1 
0 -42.718 -54.7063 71.0633 1 0 0 20646 1 
0 -42.718 43.7349 77.447 1 0 0 20646 1 
0 -42.718 -21.5431 74.4271 1 0 0 20646 1 
0 -42.718 -61.2424 75.9872 1 0 0 20646 1 
0 -42.718 -50.5948 82.2533 1 0 0 20646 1 
0 -42.718 25.6155 73.896 1 0 0 20646 1 
0 -42.718 46.4756 91.7049 1 0 0 20646 1 
0 -42.718 53.1383 84.8713 1 0 0 20646 1 
0 -42.718 51.9751 80.9036 1 0 0 20646 1 
0 -42.718 3.12747 74.2495 1 0 0 20646 1 
0 -42.718 -54.7171 74.5755 1 0 0 20646 1 
0 -42.718 61.1158 76.4366 1 0 0 20646 1 
0 -42.718 63.1169 78.8986 1 0 0 20646 1 
0 -42.718 64.0156 69.8492 1 0 0 20646 1 
0 -42.718 -64.0769 76.9323 1 0 0 20646 1 
0 -42.718 -32.4217 72.6088 1 0 0 20646 1 
0 -42.718 -51.5403 77.9249 1 0 0 20646 1 
0 -42.718 -12.664 74.9509 1 0 0 20646 1 
0 -42.718 -27.1266 71.9008 1 0 0 20646 1 
0 -42.718 59.5442 79.94 1 0 0 20646 1 
0 -42.718 -64.5698 93.2023 1 0 0 20646 1 
0 -42.718 -51.3761 70.7333 1 0 0 20646 1 
0 -42.718 48.4 89.984 1 0 0 20646 1 
0 -42.718 -58.037 81.5491 1 0 0 20646 1 
0 -87.6399 -51.387 96.6516 0 0 1 20792 1 
0 -60.4898 -54.747 96.6516 0 0 1 20792 1 
0 -52.021 -53.4861 96.6516 0 0 1 20792 1 
0 -61.0837 -44.0819 96.6516 0 0 1 20792 1 
0 -58.8496 -46.4381 96.6516 0 0 1 20792 1 
0 -66.4949 -49.5187 96.6516 0 0 1 20792 1 
0 -64.6821 -57.2696 96.6516 0 0 1 20792 1 
0 -68.4661 -48.1699 96.6516 0 0 1 20792 1 
0 -52.5908 -64.0702 96.6516 0 0 1 20792 1 
0 -74.1699 -63.3 96.6516 0 0 1 20792 1 
0 -80.2711 -62.0736 96.6516 0 0 1 20792 1 
0 -55.1236 -61.6678 96.6516 0 0 1 20792 1 
0 -62.787 -45.9308 96.6516 0 0 1 20792 1 
0 -85.7233 -58.135 96.6516 0 0 1 20792 1 
0 -44.9009 -51.9059 96.6516 0 0 1 20792 1 
0 -47.6139 -52.0366 96.6516 0 0 1 20792 1 
0 -59.3991 -55.2589 96.6516 0 0 1 20792 1 
0 -89.5684 -51.8404 96.6516 0 0 1 20792 1 
0 -74.3931 -63.2095 96.6516 0 0 1 20792 1 
0 -44.5617 -57.7533 96.6516 0 0 1 20792 1 
0 -59.3725 -49.4681 96.6516 0 0 1 20792 1 
0 -60.0679 -62.4333 96.6516 0 0 1 20792 1 
0 -44.4921 -63.5314 96.6516 0 0 1 20792 1 
0 -67.5114 -44.0759 96.6516 0 0 1 20792 1 
0 -79.7753 -58.4133 96.6516 0 0 1 20792 1 
0 -76.1462 -55.1975 96.6516 0 0 1 20792 1 
0 -58.2551 -58.5519 96.6516 0 0 1 20792 1 
0 -53.7955 -44.4211 96.6516 0 0 1 20792 1 
0 -48.9965 -57.6674 96.6516 0 0 1 20792 1 
0 -66.1496 -49.8801 96.6516 0 0 1 20792 1 
0 -56.4195 -64.0512 96.6516 0 0 1 20792 1 
0 -90.769 14.4118 24.4588 -1 0 0 2447 1 
0 -90.769 -27.0765 48.2172 -1 0 0 2447 1 
0 -90.769 -16.0421 12.3277 -1 0 0 2447 1 
0 -90.769 17.6282 37.7429 -1 0 0 2447 1 
0 -90.769 3.73648 39.9758 -1 0 0 2447 1 
0 -90.769 17.0631 74.4795 -1 0 0 2447 1 
0 -90.769 -37.1349 49.2633 -1 0 0 2447 1 
0 -90.769 -42.7608 49.5634 -1 0 0 2447 1 
0 -90.769 35.1437 4.22696 -1 0 0 2447 1 
0 -90.769 -10.5384 29.7101 -1 0 0 2447 1 
0 -90.769 0.304093 41.4148 -1 0 0 2447 1 
0 -90.769 28.466 34.9482 -1 0 0 2447 1 
0 -90.769 62.2399 0.420193 -1 0 0 2447 1 
0 -90.769 -49.8847 31.9302 -1 0 0 2447 1 
0 -90.769 -28.3465 55.4966 -1 0 0 2447 1 
0 -90.769 -28.1126 45.6876 -1 0 0 2447 1 
0 -90.769 50.3519 78.082 -1 0 0 2447 1 
0 -90.769 -54.0399 87.5595 -1 0 0 2447 1 
0 -90.769 37.2816 44.8647 -1 0 0 2447 1 
0 -90.769 38.8749 47.4089 -1 0 0 2447 1 
0 -90.769 -60.1594 47.4281 -1 0 0 2447 1 
0 -90.769 -41.4716 20.1724 -1 0 0 2447 1 
0 -90.769 63.7231 45.9719 -1 0 0 2447 1 
0 -90.769 -30.5122 47.1394 -1 0 0 2447 1 
0 -90.769 44.8335 68.526 -1 0 0 2447 1 
0 -90.769 5.36704 54.7058 -1 0 0 2447 1 
0 -90.769 25.4777 57.1954 -1 0 0 2447 1 
0 -90.769 41.1698 29.3136 -1 0 0 2447 1 
0 -90.769 -65.0554 68.1531 -1 0 0 2447 1 
0 -90.769 -41.7025 66.7419 -1 0 0 2447 1 
0 -90.769 9.87493 51.5807 -1 0 0 2447 1 
0 55.4885 -45.2409 96.6516 0 0 1 20788 1 
0 53.0079 -46.0063 96.6516 0 0 1 20788 1 
0 90.2519 -48.8556 96.6516 0 0 1 20788 1 
0 74.4186 -52.346 96.6516 0 0 1 20788 1 
0 48.0707 -48.0723 96.6516 0 0 1 20788 1 
0 62.0297 -50.876 96.6516 0 0 1 20788 1 
0 55.6819 -64.0584 96.6516 0 0 1 20788 1 
0 53.5907 -57.472 96.6516 0 0 1 20788 1 
0 89.8048 -59.0268 96.6516 0 0 1 20788 1 
0 84.9832 -60.7994 96.6516 0 0 1 20788 1 
0 62.4558 -47.8549 96.6516 0 0 1 20788 1 
0 57.6579 -57.112 96.6516 0 0 1 20788 1 
0 81.4177 -57.9684 96.6516 0 0 1 20788 1 
0 62.5044 -50.7025 96.6516 0 0 1 20788 1 
0 67.2864 -56.7181 96.6516 0 0 1 20788 1 
0 71.0822 -58.3826 96.6516 0 0 1 20788 1 
0 48.7853 -48.2275 96.6516 0 0 1 20788 1 
0 90.6116 -59.323 96.6516 0 0 1 20788 1 
0 73.5126 -46.991 96.6516 0 0 1 20788 1 
0 66.6955 -43.2942 96.6516 0 0 1 20788 1 
0 85.3989 -50.3214 96.6516 0 0 1 20788 1 
0 74.2827 -50.72 96.6516 0 0 1 20788 1 
0 54.8811 -50.4513 96.6516 0 0 1 20788 1 
0 61.4416 -60.4212 96.6516 0 0 1 20788 1 
0 60.8192 -59.1246 96.6516 0 0 1 20788 1 
0 86.4171 -63.5128 96.6516 0 0 1 20788 1 
0 72.1885 -52.7851 96.6516 0 0 1 20788 1 
0 88.2985 -63.4913 96.6516 0 0 1 20788 1 
0 45.6721 -47.2416 96.6516 0 0 1 20788 1 
0 85.457 -48.0087 96.6516 0 0 1 20788 1 
0 59.8534 -47.8536 96.6516 0 0 1 20788 1 
0 12.4027 -48.4226 58.0261 0 0 1 67546 1 
0 20.7363 32.5502 58.0261 0 0 1 67546 1 
0 6.06567 4.47549 58.0261 0 0 1 67546 1 
0 17.9875 34.928 58.0261 0 0 1 67546 1 
0 22.0006 0.34773 58.0261 0 0 1 67546 1 
0 21.3759 -30.0687 58.0261 0 0 1 67546 1 
0 22.4498 -40.2805 58.0261 0 0 1 67546 1 
0 14.7241 -28.5632 58.0261 0 0 1 67546 1 
0 4.53857 48.3556 58.0261 0 0 1 67546 1 
0 9.96325 -1.24084 58.0261 0 0 1 67546 1 
0 13.4499 26.8323 58.0261 0 0 1 67546 1 
0 1.31559 -19.5275 58.0261 0 0 1 67546 1 
0 16.8501 -12.6433 58.0261 0 0 1 67546 1 
0 23.9086 -13.0774 58.0261 0 0 1 67546 1 
0 14.9485 -43.1618 58.0261 0 0 1 67546 1 
0 17.4064 -19.8664 58.0261 0 0 1 67546 1 
0 18.3537 17.8428 58.0261 0 0 1 67546 1 
0 9.74805 30.4644 58.0261 0 0 1 67546 1 
0 14.7255 -35.2781 58.0261 0 0 1 67546 1 
0 18.4159 -3.51117 58.0261 0 0 1 67546 1 
0 9.68566 53.0597 58.0261 0 0 1 67546 1 
0 31.0385 10.0897 58.0261 0 0 1 67546 1 
0 5.26399 21.6441 58.0261 0 0 1 67546 1 
0 5.52444 29.1185 58.0261 0 0 1 67546 1 
0 23.5484 -27.9788 58.0261 0 0 1 67546 1 
0 23.2991 51.1747 58.0261 0 0 1 67546 1 
0 7.28079 19.9758 58.0261 0 0 1 67546 1 
0 16.6856 39.2857 58.0261 0 0 1 67546 1 
0 26.2712 6.73733 58.0261 0 0 1 67546 1 
0 28.5085 -17.5841 58.0261 0 0 1 67546 1 
0 18.9991 -65.6361 58.0261 0 0 1 67546 1 
0 0.649347 65.8098 1.26594 0 1 0 67678 1 
0 22.0538 65.8098 2.78734 0 1 0 67678 1 
0 8.44042 65.8098 6.13932 0 1 0 67678 1 
0 -23.8527 65.8098 33.5576 0 1 0 67678 1 
0 -73.857 65.8098 14.8685 0 1 0 67678 1 
0 58.9309 65.8098 40.3802 0 1 0 67678 1 
0 -49.9594 65.8098 64.0751 0 1 0 67678 1 
0 55.5181 65.8098 38.4785 0 1 0 67678 1 
0 49.9426 65.8098 90.8781 0 1 0 67678 1 
0 -71.9765 65.8098 86.6625 0 1 0 67678 1 
0 32.519 65.8098 14.7808 0 1 0 67678 1 
0 26.4347 65.8098 34.4386 0 1 0 67678 1 
0 20.6306 65.8098 30.8127 0 1 0 67678 1 
0 -14.78 65.8098 55.5076 0 1 0 67678 1 
0 -73.4491 65.8098 23.6254 0 1 0 67678 1 
0 -89.9016 65.8098 69.9937 0 1 0 67678 1 
0 -38.1927 65.8098 24.7877 0 1 0 67678 1 
0 9.36618 65.8098 9.27991 0 1 0 67678 1 
0 19.1276 65.8098 51.4157 0 1 0 67678 1 
0 54.5132 65.8098 48.7186 0 1 0 67678 1 
0 76.8565 65.8098 34.1801 0 1 0 67678 1 
0 51.5425 65.8098 21.608 0 1 0 67678 1 
0 -23.6473 65.8098 33.7298 0 1 0 67678 1 
0 -32.1231 65.8098 58.6386 0 1 0 67678 1 
0 16.3683 65.8098 53.0693 0 1 0 67678 1 
0 62.9089 65.8098 66.2736 0 1 0 67678 1 
0 81.4627 65.8098 6.14468 0 1 0 67678 1 
0 68.2105 65.8098 4.38302 0 1 0 67678 1 
0 -25.9069 65.8098 29.5867 0 1 0 67678 1 
0 2.04776 65.8098 6.78333 0 1 0 67678 1 
0 72.8013 65.8098 55.7322 0 1 0 67678 1 
