0 39.2826 24.1618 49.4267 0 -1 0 124081 1 
0 42.7511 24.1618 48.2976 0 -1 0 124081 1 
0 42.9048 24.1618 47.0433 0 -1 0 124081 1 
0 41.371 24.1618 50.4287 0 -1 0 124081 1 
0 39.6115 24.1618 46.2939 0 -1 0 124081 1 
0 31.9319 24.1618 46.6072 0 -1 0 124081 1 
0 39.1389 24.1618 48.4421 0 -1 0 124081 1 
0 42.5894 24.1618 45.9418 0 -1 0 124081 1 
0 29.6549 24.1618 47.6799 0 -1 0 124081 1 
0 41.0884 24.1618 46.2158 0 -1 0 124081 1 
0 39.3533 24.1618 50.2875 0 -1 0 124081 1 
0 42.1134 24.1618 50.7144 0 -1 0 124081 1 
0 35.4573 24.1618 50.7986 0 -1 0 124081 1 
0 30.6139 24.1618 47.5056 0 -1 0 124081 1 
0 33.628 24.1618 47.1572 0 -1 0 124081 1 
0 30.7888 24.1618 49.2072 0 -1 0 124081 1 
0 32.0128 24.1618 48.5104 0 -1 0 124081 1 
0 28.7829 24.1618 48.4601 0 -1 0 124081 1 
0 38.543 24.1618 46.6927 0 -1 0 124081 1 
0 29.8499 24.1618 46.059 0 -1 0 124081 1 
0 43.5542 24.1618 50.1558 0 -1 0 124081 1 
0 31.7672 24.1618 47.0816 0 -1 0 124081 1 
0 43.2766 24.1618 50.1904 0 -1 0 124081 1 
0 35.7013 24.1618 48.0694 0 -1 0 124081 1 
0 42.796 24.1618 46.2686 0 -1 0 124081 1 
0 29.0155 25.6383 51.5858 0 0 1 124210 1 
0 34.0085 25.1461 51.5858 0 0 1 124210 1 
0 36.9055 25.1281 51.5858 0 0 1 124210 1 
0 33.7447 25.605 51.5858 0 0 1 124210 1 
0 43.1348 26.1464 51.5858 0 0 1 124210 1 
0 40.8828 25.4454 51.5858 0 0 1 124210 1 
0 39.4157 26.726 51.5858 0 0 1 124210 1 
0 32.9738 25.5409 51.5858 0 0 1 124210 1 
0 43.3533 26.0183 51.5858 0 0 1 124210 1 
0 35.3826 25.0533 51.5858 0 0 1 124210 1 
0 28.6029 24.8726 51.5858 0 0 1 124210 1 
0 40.4577 26.1881 51.5858 0 0 1 124210 1 
0 34.5175 24.82 51.5858 0 0 1 124210 1 
0 35.9921 26.7807 51.5858 0 0 1 124210 1 
0 40.067 26.172 51.5858 0 0 1 124210 1 
0 36.7525 26.4058 51.5858 0 0 1 124210 1 
0 37.8463 26.4935 51.5858 0 0 1 124210 1 
0 39.8639 26.6752 51.5858 0 0 1 124210 1 
0 38.4407 26.5577 51.5858 0 0 1 124210 1 
0 35.1584 25.6117 51.5858 0 0 1 124210 1 
0 37.5993 25.5262 51.5858 0 0 1 124210 1 
0 30.6817 25.7741 51.5858 0 0 1 124210 1 
0 33.2018 25.6206 51.5858 0 0 1 124210 1 
0 42.8847 25.4334 51.5858 0 0 1 124210 1 
0 32.0895 25.8306 51.5858 0 0 1 124210 1 
0 28.4535 -2.10222 43.285 -1 0 0 124206 1 
0 28.4535 4.6167 42.9118 -1 0 0 124206 1 
0 28.4535 24.7753 42.7015 -1 0 0 124206 1 
0 28.4535 18.5895 43.1691 -1 0 0 124206 1 
0 28.4535 17.4811 43.0379 -1 0 0 124206 1 
0 28.4535 16.4825 41.5883 -1 0 0 124206 1 
0 28.4535 -25.8199 45.2336 -1 0 0 124206 1 
0 28.4535 17.0924 41.9954 -1 0 0 124206 1 
0 28.4535 9.99519 43.0014 -1 0 0 124206 1 
0 28.4535 21.6257 41.0908 -1 0 0 124206 1 
0 28.4535 -7.50135 42.5076 -1 0 0 124206 1 
0 28.4535 -23.1568 42.7077 -1 0 0 124206 1 
0 28.4535 -25.2643 43.818 -1 0 0 124206 1 
0 28.4535 18.4567 40.8632 -1 0 0 124206 1 
0 28.4535 -12.1708 41.5137 -1 0 0 124206 1 
0 28.4535 -2.75335 42.3222 -1 0 0 124206 1 
0 28.4535 26.2009 43.7008 -1 0 0 124206 1 
0 28.4535 -11.1801 41.8218 -1 0 0 124206 1 
0 28.4535 25.302 43.6391 -1 0 0 124206 1 
0 28.4535 10.8509 42.5928 -1 0 0 124206 1 
0 28.4535 -23.5141 43.0109 -1 0 0 124206 1 
0 28.4535 -5.75104 41.645 -1 0 0 124206 1 
0 28.4535 -5.18051 40.6221 -1 0 0 124206 1 
0 28.4535 26.4313 41.4534 -1 0 0 124206 1 
0 28.4535 1.02494 42.6003 -1 0 0 124206 1 
0 31.5102 26.7935 57.2055 0 -1 0 121009 1 
0 28.6229 26.7935 64.1273 0 -1 0 121009 1 
0 35.2206 26.7935 63.6616 0 -1 0 121009 1 
0 38.9137 26.7935 51.706 0 -1 0 121009 1 
0 36.2943 26.7935 60.2309 0 -1 0 121009 1 
0 32.209 26.7935 57.7716 0 -1 0 121009 1 
0 41.1164 26.7935 60.8485 0 -1 0 121009 1 
0 42.143 26.7935 60.794 0 -1 0 121009 1 
0 34.6915 26.7935 61.5129 0 -1 0 121009 1 
0 33.3616 26.7935 57.9343 0 -1 0 121009 1 
0 32.2503 26.7935 59.6301 0 -1 0 121009 1 
0 36.4685 26.7935 52.3383 0 -1 0 121009 1 
0 36.534 26.7935 55.8137 0 -1 0 121009 1 
0 36.2079 26.7935 60.5881 0 -1 0 121009 1 
0 31.3454 26.7935 52.1791 0 -1 0 121009 1 
0 37.9245 26.7935 61.0439 0 -1 0 121009 1 
0 36.6421 26.7935 64.1739 0 -1 0 121009 1 
0 33.2775 26.7935 52.259 0 -1 0 121009 1 
0 40.4017 26.7935 56.7407 0 -1 0 121009 1 
0 33.2163 26.7935 58.7515 0 -1 0 121009 1 
0 33.6903 26.7935 55.2276 0 -1 0 121009 1 
0 38.5222 26.7935 56.4367 0 -1 0 121009 1 
0 37.5957 26.7935 58.9515 0 -1 0 121009 1 
0 31.3813 26.7935 60.8404 0 -1 0 121009 1 
0 37.3642 26.7935 62.3992 0 -1 0 121009 1 
0 -15.3505 29.714 64.3648 0 0 1 124204 1 
0 -8.62886 39.4845 64.3648 0 0 1 124204 1 
0 -29.2889 38.7664 64.3648 0 0 1 124204 1 
0 31.4593 39.0565 64.3648 0 0 1 124204 1 
0 6.19854 32.9731 64.3648 0 0 1 124204 1 
0 -20.2219 32.9491 64.3648 0 0 1 124204 1 
0 -42.9495 36.0248 64.3648 0 0 1 124204 1 
0 -10.4229 38.757 64.3648 0 0 1 124204 1 
0 12.9458 33.1381 64.3648 0 0 1 124204 1 
0 -3.44474 32.5295 64.3648 0 0 1 124204 1 
0 9.44335 29.9273 64.3648 0 0 1 124204 1 
0 -37.2376 31.0662 64.3648 0 0 1 124204 1 
0 -20.579 32.6066 64.3648 0 0 1 124204 1 
0 27.4202 36.8216 64.3648 0 0 1 124204 1 
0 -22.6727 34.0351 64.3648 0 0 1 124204 1 
0 13.8521 36.0824 64.3648 0 0 1 124204 1 
0 19.3658 31.2404 64.3648 0 0 1 124204 1 
0 -9.5702 37.2565 64.3648 0 0 1 124204 1 
0 -6.21225 36.923 64.3648 0 0 1 124204 1 
0 -37.0302 29.4562 64.3648 0 0 1 124204 1 
0 -38.7529 39.2655 64.3648 0 0 1 124204 1 
0 -24.1071 38.2562 64.3648 0 0 1 124204 1 
0 -38.7787 33.6306 64.3648 0 0 1 124204 1 
0 -22.708 35.5915 64.3648 0 0 1 124204 1 
0 30.4024 35.4497 64.3648 0 0 1 124204 1 
0 26.8658 -29.2112 48.0796 -0.396491 0.918039 0 121162 3 
0 26.3942 -29.364 44.8786 -0.217236 0.976119 0 121162 3 
0 26.2964 -29.3838 50.0639 -0.180075 0.983653 0 121162 3 
0 27.989 -28.2888 63.7182 -0.823424 0.567426 0 121162 3 
0 26.4406 -29.3532 48.6631 -0.234864 0.972028 0 121162 3 
0 28.3036 -27.6714 63.6519 -0.943017 0.332744 0 121162 3 
0 28.4443 -27.0157 56.6992 -0.996505 0.0835309 0 121162 3 
0 28.0917 -28.1275 62.9236 -0.862464 0.506118 0 121162 3 
0 28.4117 -27.2628 56.3732 -0.984133 0.177434 0 121162 3 
0 28.3188 -27.6269 55.3842 -0.948808 0.315852 0 121162 3 
0 26.2938 -29.3842 42.9797 -0.179085 0.983834 0 121162 3 
0 28.4047 -27.3001 63.9249 -0.98147 0.191616 0 121162 3 
0 28.4478 -26.9686 45.0078 -0.997846 0.0656043 0 121162 3 
0 28.2497 -27.8113 40.7951 -0.922521 0.385947 0 121162 3 
0 26.8782 -29.2058 48.7164 -0.401195 0.915993 0 121162 3 
0 26.9008 -29.1957 60.3798 -0.409806 0.912173 0 121162 3 
0 28.4113 -27.2651 42.1016 -0.983975 0.178307 0 121162 3 
0 27.4126 -28.892 51.0729 -0.604343 0.796724 0 121162 3 
0 27.2417 -29.0112 55.2376 -0.539399 0.84205 0 121162 3 
0 26.0211 -29.4193 53.0953 -0.0754073 0.997153 0 121162 3 
0 27.2728 -28.991 45.8042 -0.551213 0.834365 0 121162 3 
0 27.383 -28.9141 62.2865 -0.593093 0.805134 0 121162 3 
0 27.9067 -28.4016 45.2673 -0.792153 0.610323 0 121162 3 
0 27.4916 -28.8296 59.185 -0.634391 0.773013 0 121162 3 
0 26.0456 -29.4173 53.1808 -0.0847252 0.996404 0 121162 3 
0 -23.1542 -29.6334 64.3648 0 0 1 124200 1 
0 32.3506 -38.9442 64.3648 0 0 1 124200 1 
0 12.0845 -31.252 64.3648 0 0 1 124200 1 
0 -14.7732 -39.219 64.3648 0 0 1 124200 1 
0 -43.3165 -26.7252 64.3648 0 0 1 124200 1 
0 20.0576 -30.2994 64.3648 0 0 1 124200 1 
0 -35.6945 -38.77 64.3648 0 0 1 124200 1 
0 -24.2087 -39.7958 64.3648 0 0 1 124200 1 
0 -26.6579 -39.5983 64.3648 0 0 1 124200 1 
0 -26.3087 -34.5104 64.3648 0 0 1 124200 1 
0 15.6517 -38.5091 64.3648 0 0 1 124200 1 
0 -7.83608 -31.2447 64.3648 0 0 1 124200 1 
0 -8.01945 -37.8241 64.3648 0 0 1 124200 1 
0 -41.1878 -26.1359 64.3648 0 0 1 124200 1 
0 8.62004 -30.3802 64.3648 0 0 1 124200 1 
0 14.752 -35.9677 64.3648 0 0 1 124200 1 
0 -9.64177 -36.1453 64.3648 0 0 1 124200 1 
0 -8.41228 -36.986 64.3648 0 0 1 124200 1 
0 -32.5828 -39.6613 64.3648 0 0 1 124200 1 
0 -27.3891 -38.7361 64.3648 0 0 1 124200 1 
0 29.4933 -35.694 64.3648 0 0 1 124200 1 
0 8.83386 -34.6961 64.3648 0 0 1 124200 1 
0 -40.0702 -33.9041 64.3648 0 0 1 124200 1 
0 -6.08941 -35.8954 64.3648 0 0 1 124200 1 
0 30.243 -38.4205 64.3648 0 0 1 124200 1 
0 36.4823 -26.7935 60.0772 0 1 0 121017 1 
0 41.0322 -26.7935 57.2564 0 1 0 121017 1 
0 39.1376 -26.7935 53.6228 0 1 0 121017 1 
0 41.6738 -26.7935 63.0899 0 1 0 121017 1 
0 36.1613 -26.7935 54.7035 0 1 0 121017 1 
0 38.6041 -26.7935 58.0025 0 1 0 121017 1 
0 30.5808 -26.7935 54.668 0 1 0 121017 1 
0 36.4447 -26.7935 59.3301 0 1 0 121017 1 
0 40.6385 -26.7935 52.2319 0 1 0 121017 1 
0 33.958 -26.7935 53.3617 0 1 0 121017 1 
0 32.1545 -26.7935 52.0698 0 1 0 121017 1 
0 36.3706 -26.7935 59.1259 0 1 0 121017 1 
0 35.315 -26.7935 58.0761 0 1 0 121017 1 
0 33.4402 -26.7935 63.3736 0 1 0 121017 1 
0 32.1058 -26.7935 58.5678 0 1 0 121017 1 
0 35.7613 -26.7935 59.3337 0 1 0 121017 1 
0 30.4114 -26.7935 60.7624 0 1 0 121017 1 
0 28.502 -26.7935 51.8108 0 1 0 121017 1 
0 39.8229 -26.7935 53.1464 0 1 0 121017 1 
0 38.1251 -26.7935 63.331 0 1 0 121017 1 
0 43.0065 -26.7935 52.7511 0 1 0 121017 1 
0 38.8145 -26.7935 54.8389 0 1 0 121017 1 
0 34.726 -26.7935 57.0926 0 1 0 121017 1 
0 43.6106 -26.7935 54.2113 0 1 0 121017 1 
0 42.448 -26.7935 61.5253 0 1 0 121017 1 
0 31.3782 -25.9639 51.5858 0 0 1 124214 1 
0 43.7412 -25.2835 51.5858 0 0 1 124214 1 
0 33.2895 -25.2597 51.5858 0 0 1 124214 1 
0 39.5515 -25.7623 51.5858 0 0 1 124214 1 
0 43.6013 -25.6263 51.5858 0 0 1 124214 1 
0 42.8745 -26.1607 51.5858 0 0 1 124214 1 
0 32.2738 -24.4008 51.5858 0 0 1 124214 1 
0 30.6288 -25.2976 51.5858 0 0 1 124214 1 
0 28.9279 -25.7999 51.5858 0 0 1 124214 1 
0 32.1872 -25.1125 51.5858 0 0 1 124214 1 
0 35.2629 -25.0872 51.5858 0 0 1 124214 1 
0 38.371 -24.2087 51.5858 0 0 1 124214 1 
0 39.5799 -25.0603 51.5858 0 0 1 124214 1 
0 37.0602 -24.6099 51.5858 0 0 1 124214 1 
0 31.6613 -25.2348 51.5858 0 0 1 124214 1 
0 32.4676 -24.5543 51.5858 0 0 1 124214 1 
0 37.7488 -25.6837 51.5858 0 0 1 124214 1 
0 34.4104 -25.8168 51.5858 0 0 1 124214 1 
0 31.6138 -26.2148 51.5858 0 0 1 124214 1 
0 35.5233 -25.9184 51.5858 0 0 1 124214 1 
0 29.4293 -26.4921 51.5858 0 0 1 124214 1 
0 37.188 -26.04 51.5858 0 0 1 124214 1 
0 42.1098 -24.9301 51.5858 0 0 1 124214 1 
0 29.9558 -24.1777 51.5858 0 0 1 124214 1 
0 38.096 -26.2089 51.5858 0 0 1 124214 1 
0 35.2889 -24.1618 48.1916 0 1 0 124099 1 
0 34.1289 -24.1618 46.2733 0 1 0 124099 1 
0 41.217 -24.1618 49.9637 0 1 0 124099 1 
0 37.1151 -24.1618 49.858 0 1 0 124099 1 
0 35.1484 -24.1618 46.2387 0 1 0 124099 1 
0 41.4941 -24.1618 46.0318 0 1 0 124099 1 
0 29.8272 -24.1618 47.1494 0 1 0 124099 1 
0 39.4197 -24.1618 45.8393 0 1 0 124099 1 
0 38.0917 -24.1618 49.1784 0 1 0 124099 1 
0 41.6649 -24.1618 45.8586 0 1 0 124099 1 
0 30.8083 -24.1618 49.3718 0 1 0 124099 1 
0 34.8429 -24.1618 46.9392 0 1 0 124099 1 
0 31.0577 -24.1618 51.2437 0 1 0 124099 1 
0 40.209 -24.1618 48.0452 0 1 0 124099 1 
0 40.5474 -24.1618 47.0719 0 1 0 124099 1 
0 29.0936 -24.1618 47.3841 0 1 0 124099 1 
0 32.0723 -24.1618 48.3804 0 1 0 124099 1 
0 42.5542 -24.1618 50.9969 0 1 0 124099 1 
0 31.7799 -24.1618 45.9584 0 1 0 124099 1 
0 37.3794 -24.1618 49.4956 0 1 0 124099 1 
0 34.9197 -24.1618 47.6555 0 1 0 124099 1 
0 33.136 -24.1618 49.8571 0 1 0 124099 1 
0 37.3972 -24.1618 49.652 0 1 0 124099 1 
0 43.2751 -24.1618 45.7266 0 1 0 124099 1 
0 38.8557 -24.1618 48.6034 0 1 0 124099 1 
0 -26.3155 29.3802 47.9008 0.187309 -0.982301 0 121678 3 
0 -28.341 27.5571 40.6689 0.957236 -0.289307 0 121678 3 
0 -28.1281 28.0633 60.4908 0.876328 -0.481714 0 121678 3 
0 -27.4946 28.8272 62.559 0.635502 -0.772099 0 121678 3 
0 -26.0733 29.4148 61.0266 0.0952526 -0.995453 0 121678 3 
0 -26.3311 29.3772 56.3732 0.193262 -0.981147 0 121678 3 
0 -26.2231 29.3961 55.8622 0.152209 -0.988348 0 121678 3 
0 -28.1877 27.9483 63.1985 0.898962 -0.438026 0 121678 3 
0 -26.3214 29.3791 58.1942 0.189545 -0.981872 0 121678 3 
0 -28.3403 27.5593 58.4881 0.956986 -0.290133 0 121678 3 
0 -28.2982 27.6865 52.0919 0.940966 -0.338502 0 121678 3 
0 -28.4158 27.2394 45.0853 0.985692 -0.168558 0 121678 3 
0 -27.0831 29.1052 62.6498 0.479086 -0.877768 0 121678 3 
0 -26.4087 29.3607 43.2478 0.222754 -0.974875 0 121678 3 
0 -28.0712 28.1617 48.9541 0.854699 -0.519125 0 121678 3 
0 -28.4274 27.1653 43.4746 0.990098 -0.140378 0 121678 3 
0 -28.3736 27.4395 51.2841 0.969626 -0.244591 0 121678 3 
0 -28.2072 27.9073 48.8075 0.906398 -0.422425 0 121678 3 
0 -28.0465 28.2017 56.9565 0.84528 -0.534324 0 121678 3 
0 -25.8972 29.4257 57.4983 0.0283038 -0.999599 0 121678 3 
0 -25.9297 29.4246 59.8474 0.0406884 -0.999172 0 121678 3 
0 -27.939 28.3587 61.9214 0.80445 -0.59402 0 121678 3 
0 -27.5205 28.8056 46.5754 0.645369 -0.763871 0 121678 3 
0 -28.3583 27.4973 56.629 0.963812 -0.266582 0 121678 3 
0 -28.1407 28.0401 46.8162 0.881122 -0.472889 0 121678 3 
0 3.09963 39.9971 26.3296 0 1 0 595 1 
0 32.7972 39.9971 38.509 0 1 0 595 1 
0 -34.7545 39.9971 5.86046 0 1 0 595 1 
0 -24.1888 39.9971 41.1003 0 1 0 595 1 
0 35.476 39.9971 62.7375 0 1 0 595 1 
0 19.2983 39.9971 7.75397 0 1 0 595 1 
0 1.79528 39.9971 30.0135 0 1 0 595 1 
0 13.484 39.9971 6.73244 0 1 0 595 1 
0 -42.2659 39.9971 39.0908 0 1 0 595 1 
0 -7.54402 39.9971 14.5869 0 1 0 595 1 
0 36.1745 39.9971 56.2968 0 1 0 595 1 
0 36.9093 39.9971 5.47599 0 1 0 595 1 
0 -24.42 39.9971 16.6271 0 1 0 595 1 
0 0.066495 39.9971 30.2722 0 1 0 595 1 
0 3.53865 39.9971 39.491 0 1 0 595 1 
0 -20.2341 39.9971 57.2706 0 1 0 595 1 
0 -12.1039 39.9971 56.5763 0 1 0 595 1 
0 -29.7649 39.9971 55.7582 0 1 0 595 1 
0 29.4171 39.9971 7.63183 0 1 0 595 1 
0 2.85136 39.9971 11.2306 0 1 0 595 1 
0 15.7709 39.9971 38.6023 0 1 0 595 1 
0 15.2152 39.9971 40.4427 0 1 0 595 1 
0 -2.09873 39.9971 27.3261 0 1 0 595 1 
0 13.2272 39.9971 13.2773 0 1 0 595 1 
0 41.409 39.9971 13.746 0 1 0 595 1 
0 -43.7518 -33.9746 58.2455 -1 0 0 124220 1 
0 -43.7518 34.3813 56.8655 -1 0 0 124220 1 
0 -43.7518 22.1173 41.692 -1 0 0 124220 1 
0 -43.7518 5.32064 14.0244 -1 0 0 124220 1 
0 -43.7518 -36.4197 42.3016 -1 0 0 124220 1 
0 -43.7518 22.0543 9.57373 -1 0 0 124220 1 
0 -43.7518 35.2424 33.8184 -1 0 0 124220 1 
0 -43.7518 -24.2783 37.5395 -1 0 0 124220 1 
0 -43.7518 38.2178 10.2017 -1 0 0 124220 1 
0 -43.7518 20.8687 14.0864 -1 0 0 124220 1 
0 -43.7518 30.7776 34.6907 -1 0 0 124220 1 
0 -43.7518 -28.8964 41.1386 -1 0 0 124220 1 
0 -43.7518 20.5678 32.2693 -1 0 0 124220 1 
0 -43.7518 4.40687 34.3075 -1 0 0 124220 1 
0 -43.7518 -5.81559 11.7627 -1 0 0 124220 1 
0 -43.7518 31.2719 51.5996 -1 0 0 124220 1 
0 -43.7518 11.5631 9.00524 -1 0 0 124220 1 
0 -43.7518 -7.47694 31.9439 -1 0 0 124220 1 
0 -43.7518 -39.8477 16.4857 -1 0 0 124220 1 
0 -43.7518 -31.1298 4.26954 -1 0 0 124220 1 
0 -43.7518 -30.3962 20.0526 -1 0 0 124220 1 
0 -43.7518 -17.7416 6.1726 -1 0 0 124220 1 
0 -43.7518 -31.1872 55.3928 -1 0 0 124220 1 
0 -43.7518 6.88407 10.9682 -1 0 0 124220 1 
0 -43.7518 37.9139 37.8057 -1 0 0 124220 1 
0 18.9655 -29.4268 46.7339 0 1 0 121540 1 
0 -16.0484 -29.4268 49.1001 0 1 0 121540 1 
0 -18.5558 -29.4268 50.8131 0 1 0 121540 1 
0 13.4751 -29.4268 63.4416 0 1 0 121540 1 
0 -21.8844 -29.4268 51.596 0 1 0 121540 1 
0 -2.32516 -29.4268 57.1493 0 1 0 121540 1 
0 -25.1359 -29.4268 56.1117 0 1 0 121540 1 
0 -11.0733 -29.4268 48.5165 0 1 0 121540 1 
0 -13.5995 -29.4268 64.1364 0 1 0 121540 1 
0 22.5467 -29.4268 64.2098 0 1 0 121540 1 
0 13.7758 -29.4268 51.6724 0 1 0 121540 1 
0 -1.84908 -29.4268 45.7245 0 1 0 121540 1 
0 6.78432 -29.4268 51.5156 0 1 0 121540 1 
0 -15.5893 -29.4268 48.9324 0 1 0 121540 1 
0 7.86731 -29.4268 52.5943 0 1 0 121540 1 
0 0.480986 -29.4268 54.6943 0 1 0 121540 1 
0 -23.2112 -29.4268 48.5365 0 1 0 121540 1 
0 10.9656 -29.4268 46.2463 0 1 0 121540 1 
0 -11.5715 -29.4268 54.4587 0 1 0 121540 1 
0 23.8363 -29.4268 41.5173 0 1 0 121540 1 
0 3.96671 -29.4268 63.6121 0 1 0 121540 1 
0 -1.10155 -29.4268 48.9334 0 1 0 121540 1 
0 18.9389 -29.4268 47.5866 0 1 0 121540 1 
0 19.3715 -29.4268 50.8539 0 1 0 121540 1 
0 -0.411723 -29.4268 57.2164 0 1 0 121540 1 
0 7.22846 -39.9971 36.2106 0 -1 0 614 1 
0 18.4182 -39.9971 5.18705 0 -1 0 614 1 
0 -21.2923 -39.9971 22.1872 0 -1 0 614 1 
0 -25.3932 -39.9971 21.8255 0 -1 0 614 1 
0 -6.12724 -39.9971 48.3669 0 -1 0 614 1 
0 5.37078 -39.9971 25.8302 0 -1 0 614 1 
0 -34.139 -39.9971 25.892 0 -1 0 614 1 
0 -34.9378 -39.9971 27.3549 0 -1 0 614 1 
0 36.2445 -39.9971 61.5365 0 -1 0 614 1 
0 -24.9666 -39.9971 55.7676 0 -1 0 614 1 
0 19.5083 -39.9971 35.8168 0 -1 0 614 1 
0 -13.8868 -39.9971 46.7675 0 -1 0 614 1 
0 -30.0001 -39.9971 7.2011 0 -1 0 614 1 
0 -34.6745 -39.9971 34.682 0 -1 0 614 1 
0 -1.57977 -39.9971 62.0173 0 -1 0 614 1 
0 -1.68178 -39.9971 12.1505 0 -1 0 614 1 
0 -7.14452 -39.9971 62.3225 0 -1 0 614 1 
0 38.5617 -39.9971 53.669 0 -1 0 614 1 
0 -35.3962 -39.9971 35.6785 0 -1 0 614 1 
0 -21.0807 -39.9971 30.604 0 -1 0 614 1 
0 33.6742 -39.9971 15.7329 0 -1 0 614 1 
0 35.1155 -39.9971 58.0599 0 -1 0 614 1 
0 23.466 -39.9971 16.3875 0 -1 0 614 1 
0 28.4586 -39.9971 36.278 0 -1 0 614 1 
0 35.7982 -39.9971 11.2606 0 -1 0 614 1 
0 -28.296 -27.6926 56.4075 0.940127 0.340824 0 121506 3 
0 -28.2361 -27.8432 56.5712 0.917353 0.398075 0 121506 3 
0 -28.3723 -27.4445 52.3744 0.969138 0.24652 0 121506 3 
0 -28.4521 -26.8818 47.4076 0.999468 0.0326162 0 121506 3 
0 -26.9135 -29.19 43.9132 0.414632 0.909989 0 121506 3 
0 -27.9475 -28.3472 55.3735 0.807656 0.589653 0 121506 3 
0 -26.412 -29.3599 52.2691 0.224016 0.974585 0 121506 3 
0 -27.8292 -28.4975 59.2172 0.762694 0.64676 0 121506 3 
0 -27.2073 -29.033 53.4703 0.526296 0.850301 0 121506 3 
0 -27.8826 -28.4325 59.4096 0.782981 0.622046 0 121506 3 
0 -28.4138 -27.2513 51.7234 0.98491 0.173068 0 121506 3 
0 -27.9292 -28.372 61.5661 0.800704 0.59906 0 121506 3 
0 -26.4876 -29.3414 60.1908 0.25274 0.967534 0 121506 3 
0 -25.9212 -29.4249 54.0166 0.0374311 0.999299 0 121506 3 
0 -28.1154 -28.0861 56.5944 0.871493 0.490407 0 121506 3 
0 -27.5148 -28.8104 44.6861 0.643187 0.765709 0 121506 3 
0 -26.9913 -29.153 60.1289 0.444199 0.895928 0 121506 3 
0 -27.0457 -29.1252 57.7111 0.464886 0.88537 0 121506 3 
0 -27.7489 -28.5878 51.2727 0.732182 0.68111 0 121506 3 
0 -28.3201 -27.6232 55.4325 0.949284 0.314419 0 121506 3 
0 -27.8287 -28.4981 55.8953 0.762492 0.646997 0 121506 3 
0 -28.1222 -28.074 47.0869 0.874079 0.485784 0 121506 3 
0 -28.295 -27.6954 51.2692 0.939743 0.341883 0 121506 3 
0 -28.0046 -28.2658 56.4735 0.829363 0.55871 0 121506 3 
0 -27.8988 -28.4118 43.083 0.789144 0.614208 0 121506 3 
0 -32.3816 -24.1618 48.4479 0 1 0 124095 1 
0 -37.4905 -24.1618 51.5323 0 1 0 124095 1 
0 -42.9358 -24.1618 54.2556 0 1 0 124095 1 
0 -32.3541 -24.1618 61.6347 0 1 0 124095 1 
0 -37.1116 -24.1618 50.1883 0 1 0 124095 1 
0 -34.462 -24.1618 48.0228 0 1 0 124095 1 
0 -38.0561 -24.1618 50.7984 0 1 0 124095 1 
0 -31.219 -24.1618 51.0424 0 1 0 124095 1 
0 -39.4234 -24.1618 49.1062 0 1 0 124095 1 
0 -33.6634 -24.1618 62.7287 0 1 0 124095 1 
0 -41.7658 -24.1618 57.2788 0 1 0 124095 1 
0 -41.0415 -24.1618 62.4632 0 1 0 124095 1 
0 -40.0441 -24.1618 62.8375 0 1 0 124095 1 
0 -35.593 -24.1618 49.8823 0 1 0 124095 1 
0 -36.3366 -24.1618 56.7295 0 1 0 124095 1 
0 -35.9557 -24.1618 54.7855 0 1 0 124095 1 
0 -43.4312 -24.1618 54.6513 0 1 0 124095 1 
0 -39.466 -24.1618 48.1161 0 1 0 124095 1 
0 -39.1268 -24.1618 45.9201 0 1 0 124095 1 
0 -40.7004 -24.1618 46.382 0 1 0 124095 1 
0 -30.4221 -24.1618 52.9959 0 1 0 124095 1 
0 -43.368 -24.1618 58.149 0 1 0 124095 1 
0 -34.9351 -24.1618 62.4129 0 1 0 124095 1 
0 -41.6975 -24.1618 53.3005 0 1 0 124095 1 
0 -41.5116 -24.1618 49.3289 0 1 0 124095 1 
0 33.0917 20.5338 0 0 0 -1 627 1 
0 33.423 -36.2595 0 0 0 -1 627 1 
0 -42.8338 6.64961 0 0 0 -1 627 1 
0 -19.6437 -31.6491 0 0 0 -1 627 1 
0 34.4311 2.76206 0 0 0 -1 627 1 
0 -4.48863 -4.94983 0 0 0 -1 627 1 
0 -35.9031 27.0336 0 0 0 -1 627 1 
0 13.6648 11.7694 0 0 0 -1 627 1 
0 -25.4716 -9.03576 0 0 0 -1 627 1 
0 -31.4598 -4.71167 0 0 0 -1 627 1 
0 -25.6105 -29.571 0 0 0 -1 627 1 
0 39.5288 3.5204 0 0 0 -1 627 1 
0 30.0295 -11.9485 0 0 0 -1 627 1 
0 15.7257 39.9859 0 0 0 -1 627 1 
0 32.3717 -28.4758 0 0 0 -1 627 1 
0 -2.96112 15.8769 0 0 0 -1 627 1 
0 17.9792 3.1788 0 0 0 -1 627 1 
0 -13.1785 36.1509 0 0 0 -1 627 1 
0 13.3814 -6.08757 0 0 0 -1 627 1 
0 -9.56406 16.4537 0 0 0 -1 627 1 
0 18.7245 23.9247 0 0 0 -1 627 1 
0 -29.5597 2.00716 0 0 0 -1 627 1 
0 -16.7207 -20.6348 0 0 0 -1 627 1 
0 -37.7476 39.616 0 0 0 -1 627 1 
0 21.004 -5.53005 0 0 0 -1 627 1 
0 4.39051 25.5685 39.157 -0.0362576 -0.999342 0 123394 3 
0 5.25149 25.1546 35.4973 -0.757805 -0.652481 0 123394 3 
0 5.52563 24.5638 36.266 -0.987547 -0.157325 0 123394 3 
0 4.72177 25.509 34.5038 -0.313873 -0.949465 0 123394 3 
0 5.42512 24.8879 40.1659 -0.903316 -0.428976 0 123394 3 
0 5.51654 24.6139 40.4646 -0.979933 -0.199327 0 123394 3 
0 5.17287 25.2375 39.2083 -0.691914 -0.72198 0 123394 3 
0 4.46958 25.563 39.2469 -0.102528 -0.99473 0 123394 3 
0 5.51201 24.6352 33.6911 -0.976134 -0.217167 0 123394 3 
0 4.94833 25.4068 35.7509 -0.503739 -0.863856 0 123394 3 
0 5.29927 25.0954 35.8591 -0.797852 -0.602853 0 123394 3 
0 5.28992 25.1076 36.4713 -0.790012 -0.613091 0 123394 3 
0 5.53673 24.4706 34.0031 -0.996854 -0.0792555 0 123394 3 
0 4.67046 25.5247 35.5693 -0.270876 -0.962614 0 123394 3 
0 4.44911 25.5649 37.3894 -0.0853702 -0.996349 0 123394 3 
0 5.23889 25.169 40.2148 -0.747245 -0.664549 0 123394 3 
0 5.52587 24.5623 35.2348 -0.98775 -0.156047 0 123394 3 
0 5.17423 25.2362 34.7561 -0.693056 -0.720884 0 123394 3 
0 5.52885 24.5423 34.5426 -0.990249 -0.13931 0 123394 3 
0 5.11568 25.2889 37.4195 -0.643994 -0.76503 0 123394 3 
0 5.02703 25.3567 35.8043 -0.569693 -0.821857 0 123394 3 
0 5.07795 25.3194 37.8833 -0.612371 -0.79057 0 123394 3 
0 4.43862 25.5658 39.5487 -0.0765785 -0.997064 0 123394 3 
0 5.51976 24.5975 37.9988 -0.982632 -0.185567 0 123394 3 
0 5.39261 24.9514 40.1907 -0.876074 -0.482177 0 123394 3 
0 -5.44672 24.8397 34.6253 0.921416 -0.388578 0 123260 3 
0 -5.5396 24.4221 35.8944 0.999256 -0.0385576 0 123260 3 
0 -5.41766 24.9033 36.0629 0.897064 -0.4419 0 123260 3 
0 -5.00969 25.3685 35.5499 0.555166 -0.831739 0 123260 3 
0 -5.48939 24.7215 39.581 0.957181 -0.289491 0 123260 3 
0 -5.52307 24.5792 34.0933 0.985407 -0.170212 0 123260 3 
0 -5.54017 24.4033 40.0819 0.999739 -0.0228414 0 123260 3 
0 -5.2659 25.1376 39.4762 0.769886 -0.638182 0 123260 3 
0 -4.70473 25.5145 33.8085 0.299592 -0.954067 0 123260 3 
0 -4.62838 25.5357 36.3756 0.23561 -0.971848 0 123260 3 
0 -5.39257 24.9515 36.8555 0.876039 -0.48224 0 123260 3 
0 -5.50242 24.675 39.7132 0.968101 -0.25056 0 123260 3 
0 -5.33783 25.0413 34.5289 0.830165 -0.557517 0 123260 3 
0 -5.51771 24.6081 39.3541 0.980915 -0.194439 0 123260 3 
0 -4.52759 25.5556 36.1975 0.151144 -0.988512 0 123260 3 
0 -4.71078 25.5126 34.264 0.304664 -0.95246 0 123260 3 
0 -5.37497 24.9824 35.8027 0.861285 -0.508122 0 123260 3 
0 -4.56875 25.5486 40.5163 0.185637 -0.982618 0 123260 3 
0 -4.45974 25.564 33.1975 0.0942745 -0.995546 0 123260 3 
0 -4.9465 25.4079 37.7564 0.502205 -0.864748 0 123260 3 
0 -5.48246 24.7436 35.2786 0.951373 -0.308042 0 123260 3 
0 -4.80558 25.4778 40.2549 0.384111 -0.923287 0 123260 3 
0 -5.02905 25.3553 38.5759 0.571386 -0.820681 0 123260 3 
0 -5.54044 24.3866 35.4247 0.999961 0 0 123260 3 
0 -4.60967 25.5401 36.7077 0.219926 -0.975516 0 123260 3 
0 -1.66542 25.5693 35.818 0 -1 0 123427 1 
0 -1.33799 25.5693 39.4987 0 -1 0 123427 1 
0 -2.02434 25.5693 33.2106 0 -1 0 123427 1 
0 2.12933 25.5693 40.4639 0 -1 0 123427 1 
0 0.260434 25.5693 33.2968 0 -1 0 123427 1 
0 3.18893 25.5693 33.7851 0 -1 0 123427 1 
0 3.32718 25.5693 39.9443 0 -1 0 123427 1 
0 0.615816 25.5693 36.0242 0 -1 0 123427 1 
0 1.06999 25.5693 38.7155 0 -1 0 123427 1 
0 -1.50206 25.5693 38.9626 0 -1 0 123427 1 
0 1.90768 25.5693 38.2521 0 -1 0 123427 1 
0 -2.40476 25.5693 39.0628 0 -1 0 123427 1 
0 0.123429 25.5693 33.8057 0 -1 0 123427 1 
0 4.17442 25.5693 33.6956 0 -1 0 123427 1 
0 3.09438 25.5693 39.7902 0 -1 0 123427 1 
0 0.829152 25.5693 35.6547 0 -1 0 123427 1 
0 1.93174 25.5693 39.8595 0 -1 0 123427 1 
0 -2.02143 25.5693 39.7499 0 -1 0 123427 1 
0 -1.429 25.5693 33.7417 0 -1 0 123427 1 
0 1.76104 25.5693 38.5756 0 -1 0 123427 1 
0 2.66807 25.5693 37.2895 0 -1 0 123427 1 
0 0.699134 25.5693 38.12 0 -1 0 123427 1 
0 3.9893 25.5693 36.4434 0 -1 0 123427 1 
0 -1.53832 25.5693 38.9632 0 -1 0 123427 1 
0 -0.765558 25.5693 39.855 0 -1 0 123427 1 
0 -40.9552 -17.502 44.922 0 0 1 124085 1 
0 -30.5855 -12.3469 44.922 0 0 1 124085 1 
0 -40.4044 -23.181 44.922 0 0 1 124085 1 
0 -40.8498 7.86512 44.922 0 0 1 124085 1 
0 -34.3731 -22.6499 44.922 0 0 1 124085 1 
0 -31.5335 11.1781 44.922 0 0 1 124085 1 
0 -32.3646 -10.2482 44.922 0 0 1 124085 1 
0 -40.2741 -11.9747 44.922 0 0 1 124085 1 
0 -35.5564 11.254 44.922 0 0 1 124085 1 
0 -31.826 -4.64164 44.922 0 0 1 124085 1 
0 -35.9991 -23.5826 44.922 0 0 1 124085 1 
0 -35.3546 -12.0781 44.922 0 0 1 124085 1 
0 -35.5973 13.0409 44.922 0 0 1 124085 1 
0 -42.5179 4.64572 44.922 0 0 1 124085 1 
0 -37.211 19.1015 44.922 0 0 1 124085 1 
0 -40.8644 -19.8505 44.922 0 0 1 124085 1 
0 -30.9049 8.93736 44.922 0 0 1 124085 1 
0 -29.3911 20.4532 44.922 0 0 1 124085 1 
0 -36.7719 6.54139 44.922 0 0 1 124085 1 
0 -30.543 18.1765 44.922 0 0 1 124085 1 
0 -32.1714 4.71789 44.922 0 0 1 124085 1 
0 -37.2564 -8.10117 44.922 0 0 1 124085 1 
0 -32.8835 -7.59021 44.922 0 0 1 124085 1 
0 -36.6822 -20.3832 44.922 0 0 1 124085 1 
0 -42.3995 18.8247 44.922 0 0 1 124085 1 
0 -30.1086 24.1618 54.9639 0 -1 0 124077 1 
0 -38.6307 24.1618 60.1089 0 -1 0 124077 1 
0 -31.9992 24.1618 55.5399 0 -1 0 124077 1 
0 -37.2618 24.1618 50.4355 0 -1 0 124077 1 
0 -30.7488 24.1618 48.9331 0 -1 0 124077 1 
0 -41.1598 24.1618 63.684 0 -1 0 124077 1 
0 -31.5379 24.1618 45.2315 0 -1 0 124077 1 
0 -33.0723 24.1618 48.6142 0 -1 0 124077 1 
0 -42.2855 24.1618 53.8209 0 -1 0 124077 1 
0 -33.6505 24.1618 46.9773 0 -1 0 124077 1 
0 -30.1945 24.1618 50.8494 0 -1 0 124077 1 
0 -36.1606 24.1618 54.5736 0 -1 0 124077 1 
0 -43.3013 24.1618 63.1998 0 -1 0 124077 1 
0 -39.5927 24.1618 59.3589 0 -1 0 124077 1 
0 -39.2753 24.1618 57.5428 0 -1 0 124077 1 
0 -40.7414 24.1618 49.3534 0 -1 0 124077 1 
0 -34.7516 24.1618 59.9745 0 -1 0 124077 1 
0 -38.0359 24.1618 62.6426 0 -1 0 124077 1 
0 -28.6476 24.1618 48.3978 0 -1 0 124077 1 
0 -30.7921 24.1618 62.285 0 -1 0 124077 1 
0 -33.6535 24.1618 51.0679 0 -1 0 124077 1 
0 -36.6786 24.1618 60.331 0 -1 0 124077 1 
0 -42.6657 24.1618 62.179 0 -1 0 124077 1 
0 -35.872 24.1618 63.3212 0 -1 0 124077 1 
0 -41.8637 24.1618 58.0768 0 -1 0 124077 1 
0 -12.1766 29.4268 60.5384 0 -1 0 121706 1 
0 -20.6656 29.4268 57.7609 0 -1 0 121706 1 
0 -6.00229 29.4268 60.1071 0 -1 0 121706 1 
0 -14.0531 29.4268 58.2729 0 -1 0 121706 1 
0 13.5396 29.4268 40.7081 0 -1 0 121706 1 
0 8.94959 29.4268 52.9334 0 -1 0 121706 1 
0 -2.49459 29.4268 56.6464 0 -1 0 121706 1 
0 -6.47479 29.4268 43.9934 0 -1 0 121706 1 
0 17.1133 29.4268 57.5206 0 -1 0 121706 1 
0 16.6427 29.4268 50.6828 0 -1 0 121706 1 
0 -17.1299 29.4268 48.6395 0 -1 0 121706 1 
0 -14.0869 29.4268 61.7727 0 -1 0 121706 1 
0 23.2026 29.4268 44.4852 0 -1 0 121706 1 
0 -25.7315 29.4268 41.9221 0 -1 0 121706 1 
0 13.0074 29.4268 45.9248 0 -1 0 121706 1 
0 -9.32865 29.4268 45.4248 0 -1 0 121706 1 
0 13.925 29.4268 53.2581 0 -1 0 121706 1 
0 -6.14205 29.4268 60.1118 0 -1 0 121706 1 
0 -5.52192 29.4268 60.5545 0 -1 0 121706 1 
0 10.0053 29.4268 60.4364 0 -1 0 121706 1 
0 -3.45 29.4268 46.8585 0 -1 0 121706 1 
0 6.28311 29.4268 58.3818 0 -1 0 121706 1 
0 0.16532 29.4268 56.3223 0 -1 0 121706 1 
0 -24.0741 29.4268 46.8715 0 -1 0 121706 1 
0 -20.5009 29.4268 61.1642 0 -1 0 121706 1 
0 -28.4535 12.0666 42.5305 1 0 0 124196 1 
0 -28.4535 25.0927 46.6758 1 0 0 124196 1 
0 -28.4535 26.3551 42.5279 1 0 0 124196 1 
0 -28.4535 6.48931 43.4747 1 0 0 124196 1 
0 -28.4535 9.04122 42.2327 1 0 0 124196 1 
0 -28.4535 -26.1354 44.9045 1 0 0 124196 1 
0 -28.4535 -17.4235 43.0099 1 0 0 124196 1 
0 -28.4535 18.8675 42.5063 1 0 0 124196 1 
0 -28.4535 5.48735 40.8739 1 0 0 124196 1 
0 -28.4535 24.1103 42.199 1 0 0 124196 1 
0 -28.4535 -0.328018 42.4285 1 0 0 124196 1 
0 -28.4535 -12.2251 42.9958 1 0 0 124196 1 
0 -28.4535 -24.4376 41.1701 1 0 0 124196 1 
0 -28.4535 25.5558 46.1922 1 0 0 124196 1 
0 -28.4535 -7.23921 40.9674 1 0 0 124196 1 
0 -28.4535 -9.42539 43.2558 1 0 0 124196 1 
0 -28.4535 -15.1742 43.0082 1 0 0 124196 1 
0 -28.4535 6.06988 41.9883 1 0 0 124196 1 
0 -28.4535 2.01727 41.0276 1 0 0 124196 1 
0 -28.4535 3.74104 43.3504 1 0 0 124196 1 
0 -28.4535 -1.20649 40.7976 1 0 0 124196 1 
0 -28.4535 26.167 44.0378 1 0 0 124196 1 
0 -28.4535 14.3519 40.832 1 0 0 124196 1 
0 -28.4535 0.822771 43.2918 1 0 0 124196 1 
0 -28.4535 2.95989 43.0199 1 0 0 124196 1 
0 26.1603 29.405 48.5033 -0.128336 -0.991731 0 121334 3 
0 26.6077 29.3069 57.5944 -0.298402 -0.95444 0 121334 3 
0 27.5844 28.7498 48.3553 -0.669637 -0.742688 0 121334 3 
0 28.3408 27.5577 54.3523 -0.957167 -0.289536 0 121334 3 
0 26.1509 29.4062 46.6373 -0.124769 -0.992186 0 121334 3 
0 28.0907 28.1291 61.0416 -0.8621 -0.506738 0 121334 3 
0 26.0355 29.4182 52.4903 -0.0808794 -0.996724 0 121334 3 
0 28.4364 27.0956 53.8 -0.993496 -0.11387 0 121334 3 
0 27.0822 29.1057 53.0527 -0.47875 -0.877952 0 121334 3 
0 26.7707 29.25 51.7923 -0.360353 -0.932816 0 121334 3 
0 27.1884 29.0445 52.1568 -0.519124 -0.854699 0 121334 3 
0 28.4121 27.2605 54.4746 -0.984285 -0.176585 0 121334 3 
0 28.1207 28.0768 58.0618 -0.873484 -0.486852 0 121334 3 
0 27.4875 28.833 43.3623 -0.632814 -0.774303 0 121334 3 
0 25.9955 29.4211 40.5817 -0.0656761 -0.997841 0 121334 3 
0 28.3868 27.3845 56.0482 -0.974655 -0.223713 0 121334 3 
0 28.0321 28.2242 53.1753 -0.839819 -0.542866 0 121334 3 
0 28.3473 27.5358 55.0179 -0.95965 -0.281197 0 121334 3 
0 28.3008 27.6791 61.2274 -0.941976 -0.335681 0 121334 3 
0 26.1405 29.4075 61.4097 -0.120797 -0.992677 0 121334 3 
0 28.1517 28.0195 55.5202 -0.885281 -0.465056 0 121334 3 
0 26.2052 29.3988 43.7315 -0.145407 -0.989372 0 121334 3 
0 28.2013 27.92 53.1864 -0.904137 -0.427242 0 121334 3 
0 28.2877 27.7151 63.5899 -0.936992 -0.34935 0 121334 3 
0 28.443 27.0303 53.2464 -0.996027 -0.0890472 0 121334 3 
0 43.7518 31.3165 26.6911 1 0 0 124216 1 
0 43.7518 3.67131 39.4348 1 0 0 124216 1 
0 43.7518 32.1111 25.1483 1 0 0 124216 1 
0 43.7518 -27.6561 8.97854 1 0 0 124216 1 
0 43.7518 -8.26521 9.21676 1 0 0 124216 1 
0 43.7518 -19.8619 21.1617 1 0 0 124216 1 
0 43.7518 -24.8903 18.8698 1 0 0 124216 1 
0 43.7518 -19.5259 31.4686 1 0 0 124216 1 
0 43.7518 34.7238 5.06294 1 0 0 124216 1 
0 43.7518 8.45283 26.6266 1 0 0 124216 1 
0 43.7518 19.6601 40.4777 1 0 0 124216 1 
0 43.7518 34.2483 47.954 1 0 0 124216 1 
0 43.7518 9.67104 37.1754 1 0 0 124216 1 
0 43.7518 -39.5506 15.9743 1 0 0 124216 1 
0 43.7518 -38.5149 36.5689 1 0 0 124216 1 
0 43.7518 6.57963 20.9282 1 0 0 124216 1 
0 43.7518 -28.051 28.9684 1 0 0 124216 1 
0 43.7518 35.8594 25.4266 1 0 0 124216 1 
0 43.7518 -19.5454 36.3181 1 0 0 124216 1 
0 43.7518 -27.1387 18.1154 1 0 0 124216 1 
0 43.7518 38.1413 43.6338 1 0 0 124216 1 
0 43.7518 -18.4493 43.2277 1 0 0 124216 1 
0 43.7518 -8.03112 42.7643 1 0 0 124216 1 
0 43.7518 -18.1497 33.8851 1 0 0 124216 1 
0 43.7518 26.0715 52.8487 1 0 0 124216 1 
0 38.7531 2.94809 44.922 0 0 1 124089 1 
0 30.9327 -16.0709 44.922 0 0 1 124089 1 
0 39.5601 -9.05543 44.922 0 0 1 124089 1 
0 29.994 -16.1915 44.922 0 0 1 124089 1 
0 33.6332 11.7439 44.922 0 0 1 124089 1 
0 33.003 -17.6045 44.922 0 0 1 124089 1 
0 36.0141 1.30391 44.922 0 0 1 124089 1 
0 41.9935 20.7339 44.922 0 0 1 124089 1 
0 38.5053 23.2317 44.922 0 0 1 124089 1 
0 39.6969 -12.9104 44.922 0 0 1 124089 1 
0 28.5115 4.32439 44.922 0 0 1 124089 1 
0 38.7832 -13.6958 44.922 0 0 1 124089 1 
0 38.4082 -11.0812 44.922 0 0 1 124089 1 
0 32.4604 -16.1721 44.922 0 0 1 124089 1 
0 38.325 -3.15725 44.922 0 0 1 124089 1 
0 40.6353 21.6828 44.922 0 0 1 124089 1 
0 31.6282 22.3679 44.922 0 0 1 124089 1 
0 41.09 24.011 44.922 0 0 1 124089 1 
0 29.4634 21.5302 44.922 0 0 1 124089 1 
0 35.9717 -1.6215 44.922 0 0 1 124089 1 
0 32.6253 -15.8574 44.922 0 0 1 124089 1 
0 40.6167 10.2355 44.922 0 0 1 124089 1 
0 39.4079 1.21013 44.922 0 0 1 124089 1 
0 31.6287 17.3684 44.922 0 0 1 124089 1 
0 33.702 0.713915 44.922 0 0 1 124089 1 
0 5.54049 18.4816 33.6532 -1 0 0 125416 1 
0 5.54049 22.3012 38.2568 -1 0 0 125416 1 
0 5.54049 15.4831 36.0309 -1 0 0 125416 1 
0 5.54049 20.9375 33.3722 -1 0 0 125416 1 
0 5.54049 22.6156 37.8374 -1 0 0 125416 1 
0 5.54049 14.7183 33.8611 -1 0 0 125416 1 
0 5.54049 14.7424 39.411 -1 0 0 125416 1 
0 5.54049 15.174 36.7794 -1 0 0 125416 1 
0 5.54049 19.9726 36.5766 -1 0 0 125416 1 
0 5.54049 23.9919 37.8723 -1 0 0 125416 1 
0 5.54049 17.6587 35.9141 -1 0 0 125416 1 
0 5.54049 16.8932 39.4965 -1 0 0 125416 1 
0 5.54049 15.9876 38.2019 -1 0 0 125416 1 
0 5.54049 15.7861 34.6682 -1 0 0 125416 1 
0 5.54049 19.3201 33.294 -1 0 0 125416 1 
0 5.54049 19.0501 35.1827 -1 0 0 125416 1 
0 5.54049 21.2338 37.1963 -1 0 0 125416 1 
0 5.54049 22.4349 39.0896 -1 0 0 125416 1 
0 5.54049 15.771 35.9691 -1 0 0 125416 1 
0 5.54049 17.7842 36.5872 -1 0 0 125416 1 
0 5.54049 20.8547 40.3883 -1 0 0 125416 1 
0 5.54049 23.1776 38.2242 -1 0 0 125416 1 
0 5.54049 20.7628 39.2661 -1 0 0 125416 1 
0 5.54049 18.4236 37.2201 -1 0 0 125416 1 
0 5.54049 23.1828 35.0702 -1 0 0 125416 1 
0 -5.54049 15.2363 37.926 1 0 0 125420 1 
0 -5.54049 22.9564 33.6741 1 0 0 125420 1 
0 -5.54049 20.9464 36.3581 1 0 0 125420 1 
0 -5.54049 19.9693 35.4501 1 0 0 125420 1 
0 -5.54049 21.1585 37.1058 1 0 0 125420 1 
0 -5.54049 22.0275 36.2174 1 0 0 125420 1 
0 -5.54049 22.0092 36.5089 1 0 0 125420 1 
0 -5.54049 22.0569 36.9983 1 0 0 125420 1 
0 -5.54049 24.3328 38.9934 1 0 0 125420 1 
0 -5.54049 15.9752 38.08 1 0 0 125420 1 
0 -5.54049 17.6675 40.2841 1 0 0 125420 1 
0 -5.54049 23.3211 39.1681 1 0 0 125420 1 
0 -5.54049 23.2744 39.8373 1 0 0 125420 1 
0 -5.54049 23.6429 39.6012 1 0 0 125420 1 
0 -5.54049 23.308 34.3663 1 0 0 125420 1 
0 -5.54049 13.9647 36.7351 1 0 0 125420 1 
0 -5.54049 14.7616 35.4659 1 0 0 125420 1 
0 -5.54049 14.3545 33.3582 1 0 0 125420 1 
0 -5.54049 23.9657 37.8288 1 0 0 125420 1 
0 -5.54049 23.1721 34.1216 1 0 0 125420 1 
0 -5.54049 20.6464 34.8694 1 0 0 125420 1 
0 -5.54049 13.9719 37.9328 1 0 0 125420 1 
0 -5.54049 22.8818 33.8647 1 0 0 125420 1 
0 -5.54049 19.896 33.8298 1 0 0 125420 1 
0 -5.54049 16.6062 36.931 1 0 0 125420 1 
0 1.42059 17.8775 33.0898 0 0 1 125424 1 
0 3.61982 18.0908 33.0898 0 0 1 125424 1 
0 -3.8497 22.8339 33.0898 0 0 1 125424 1 
0 5.11969 24.3745 33.0898 0 0 1 125424 1 
0 0.959486 19.7783 33.0898 0 0 1 125424 1 
0 1.38043 17.8923 33.0898 0 0 1 125424 1 
0 -4.66379 24.4244 33.0898 0 0 1 125424 1 
0 2.66955 14.8857 33.0898 0 0 1 125424 1 
0 3.44093 20.506 33.0898 0 0 1 125424 1 
0 -3.69431 22.8723 33.0898 0 0 1 125424 1 
0 -1.00725 16.3412 33.0898 0 0 1 125424 1 
0 2.00859 14.7806 33.0898 0 0 1 125424 1 
0 -1.71083 17.684 33.0898 0 0 1 125424 1 
0 2.30956 14.12 33.0898 0 0 1 125424 1 
0 -0.612688 16.8912 33.0898 0 0 1 125424 1 
0 1.14819 17.3823 33.0898 0 0 1 125424 1 
0 0.934292 16.3547 33.0898 0 0 1 125424 1 
0 -2.57207 20.6327 33.0898 0 0 1 125424 1 
0 2.19196 13.9836 33.0898 0 0 1 125424 1 
0 2.03378 17.3252 33.0898 0 0 1 125424 1 
0 3.43474 25.1242 33.0898 0 0 1 125424 1 
0 3.58346 24.6287 33.0898 0 0 1 125424 1 
0 -3.94555 23.8003 33.0898 0 0 1 125424 1 
0 1.79119 25.2275 33.0898 0 0 1 125424 1 
0 3.53274 17.3927 33.0898 0 0 1 125424 1 
0 13.6742 10.9113 31.0054 -0.919593 -0.392872 0 125534 3 
0 12.7467 12.3213 31.6377 -0.724892 -0.688863 0 125534 3 
0 14.0562 9.13709 36.2083 -0.999791 -0.0204203 0 125534 3 
0 14.0186 9.64524 31.5439 -0.991891 -0.127091 0 125534 3 
0 13.6716 10.9173 37.2893 -0.919059 -0.394121 0 125534 3 
0 13.201 11.7646 26.9888 -0.820261 -0.571989 0 125534 3 
0 10.1358 13.7284 37.3634 -0.176821 -0.984243 0 125534 3 
0 11.7408 13.1268 39.1845 -0.513733 -0.85795 0 125534 3 
0 13.9715 9.93901 36.7138 -0.982023 -0.18876 0 125534 3 
0 12.5433 12.5228 39.098 -0.682208 -0.731158 0 125534 3 
0 11.3296 13.3464 34.2574 -0.427423 -0.904052 0 125534 3 
0 12.6151 12.4544 31.178 -0.697271 -0.716807 0 125534 3 
0 11.6925 13.1553 29.6132 -0.503594 -0.863941 0 125534 3 
0 13.8843 10.3114 33.6013 -0.963714 -0.266936 0 125534 3 
0 13.8456 10.4439 39.7688 -0.955578 -0.29474 0 125534 3 
0 12.4461 12.6111 27.3783 -0.661798 -0.749683 0 125534 3 
0 12.0213 12.9451 40.5341 -0.572631 -0.819813 0 125534 3 
0 13.3042 11.6103 35.1842 -0.841925 -0.539594 0 125534 3 
0 11.1912 13.4092 36.06 -0.398361 -0.917229 0 125534 3 
0 12.6392 12.4308 39.6656 -0.702328 -0.711853 0 125534 3 
0 13.9237 10.1594 40.0304 -0.971989 -0.235028 0 125534 3 
0 11.4951 13.2642 36.3373 -0.462168 -0.886792 0 125534 3 
0 13.6303 11.0107 29.5924 -0.910396 -0.413737 0 125534 3 
0 12.2483 12.7764 38.7704 -0.620274 -0.784385 0 125534 3 
0 14.0164 9.66169 28.1369 -0.991442 -0.130546 0 125534 3 
0 2.26758 13.8035 30.936 0 -1 0 125705 1 
0 5.94392 13.8035 31.1507 0 -1 0 125705 1 
0 6.53159 13.8035 28.9211 0 -1 0 125705 1 
0 0.973277 13.8035 29.0583 0 -1 0 125705 1 
0 4.36235 13.8035 28.1235 0 -1 0 125705 1 
0 8.85982 13.8035 30.4196 0 -1 0 125705 1 
0 -9.10301 13.8035 27.9757 0 -1 0 125705 1 
0 -7.85708 13.8035 34.1226 0 -1 0 125705 1 
0 7.86146 13.8035 36.7703 0 -1 0 125705 1 
0 8.72465 13.8035 32.3659 0 -1 0 125705 1 
0 -1.15342 13.8035 31.289 0 -1 0 125705 1 
0 -0.350843 13.8035 26.3871 0 -1 0 125705 1 
0 6.17803 13.8035 26.1767 0 -1 0 125705 1 
0 -6.83134 13.8035 26.6222 0 -1 0 125705 1 
0 -5.94732 13.8035 28.4487 0 -1 0 125705 1 
0 3.90575 13.8035 33.9731 0 -1 0 125705 1 
0 -9.26532 13.8035 26.8561 0 -1 0 125705 1 
0 -8.3198 13.8035 37.2499 0 -1 0 125705 1 
0 8.63039 13.8035 38.0457 0 -1 0 125705 1 
0 1.59474 13.8035 28.7357 0 -1 0 125705 1 
0 -4.72814 13.8035 29.245 0 -1 0 125705 1 
0 -1.37837 13.8035 29.0085 0 -1 0 125705 1 
0 -5.32067 13.8035 34.0245 0 -1 0 125705 1 
0 -1.2787 13.8035 26.5548 0 -1 0 125705 1 
0 -4.39379 13.8035 25.825 0 -1 0 125705 1 
0 -13.0701 11.9432 29.9865 0.792796 -0.609487 0 125668 3 
0 -11.9918 12.9656 30.9361 0.566432 -0.824109 0 125668 3 
0 -12.1703 12.8367 36.3331 0.603911 -0.797052 0 125668 3 
0 -10.8473 13.543 30.0159 0.326166 -0.945313 0 125668 3 
0 -13.5557 11.1673 35.2921 0.894729 -0.44661 0 125668 3 
0 -12.9612 12.0796 30.5153 0.769937 -0.63812 0 125668 3 
0 -14.0548 9.19043 26.561 0.9995 -0.031618 0 125668 3 
0 -13.8578 10.4037 34.4036 0.95814 -0.2863 0 125668 3 
0 -13.8618 10.3901 40.309 0.958987 -0.283451 0 125668 3 
0 -11.6921 13.1555 39.8868 0.503525 -0.863981 0 125668 3 
0 -11.5182 13.2521 37.0523 0.467007 -0.884254 0 125668 3 
0 -11.6055 13.2048 40.059 0.485344 -0.874323 0 125668 3 
0 -13.7183 10.8044 39.8655 0.928863 -0.370423 0 125668 3 
0 -14.0125 9.69059 26.9755 0.990625 -0.136611 0 125668 3 
0 -13.3241 11.579 27.9947 0.846099 -0.533026 0 125668 3 
0 -10.5208 13.6427 33.1035 0.257638 -0.966241 0 125668 3 
0 -11.6531 13.178 28.2619 0.495329 -0.868705 0 125668 3 
0 -9.30844 13.8035 32.187 0 -0.999995 0 125668 3 
0 -10.505 13.6469 32.5861 0.254317 -0.967121 0 125668 3 
0 -13.0424 11.979 40.3086 0.786966 -0.616997 0 125668 3 
0 -13.236 11.7137 29.6887 0.827614 -0.561298 0 125668 3 
0 -13.0949 11.9108 25.9847 0.797987 -0.602674 0 125668 3 
0 -11.8193 13.0788 39.102 0.530211 -0.847866 0 125668 3 
0 -10.5432 13.6366 30.8242 0.262329 -0.964979 0 125668 3 
0 -12.0567 12.9202 32.5901 0.580049 -0.814582 0 125668 3 
0 14.0572 -6.2903 29.9794 -1 0 0 125835 1 
0 14.0572 -7.84682 32.359 -1 0 0 125835 1 
0 14.0572 6.77325 26.2895 -1 0 0 125835 1 
0 14.0572 5.98856 29.32 -1 0 0 125835 1 
0 14.0572 -0.787957 31.8115 -1 0 0 125835 1 
0 14.0572 4.18556 33.9627 -1 0 0 125835 1 
0 14.0572 0.766912 31.3258 -1 0 0 125835 1 
0 14.0572 -3.04096 29.3124 -1 0 0 125835 1 
0 14.0572 0.797337 36.0942 -1 0 0 125835 1 
0 14.0572 -3.10528 32.2809 -1 0 0 125835 1 
0 14.0572 3.89691 35.8852 -1 0 0 125835 1 
0 14.0572 7.80079 39.2793 -1 0 0 125835 1 
0 14.0572 -4.19967 39.8584 -1 0 0 125835 1 
0 14.0572 2.07964 26.3072 -1 0 0 125835 1 
0 14.0572 7.81506 26.7606 -1 0 0 125835 1 
0 14.0572 -7.30775 35.3037 -1 0 0 125835 1 
0 14.0572 2.31216 39.1656 -1 0 0 125835 1 
0 14.0572 -6.68142 25.8982 -1 0 0 125835 1 
0 14.0572 3.52447 27.2073 -1 0 0 125835 1 
0 14.0572 4.31759 38.4861 -1 0 0 125835 1 
0 14.0572 -2.80268 28.8333 -1 0 0 125835 1 
0 14.0572 -7.46753 38.9298 -1 0 0 125835 1 
0 14.0572 6.0186 26.471 -1 0 0 125835 1 
0 14.0572 2.13867 27.9008 -1 0 0 125835 1 
0 14.0572 -0.76565 29.5427 -1 0 0 125835 1 
0 10.5847 -13.6252 34.4775 -0.271046 0.962567 0 125802 3 
0 13.2932 -11.6272 31.7251 -0.839633 0.543155 0 125802 3 
0 14.0455 -9.3731 29.9159 -0.997549 0.0699647 0 125802 3 
0 10.4521 -13.6605 35.3099 -0.243204 0.969975 0 125802 3 
0 12.6214 -12.4483 27.0235 -0.698588 0.715525 0 125802 3 
0 11.1503 -13.4267 31.0867 -0.389769 0.920912 0 125802 3 
0 9.37809 -13.8027 39.5494 -0.0177522 0.999842 0 125802 3 
0 10.0398 -13.7447 34.3757 -0.15667 0.987651 0 125802 3 
0 12.1066 -12.8842 33.7487 -0.59053 0.807015 0 125802 3 
0 9.80755 -13.7757 39.2658 -0.107906 0.994161 0 125802 3 
0 13.0444 -11.9763 37.3565 -0.787399 0.616444 0 125802 3 
0 11.9011 -13.0264 37.463 -0.547387 0.836879 0 125802 3 
0 13.8097 -10.5554 29.8639 -0.948041 0.318148 0 125802 3 
0 10.3172 -13.6922 39.305 -0.214896 0.976637 0 125802 3 
0 12.0314 -12.9381 36.7418 -0.574739 0.818337 0 125802 3 
0 11.825 -13.0752 33.6419 -0.531416 0.847111 0 125802 3 
0 13.8854 -10.3075 32.3609 -0.96394 0.26612 0 125802 3 
0 13.5241 -11.2294 32.4233 -0.888103 0.459644 0 125802 3 
0 14.0292 -9.55506 27.2376 -0.994133 0.108161 0 125802 3 
0 13.5285 -11.2209 27.4122 -0.889027 0.457855 0 125802 3 
0 14.0445 -9.38745 34.8506 -0.997334 0.0729771 0 125802 3 
0 9.49556 -13.7992 35.2649 -0.0424127 0.9991 0 125802 3 
0 11.9167 -13.0162 30.3961 -0.55066 0.83473 0 125802 3 
0 13.5128 -11.2513 28.7089 -0.885712 0.464235 0 125802 3 
0 9.3484 -13.8032 34.1413 -0.0115209 0.999934 0 125802 3 
0 -23.7862 -4.55156 40.5694 0 0 1 125958 1 
0 -20.0555 25.6527 40.5694 0 0 1 125958 1 
0 -4.33434 -16.0555 40.5694 0 0 1 125958 1 
0 21.2995 -19.1182 40.5694 0 0 1 125958 1 
0 25.4119 21.0736 40.5694 0 0 1 125958 1 
0 -7.70751 -13.6768 40.5694 0 0 1 125958 1 
0 17.4388 -17.3249 40.5694 0 0 1 125958 1 
0 19.1243 15.0997 40.5694 0 0 1 125958 1 
0 18.2824 12.6053 40.5694 0 0 1 125958 1 
0 25.3842 15.3667 40.5694 0 0 1 125958 1 
0 -23.9724 -25.7106 40.5694 0 0 1 125958 1 
0 22.3408 -8.60307 40.5694 0 0 1 125958 1 
0 -7.62377 23.264 40.5694 0 0 1 125958 1 
0 -17.9908 17.6695 40.5694 0 0 1 125958 1 
0 -16.3203 -17.7985 40.5694 0 0 1 125958 1 
0 18.4197 17.6824 40.5694 0 0 1 125958 1 
0 -21.5334 -11.2855 40.5694 0 0 1 125958 1 
0 -20.8407 7.82678 40.5694 0 0 1 125958 1 
0 24.4522 18.8922 40.5694 0 0 1 125958 1 
0 -15.8841 14.2377 40.5694 0 0 1 125958 1 
0 16.1953 10.8371 40.5694 0 0 1 125958 1 
0 12.2288 16.2939 40.5694 0 0 1 125958 1 
0 21.8639 16.5769 40.5694 0 0 1 125958 1 
0 19.5284 24.6597 40.5694 0 0 1 125958 1 
0 -12.6458 -18.8759 40.5694 0 0 1 125958 1 
0 -14.0572 -1.33996 29.3501 1 0 0 125963 1 
0 -14.0572 3.70647 40.5132 1 0 0 125963 1 
0 -14.0572 -5.45919 28.0814 1 0 0 125963 1 
0 -14.0572 -3.36367 39.5335 1 0 0 125963 1 
0 -14.0572 -4.45151 26.4988 1 0 0 125963 1 
0 -14.0572 -6.90607 25.8699 1 0 0 125963 1 
0 -14.0572 4.91192 30.2161 1 0 0 125963 1 
0 -14.0572 8.04207 33.7054 1 0 0 125963 1 
0 -14.0572 5.21239 27.5246 1 0 0 125963 1 
0 -14.0572 -2.1155 38.9443 1 0 0 125963 1 
0 -14.0572 3.9714 28.5464 1 0 0 125963 1 
0 -14.0572 3.53834 27.8704 1 0 0 125963 1 
0 -14.0572 -5.31652 34.9662 1 0 0 125963 1 
0 -14.0572 1.88549 37.546 1 0 0 125963 1 
0 -14.0572 -4.22954 26.1254 1 0 0 125963 1 
0 -14.0572 -4.19131 37.511 1 0 0 125963 1 
0 -14.0572 -2.29112 39.4257 1 0 0 125963 1 
0 -14.0572 1.40617 29.7566 1 0 0 125963 1 
0 -14.0572 -5.96594 30.7509 1 0 0 125963 1 
0 -14.0572 0.248333 39.1907 1 0 0 125963 1 
0 -14.0572 6.91663 33.7737 1 0 0 125963 1 
0 -14.0572 -7.97775 29.132 1 0 0 125963 1 
0 -14.0572 -0.256767 33.6099 1 0 0 125963 1 
0 -14.0572 -6.14188 30.6269 1 0 0 125963 1 
0 -14.0572 -1.86539 34.638 1 0 0 125963 1 
0 -5.03891 -13.8035 28.1203 0 1 0 125969 1 
0 4.74362 -13.8035 35.1071 0 1 0 125969 1 
0 -2.93118 -13.8035 36.6457 0 1 0 125969 1 
0 -2.83604 -13.8035 30.5118 0 1 0 125969 1 
0 5.36954 -13.8035 26.6666 0 1 0 125969 1 
0 4.27839 -13.8035 34.139 0 1 0 125969 1 
0 -0.467697 -13.8035 39.0968 0 1 0 125969 1 
0 -6.29375 -13.8035 33.5281 0 1 0 125969 1 
0 5.02659 -13.8035 26.9689 0 1 0 125969 1 
0 9.20803 -13.8035 35.4022 0 1 0 125969 1 
0 -2.06499 -13.8035 38.1299 0 1 0 125969 1 
0 -9.18874 -13.8035 39.7799 0 1 0 125969 1 
0 6.27803 -13.8035 37.8636 0 1 0 125969 1 
0 0.222645 -13.8035 32.323 0 1 0 125969 1 
0 -1.1535 -13.8035 38.4148 0 1 0 125969 1 
0 -7.15759 -13.8035 27.3026 0 1 0 125969 1 
0 0.686655 -13.8035 39.7985 0 1 0 125969 1 
0 -6.49082 -13.8035 28.2103 0 1 0 125969 1 
0 4.89353 -13.8035 38.9537 0 1 0 125969 1 
0 7.88772 -13.8035 31.8762 0 1 0 125969 1 
0 4.07289 -13.8035 28.9547 0 1 0 125969 1 
0 -1.13122 -13.8035 38.1055 0 1 0 125969 1 
0 -0.555863 -13.8035 39.2102 0 1 0 125969 1 
0 -2.32155 -13.8035 30.5026 0 1 0 125969 1 
0 -7.47289 -13.8035 31.9927 0 1 0 125969 1 
0 -9.59897 9.66669 25.7815 0 0 1 125973 1 
0 -10.0359 -4.44743 25.7815 0 0 1 125973 1 
0 9.95505 -10.7156 25.7815 0 0 1 125973 1 
0 -3.11852 10.9428 25.7815 0 0 1 125973 1 
0 6.37869 -8.05562 25.7815 0 0 1 125973 1 
0 2.01992 -10.8176 25.7815 0 0 1 125973 1 
0 4.04148 10.0896 25.7815 0 0 1 125973 1 
0 -2.20946 8.28824 25.7815 0 0 1 125973 1 
0 12.4444 7.88998 25.7815 0 0 1 125973 1 
0 -4.80082 -10.6699 25.7815 0 0 1 125973 1 
0 7.60547 6.88291 25.7815 0 0 1 125973 1 
0 -9.51377 -5.25237 25.7815 0 0 1 125973 1 
0 0.706484 1.36851 25.7815 0 0 1 125973 1 
0 -11.1522 8.78651 25.7815 0 0 1 125973 1 
0 9.60635 10.6079 25.7815 0 0 1 125973 1 
0 -0.992716 -6.34344 25.7815 0 0 1 125973 1 
0 -1.898 -8.3457 25.7815 0 0 1 125973 1 
0 -0.683833 0.818511 25.7815 0 0 1 125973 1 
0 -4.29819 0.332881 25.7815 0 0 1 125973 1 
0 7.24434 0.461197 25.7815 0 0 1 125973 1 
0 -6.42074 -4.95682 25.7815 0 0 1 125973 1 
0 6.71598 5.60345 25.7815 0 0 1 125973 1 
0 -10.7787 -7.88998 25.7815 0 0 1 125973 1 
0 6.90748 4.36671 25.7815 0 0 1 125973 1 
0 -8.32895 -0.418397 25.7815 0 0 1 125973 1 
0 -9.95439 -13.7574 40.0288 0.138732 0.99033 0 125936 3 
0 -13.4654 -11.3394 34.885 0.875762 0.482743 0 125936 3 
0 -13.8224 -10.5168 29.5875 0.950721 0.310047 0 125936 3 
0 -13.5281 -11.2218 27.3973 0.888932 0.458039 0 125936 3 
0 -13.8511 -10.4257 39.2189 0.956747 0.29092 0 125936 3 
0 -14.0565 -9.11852 40.4787 0.999864 0.016522 0 125936 3 
0 -10.4829 -13.6526 34.0668 0.249678 0.968329 0 125936 3 
0 -12.7278 -12.3411 29.0353 0.720928 0.69301 0 125936 3 
0 -9.55745 -13.7962 33.8697 0.0554043 0.998464 0 125936 3 
0 -10.0318 -13.7459 33.6587 0.154981 0.987917 0 125936 3 
0 -10.7693 -13.5691 36.4458 0.309804 0.9508 0 125936 3 
0 -12.007 -12.9551 40.1706 0.569615 0.821912 0 125936 3 
0 -13.7396 -10.7501 37.2077 0.933328 0.359026 0 125936 3 
0 -13.703 -10.8423 31.5886 0.925651 0.378379 0 125936 3 
0 -10.1358 -13.7284 30.1933 0.176821 0.984243 0 125936 3 
0 -12.1289 -12.8678 32.3912 0.595201 0.803577 0 125936 3 
0 -12.4541 -12.604 38.1311 0.663473 0.7482 0 125936 3 
0 -13.9858 -9.86129 33.744 0.985019 0.172447 0 125936 3 
0 -11.388 -13.3183 36.7383 0.439677 0.898156 0 125936 3 
0 -13.4002 -11.4538 28.7751 0.862092 0.506752 0 125936 3 
0 -14.0286 -9.56096 38.3247 0.993998 0.1094 0 125936 3 
0 -12.7894 -12.2757 28.2997 0.733867 0.679294 0 125936 3 
0 -13.8458 -10.4433 38.5473 0.955615 0.294618 0 125936 3 
0 -11.7915 -13.096 33.8088 0.524373 0.851489 0 125936 3 
0 -12.5656 -12.5019 30.0357 0.686891 0.72676 0 125936 3 
