0 -25.6234 -53.9706 49.1709 0 -1 0 9558 1 
0 -2.46574 -53.9706 40.793 0 -1 0 9558 1 
0 46.4047 -53.9706 25.7697 0 -1 0 9558 1 
0 -55.518 -53.9706 43.8553 0 -1 0 9558 1 
0 -37.3039 -53.9706 17.4658 0 -1 0 9558 1 
0 13.368 -53.9706 14.5783 0 -1 0 9558 1 
0 -25.716 -53.9706 53.0815 0 -1 0 9558 1 
0 -6.5149 -53.9706 48.0076 0 -1 0 9558 1 
0 21.2941 -53.9706 10.6464 0 -1 0 9558 1 
0 -57.438 -53.9706 40.9059 0 -1 0 9558 1 
0 34.1896 -53.9706 20.6325 0 -1 0 9558 1 
0 4.05636 -53.9706 10.7716 0 -1 0 9558 1 
0 9.24458 -53.9706 14.981 0 -1 0 9558 1 
0 -8.57948 -53.9706 18.7248 0 -1 0 9558 1 
0 46.0951 -53.9706 25.3748 0 -1 0 9558 1 
0 -61.1125 -53.9706 18.5438 0 -1 0 9558 1 
0 24.1787 -53.9706 37.3383 0 -1 0 9558 1 
0 35.6544 -53.9706 14.9392 0 -1 0 9558 1 
0 -25.9026 -53.9706 3.39671 0 -1 0 9558 1 
0 2.13162 -53.9706 7.19361 0 -1 0 9558 1 
0 35.0468 -53.9706 10.3044 0 -1 0 9558 1 
0 -24.0132 -53.9706 18.112 0 -1 0 9558 1 
0 35.5876 -53.9706 45.7954 0 -1 0 9558 1 
0 5.93871 -53.9706 50.6902 0 -1 0 9558 1 
0 34.6683 -53.9706 22.7285 0 -1 0 9558 1 
0 50.4386 -53.9706 28.5224 0 -1 0 9558 1 
0 11.3132 -53.9706 13.8096 0 -1 0 9558 1 
0 -10.9475 -13.4341 0 0 0 -1 627 1 
0 37.0003 34.5199 0 0 0 -1 627 1 
0 -34.3582 -25.4122 0 0 0 -1 627 1 
0 52.345 37.9122 0 0 0 -1 627 1 
0 27.291 -2.65769 0 0 0 -1 627 1 
0 -6.66347 24.1024 0 0 0 -1 627 1 
0 -9.98176 4.52349 0 0 0 -1 627 1 
0 9.94072 -19.5063 0 0 0 -1 627 1 
0 2.26957 50.4082 0 0 0 -1 627 1 
0 -36.8485 15.675 0 0 0 -1 627 1 
0 32.6087 46.9989 0 0 0 -1 627 1 
0 -60.7801 -43.0973 0 0 0 -1 627 1 
0 15.6338 -35.2445 0 0 0 -1 627 1 
0 15.8288 44.3384 0 0 0 -1 627 1 
0 -23.3104 -39.8056 0 0 0 -1 627 1 
0 50.0702 10.9677 0 0 0 -1 627 1 
0 -2.46457 -51.75 0 0 0 -1 627 1 
0 -8.02219 47.57 0 0 0 -1 627 1 
0 43.354 -44.7903 0 0 0 -1 627 1 
0 20.444 18.4421 0 0 0 -1 627 1 
0 -46.801 -25.5337 0 0 0 -1 627 1 
0 -60.8619 44.9889 0 0 0 -1 627 1 
0 1.84879 8.37899 0 0 0 -1 627 1 
0 54.6615 17.9331 0 0 0 -1 627 1 
0 -1.89225 -20.2637 0 0 0 -1 627 1 
0 13.4524 -15.2687 0 0 0 -1 627 1 
0 -24.3466 11.9891 0 0 0 -1 627 1 
0 -47.0211 32.5454 41.2539 0.670562 -0.741853 0 3309 3 
0 -47.9232 30.7377 32.8984 0.995965 -0.0897399 0 3309 3 
0 -46.6793 32.809 37.0422 0.547247 -0.836971 0 3309 3 
0 -45.7781 33.1917 38.1775 0.222124 -0.975018 0 3309 3 
0 -46 33.1313 55.6553 0.302198 -0.953245 0 3309 3 
0 -47.8285 31.2475 38.295 0.961824 -0.273667 0 3309 3 
0 -46.77 32.7472 37.6901 0.579951 -0.814652 0 3309 3 
0 -47.5694 31.8638 47.0362 0.868337 -0.495975 0 3309 3 
0 -47.8886 30.9906 33.6001 0.983488 -0.180972 0 3309 3 
0 -45.686 33.211 47.0894 0.188933 -0.98199 0 3309 3 
0 -46.3132 33.0108 55.1332 0.415177 -0.909741 0 3309 3 
0 -46.1914 33.0629 48.5524 0.371239 -0.928537 0 3309 3 
0 -46.7016 32.7943 45.3537 0.555306 -0.831646 0 3309 3 
0 -46.6728 32.8133 42.3318 0.544897 -0.838503 0 3309 3 
0 -47.7916 31.3671 47.8796 0.948497 -0.316785 0 3309 3 
0 -47.8917 30.9732 54.4895 0.984622 -0.174698 0 3309 3 
0 -46.742 32.7668 48.655 0.56987 -0.821735 0 3309 3 
0 -46.2797 33.0258 43.1225 0.403082 -0.915164 0 3309 3 
0 -45.6432 33.2189 56.4883 0.17347 -0.984839 0 3309 3 
0 -47.9311 30.6234 37.1128 0.998822 -0.0485188 0 3309 3 
0 -47.5434 31.9083 37.878 0.858962 -0.512039 0 3309 3 
0 -47.3566 32.1828 54.7113 0.791582 -0.611063 0 3309 3 
0 -46.1204 33.0901 45.2961 0.345641 -0.938367 0 3309 3 
0 -47.9143 30.8217 35.6408 0.992767 -0.120059 0 3309 3 
0 -47.7192 31.5596 47.2282 0.922391 -0.386257 0 3309 3 
0 -47.107 32.4644 51.4492 0.701525 -0.712644 0 3309 3 
0 -47.8901 30.9823 35.9646 0.984035 -0.177977 0 3309 3 
0 10.3359 33.0889 57.7138 -0.346811 -0.937935 0 3041 3 
0 9.50803 33.2577 43.1664 -0.0481595 -0.99884 0 3041 3 
0 12.0682 31.1433 53.2407 -0.97174 -0.236053 0 3041 3 
0 9.71367 33.2401 33.0557 -0.122343 -0.992488 0 3041 3 
0 9.57528 33.2537 47.1891 -0.0724195 -0.997374 0 3041 3 
0 10.3551 33.0817 56.5183 -0.353748 -0.935341 0 3041 3 
0 10.942 32.7752 32.3652 -0.56547 -0.824769 0 3041 3 
0 9.78641 33.2302 30.3273 -0.148584 -0.9889 0 3041 3 
0 10.8542 32.833 39.8624 -0.533796 -0.845613 0 3041 3 
0 11.2569 32.5238 41.6993 -0.679071 -0.734073 0 3041 3 
0 9.65874 33.2463 38.2006 -0.102528 -0.99473 0 3041 3 
0 11.0521 32.6957 48.4125 -0.605164 -0.796101 0 3041 3 
0 9.47358 33.2592 45.2905 -0.0357306 -0.999361 0 3041 3 
0 9.44622 33.26 48.5299 -0.02586 -0.999666 0 3041 3 
0 12.1136 30.9149 49.688 -0.988121 -0.153678 0 3041 3 
0 12.0811 31.0879 32.0383 -0.976373 -0.21609 0 3041 3 
0 9.71723 33.2397 31.9215 -0.123628 -0.992329 0 3041 3 
0 9.74155 33.2366 30.6648 -0.132399 -0.991196 0 3041 3 
0 11.2078 32.5682 50.5394 -0.661354 -0.750074 0 3041 3 
0 12.1448 30.5883 33.5784 -0.999357 -0.0358505 0 3041 3 
0 12.1403 30.6748 53.8556 -0.997749 -0.0670636 0 3041 3 
0 11.9652 31.4751 56.1775 -0.934584 -0.355743 0 3041 3 
0 9.59768 33.252 51.2306 -0.0804973 -0.996755 0 3041 3 
0 12.1263 30.8231 50.3541 -0.992706 -0.120559 0 3041 3 
0 9.46276 33.2595 38.598 -0.0318258 -0.999493 0 3041 3 
0 10.6853 32.9315 56.5562 -0.472868 -0.881133 0 3041 3 
0 12.0439 31.2362 35.2369 -0.962977 -0.269584 0 3041 3 
0 9.73727 -33.2371 50.1617 -0.130855 0.991402 0 2907 3 
0 11.7242 -31.9597 33.2873 -0.847628 0.530591 0 2907 3 
0 9.51208 -33.2575 48.6464 -0.0496199 0.998768 0 2907 3 
0 10.3829 -33.0711 42.6978 -0.363749 0.931497 0 2907 3 
0 12.1464 -30.519 50.3147 -0.999941 0.0108581 0 2907 3 
0 12.1222 -30.8558 48.047 -0.991203 0.132352 0 2907 3 
0 9.64069 -33.2481 30.4543 -0.0960163 0.99538 0 2907 3 
0 11.4117 -32.3689 40.5358 -0.734886 0.678191 0 2907 3 
0 12.1268 -30.8192 38.0157 -0.992876 0.119155 0 2907 3 
0 10.5281 -33.0095 32.9738 -0.416158 0.909292 0 2907 3 
0 11.1504 -32.6174 54.0275 -0.640651 0.767832 0 2907 3 
0 11.7391 -31.9357 44.3722 -0.853002 0.521908 0 2907 3 
0 12.0389 -31.2539 48.1227 -0.961172 0.275949 0 2907 3 
0 11.6502 -32.0717 54.3582 -0.820955 0.570993 0 2907 3 
0 11.4613 -32.3137 53.1674 -0.752778 0.658275 0 2907 3 
0 9.65451 -33.2468 40.6204 -0.101001 0.994886 0 2907 3 
0 11.4786 -32.2936 37.7976 -0.759039 0.651045 0 2907 3 
0 11.3922 -32.3897 32.6283 -0.727873 0.685712 0 2907 3 
0 10.8765 -32.8188 56.2794 -0.541839 0.840482 0 2907 3 
0 11.6284 -32.1026 38.6504 -0.813091 0.582136 0 2907 3 
0 11.6377 -32.0897 55.018 -0.816413 0.577469 0 2907 3 
0 11.158 -32.611 42.0997 -0.643389 0.765539 0 2907 3 
0 11.5438 -32.2147 35.1764 -0.782563 0.622571 0 2907 3 
0 11.2848 -32.4977 45.5737 -0.689106 0.724661 0 2907 3 
0 9.91737 -33.2073 34.2809 -0.195825 0.980639 0 2907 3 
0 10.7008 -32.9231 49.7386 -0.478434 0.878124 0 2907 3 
0 9.66773 -33.2454 42.9409 -0.10577 0.994391 0 2907 3 
0 -47.0214 -32.5451 42.5404 0.670651 0.741773 0 3175 3 
0 -45.5303 -33.2364 32.8102 0.132732 0.991152 0 3175 3 
0 -46.984 -32.5784 51.0436 0.657155 0.753756 0 3175 3 
0 -46.5839 -32.8687 43.1965 0.512821 0.858496 0 3175 3 
0 -45.6411 -33.2193 48.5309 0.172715 0.984972 0 3175 3 
0 -47.8441 -31.1905 52.1351 0.967443 0.253088 0 3175 3 
0 -46.4302 -32.954 42.7303 0.457379 0.889272 0 3175 3 
0 -46.5169 -32.9074 51.068 0.488672 0.872467 0 3175 3 
0 -47.918 -30.7899 35.8674 0.994088 0.108582 0 3175 3 
0 -46.0655 -33.1097 39.64 0.325818 0.945432 0 3175 3 
0 -46.779 -32.7407 45.7553 0.583207 0.812324 0 3175 3 
0 -46.7852 -32.7362 43.8163 0.585463 0.810699 0 3175 3 
0 -46.4819 -32.9267 56.1978 0.476033 0.879428 0 3175 3 
0 -45.7246 -33.2033 44.1748 0.202824 0.979215 0 3175 3 
0 -47.3019 -32.2514 32.4957 0.771855 0.635798 0 3175 3 
0 -47.9342 -30.5185 35.2575 0.999943 0.0106664 0 3175 3 
0 -46.611 -32.8523 51.2167 0.522603 0.852576 0 3175 3 
0 -47.4143 -32.1054 48.7387 0.812379 0.58313 0 3175 3 
0 -47.7192 -31.5597 33.5713 0.922382 0.386279 0 3175 3 
0 -46.6825 -32.8069 55.8802 0.54841 0.83621 0 3175 3 
0 -47.5819 -31.8416 53.2614 0.872853 0.487983 0 3175 3 
0 -45.3168 -33.2566 38.8046 0.0557237 0.998446 0 3175 3 
0 -47.4123 -32.1081 39.4229 0.81168 0.584103 0 3175 3 
0 -47.1862 -32.3832 30.4205 0.730105 0.683335 0 3175 3 
0 -45.7136 -33.2056 31.5895 0.19888 0.980024 0 3175 3 
0 -47.5239 -31.9404 53.1331 0.851949 0.523625 0 3175 3 
0 -47.7786 -31.4049 32.3652 0.943828 0.330438 0 3175 3 
0 -34.9608 -12.3997 30.165 0 0 1 3346 1 
0 -13.1869 7.30417 30.165 0 0 1 3346 1 
0 -20.0816 20.0689 30.165 0 0 1 3346 1 
0 -26.3408 -1.4591 30.165 0 0 1 3346 1 
0 -29.2178 -22.7458 30.165 0 0 1 3346 1 
0 -0.998546 -17.0158 30.165 0 0 1 3346 1 
0 -11.938 22.4089 30.165 0 0 1 3346 1 
0 -21.3653 0.938768 30.165 0 0 1 3346 1 
0 3.98556 -5.99357 30.165 0 0 1 3346 1 
0 -19.9849 30.8088 30.165 0 0 1 3346 1 
0 -23.3494 22.651 30.165 0 0 1 3346 1 
0 -41.7049 21.2077 30.165 0 0 1 3346 1 
0 -26.7961 1.07435 30.165 0 0 1 3346 1 
0 -36.8405 -13.834 30.165 0 0 1 3346 1 
0 -17.2265 26.757 30.165 0 0 1 3346 1 
0 -3.66475 -12.9306 30.165 0 0 1 3346 1 
0 -1.59105 -13.1356 30.165 0 0 1 3346 1 
0 8.75034 -3.29233 30.165 0 0 1 3346 1 
0 -43.1771 -7.82212 30.165 0 0 1 3346 1 
0 -17.9487 -27.0314 30.165 0 0 1 3346 1 
0 -33.3533 -4.15744 30.165 0 0 1 3346 1 
0 3.73096 32.8931 30.165 0 0 1 3346 1 
0 -21.0979 -16.2957 30.165 0 0 1 3346 1 
0 -2.06351 5.46203 30.165 0 0 1 3346 1 
0 -19.5695 15.3403 30.165 0 0 1 3346 1 
0 -30.4984 13.1813 30.165 0 0 1 3346 1 
0 -28.1786 25.0873 30.165 0 0 1 3346 1 
0 -37.4883 -33.261 40.6779 0 1 0 3208 1 
0 -41.193 -33.261 38.688 0 1 0 3208 1 
0 0.750664 -33.261 45.6622 0 1 0 3208 1 
0 -20.5447 -33.261 47.6675 0 1 0 3208 1 
0 -28.9657 -33.261 34.3412 0 1 0 3208 1 
0 -17.5676 -33.261 55.5878 0 1 0 3208 1 
0 -32.7253 -33.261 36.9661 0 1 0 3208 1 
0 -25.3487 -33.261 42.258 0 1 0 3208 1 
0 1.09782 -33.261 48.6358 0 1 0 3208 1 
0 -44.7288 -33.261 43.096 0 1 0 3208 1 
0 -20.9733 -33.261 41.9112 0 1 0 3208 1 
0 -40.2232 -33.261 44.8555 0 1 0 3208 1 
0 -39.6721 -33.261 52.6123 0 1 0 3208 1 
0 -17.5091 -33.261 32.9203 0 1 0 3208 1 
0 -16.3751 -33.261 54.41 0 1 0 3208 1 
0 -28.5408 -33.261 31.3897 0 1 0 3208 1 
0 -20.2468 -33.261 32.2127 0 1 0 3208 1 
0 -43.2082 -33.261 31.2423 0 1 0 3208 1 
0 -33.4695 -33.261 44.5666 0 1 0 3208 1 
0 -10.3995 -33.261 56.0374 0 1 0 3208 1 
0 -41.5462 -33.261 57.5936 0 1 0 3208 1 
0 -27.1503 -33.261 31.2857 0 1 0 3208 1 
0 -34.3637 -33.261 49.4598 0 1 0 3208 1 
0 -33.6769 -33.261 43.6933 0 1 0 3208 1 
0 -12.9882 -33.261 55.1804 0 1 0 3208 1 
0 -39.3439 -33.261 38.5878 0 1 0 3208 1 
0 -5.80158 -33.261 45.1061 0 1 0 3208 1 
0 12.1466 14.4587 45.8551 -1 0 0 3074 1 
0 12.1466 24.9445 53.308 -1 0 0 3074 1 
0 12.1466 -5.06786 44.8951 -1 0 0 3074 1 
0 12.1466 2.17098 31.2384 -1 0 0 3074 1 
0 12.1466 -16.801 38.7339 -1 0 0 3074 1 
0 12.1466 -19.6302 51.9147 -1 0 0 3074 1 
0 12.1466 -13.6547 31.3609 -1 0 0 3074 1 
0 12.1466 -29.4544 41.8555 -1 0 0 3074 1 
0 12.1466 14.9257 45.9272 -1 0 0 3074 1 
0 12.1466 17.7194 33.6112 -1 0 0 3074 1 
0 12.1466 10.151 48.4853 -1 0 0 3074 1 
0 12.1466 -2.33067 55.1712 -1 0 0 3074 1 
0 12.1466 -30.0089 47.1206 -1 0 0 3074 1 
0 12.1466 -25.0467 51.6001 -1 0 0 3074 1 
0 12.1466 -26.6539 33.3529 -1 0 0 3074 1 
0 12.1466 -7.61205 38.0886 -1 0 0 3074 1 
0 12.1466 -13.8051 42.9654 -1 0 0 3074 1 
0 12.1466 -30.3152 38.3052 -1 0 0 3074 1 
0 12.1466 18.6675 55.4757 -1 0 0 3074 1 
0 12.1466 6.88389 56.0381 -1 0 0 3074 1 
0 12.1466 -10.2645 33.356 -1 0 0 3074 1 
0 12.1466 26.305 44.1395 -1 0 0 3074 1 
0 12.1466 12.8256 46.5973 -1 0 0 3074 1 
0 12.1466 -3.82794 39.0838 -1 0 0 3074 1 
0 12.1466 2.19411 48.6634 -1 0 0 3074 1 
0 12.1466 -28.2273 46.294 -1 0 0 3074 1 
0 12.1466 5.48915 42.7622 -1 0 0 3074 1 
0 61.9209 20.2577 44.2007 1 0 0 9556 1 
0 61.9209 -24.6307 34.5706 1 0 0 9556 1 
0 61.9209 -42.831 14.1148 1 0 0 9556 1 
0 61.9209 49.0847 1.16414 1 0 0 9556 1 
0 61.9209 42.6475 21.7007 1 0 0 9556 1 
0 61.9209 29.9308 11.3526 1 0 0 9556 1 
0 61.9209 0.378559 44.2479 1 0 0 9556 1 
0 61.9209 -39.028 3.52799 1 0 0 9556 1 
0 61.9209 3.07249 25.1292 1 0 0 9556 1 
0 61.9209 -43.4337 30.7619 1 0 0 9556 1 
0 61.9209 0.629376 17.1226 1 0 0 9556 1 
0 61.9209 -27.8497 18.8515 1 0 0 9556 1 
0 61.9209 4.47481 36.9048 1 0 0 9556 1 
0 61.9209 24.2291 9.18602 1 0 0 9556 1 
0 61.9209 -19.1128 11.4459 1 0 0 9556 1 
0 61.9209 -45.8554 46.3157 1 0 0 9556 1 
0 61.9209 32.9281 9.83957 1 0 0 9556 1 
0 61.9209 -14.4601 7.72966 1 0 0 9556 1 
0 61.9209 27.8338 7.38902 1 0 0 9556 1 
0 61.9209 28.7458 39.7899 1 0 0 9556 1 
0 61.9209 -46.9511 28.9292 1 0 0 9556 1 
0 61.9209 -43.2481 16.0578 1 0 0 9556 1 
0 61.9209 23.9169 41.7156 1 0 0 9556 1 
0 61.9209 32.3228 30.19 1 0 0 9556 1 
0 61.9209 -22.2977 15.6835 1 0 0 9556 1 
0 61.9209 -9.34712 21.4499 1 0 0 9556 1 
0 61.9209 -28.3239 3.59391 1 0 0 9556 1 
0 32.461 5.66136 52.0168 1 0 0 30067 1 
0 32.461 -28.6145 52.8474 1 0 0 30067 1 
0 32.461 -18.5073 49.8729 1 0 0 30067 1 
0 32.461 -32.0168 49.9632 1 0 0 30067 1 
0 32.461 -32.3409 47.961 1 0 0 30067 1 
0 32.461 -29.2764 50.4964 1 0 0 30067 1 
0 32.461 -25.0597 49.7455 1 0 0 30067 1 
0 32.461 34.1419 54.171 1 0 0 30067 1 
0 32.461 7.68986 50.9661 1 0 0 30067 1 
0 32.461 -28.6606 51.1733 1 0 0 30067 1 
0 32.461 -40.035 51.3115 1 0 0 30067 1 
0 32.461 -10.6221 49.2117 1 0 0 30067 1 
0 32.461 -1.38915 48.072 1 0 0 30067 1 
0 32.461 -26.9876 49.2471 1 0 0 30067 1 
0 32.461 -33.7224 50.2243 1 0 0 30067 1 
0 32.461 14.1878 50.8958 1 0 0 30067 1 
0 32.461 -52.6545 53.4837 1 0 0 30067 1 
0 32.461 24.1519 53.8669 1 0 0 30067 1 
0 32.461 12.9007 50.7048 1 0 0 30067 1 
0 32.461 40.8761 49.014 1 0 0 30067 1 
0 32.461 21.4731 49.6132 1 0 0 30067 1 
0 32.461 27.0433 50.4515 1 0 0 30067 1 
0 32.461 24.8235 55.1583 1 0 0 30067 1 
0 32.461 9.21435 48.4422 1 0 0 30067 1 
0 32.461 -18.9939 52.1349 1 0 0 30067 1 
0 32.461 -0.684005 50.5259 1 0 0 30067 1 
0 32.461 -23.7741 49.0138 1 0 0 30067 1 
0 27.6927 -21.0053 57.1967 0 1 0 31456 1 
0 21.9713 -21.0053 54.4247 0 1 0 31456 1 
0 25.7915 -21.0053 57.2062 0 1 0 31456 1 
0 16.9844 -21.0053 53.6567 0 1 0 31456 1 
0 31.7648 -21.0053 54.4617 0 1 0 31456 1 
0 28.6593 -21.0053 55.7985 0 1 0 31456 1 
0 26.4198 -21.0053 56.2216 0 1 0 31456 1 
0 27.8573 -21.0053 55.6415 0 1 0 31456 1 
0 17.058 -21.0053 56.8028 0 1 0 31456 1 
0 24.0609 -21.0053 54.3237 0 1 0 31456 1 
0 21.5703 -21.0053 56.6586 0 1 0 31456 1 
0 25.7069 -21.0053 56.7433 0 1 0 31456 1 
0 21.2461 -21.0053 54.3085 0 1 0 31456 1 
0 22.0332 -21.0053 57.747 0 1 0 31456 1 
0 17.4884 -21.0053 54.5612 0 1 0 31456 1 
0 28.2282 -21.0053 56.8794 0 1 0 31456 1 
0 31.7697 -21.0053 57.2801 0 1 0 31456 1 
0 29.7489 -21.0053 56.0516 0 1 0 31456 1 
0 29.9542 -21.0053 57.1403 0 1 0 31456 1 
0 15.544 -21.0053 55.2098 0 1 0 31456 1 
0 29.8634 -21.0053 56.9568 0 1 0 31456 1 
0 29.3843 -21.0053 55.5494 0 1 0 31456 1 
0 29.0796 -21.0053 54.026 0 1 0 31456 1 
0 17.2859 -21.0053 57.5921 0 1 0 31456 1 
0 27.8346 -21.0053 54.5044 0 1 0 31456 1 
0 17.1303 -21.0053 56.7506 0 1 0 31456 1 
0 23.3739 -21.0053 53.9258 0 1 0 31456 1 
0 13.6578 -20.5882 57.0291 0.808786 0.588103 0 31417 3 
0 13.4807 -20.1746 56.6883 0.983713 0.179745 0 31417 3 
0 13.7556 -20.7034 55.8402 0.712274 0.701901 0 31417 3 
0 13.5623 -20.4275 53.9181 0.9031 0.42943 0 31417 3 
0 13.5199 -20.3238 54.0294 0.945026 0.326996 0 31417 3 
0 13.6092 -20.5147 56.5595 0.856844 0.515576 0 31417 3 
0 14.3322 -20.9949 55.6194 0.142869 0.989742 0 31417 3 
0 13.787 -20.734 54.9826 0.681197 0.7321 0 31417 3 
0 13.6306 -20.5488 54.2734 0.835683 0.549211 0 31417 3 
0 13.4653 -20.0402 56.3199 0.998896 0.0469857 0 31417 3 
0 13.4804 -20.1733 56.7861 0.983949 0.178448 0 31417 3 
0 14.2983 -20.9894 53.8448 0.176349 0.984328 0 31417 3 
0 13.883 -20.8129 57.4791 0.586415 0.81001 0 31417 3 
0 14.4677 -21.0052 53.995 0 0.99996 0 31417 3 
0 13.9902 -20.8807 53.3235 0.480601 0.87694 0 31417 3 
0 14.4513 -21.005 55.7616 0.0252371 0.999681 0 31417 3 
0 13.7522 -20.7 55.1863 0.71558 0.69853 0 31417 3 
0 13.465 -20.0333 54.2091 0.999194 0.040137 0 31417 3 
0 13.5837 -20.4699 56.6105 0.881948 0.471346 0 31417 3 
0 13.9736 -20.8714 56.2636 0.496911 0.867802 0 31417 3 
0 13.5481 -20.3963 56.5159 0.917105 0.398646 0 31417 3 
0 13.551 -20.4029 53.2185 0.914263 0.405121 0 31417 3 
0 14.0794 -20.924 56.3486 0.392461 0.919769 0 31417 3 
0 14.4648 -21.0052 53.7463 0.0118408 0.99993 0 31417 3 
0 13.6383 -20.5603 55.0028 0.828089 0.560597 0 31417 3 
0 14.4599 -21.0051 54.8439 0.016706 0.99986 0 31417 3 
0 13.4846 -20.1949 53.8659 0.979857 0.199701 0 31417 3 
0 22.6193 21.0053 55.4229 0 -1 0 32144 1 
0 22.2971 21.0053 54.5167 0 -1 0 32144 1 
0 19.4259 21.0053 55.1981 0 -1 0 32144 1 
0 31.6964 21.0053 53.7196 0 -1 0 32144 1 
0 15.6262 21.0053 56.6804 0 -1 0 32144 1 
0 25.9281 21.0053 55.5673 0 -1 0 32144 1 
0 21.2887 21.0053 54.719 0 -1 0 32144 1 
0 15.9929 21.0053 56.607 0 -1 0 32144 1 
0 24.9877 21.0053 57.4217 0 -1 0 32144 1 
0 29.4271 21.0053 56.7149 0 -1 0 32144 1 
0 32.3305 21.0053 57.6308 0 -1 0 32144 1 
0 29.4914 21.0053 56.8457 0 -1 0 32144 1 
0 28.4702 21.0053 57.6675 0 -1 0 32144 1 
0 21.8207 21.0053 56.8281 0 -1 0 32144 1 
0 24.1772 21.0053 53.7263 0 -1 0 32144 1 
0 19.2147 21.0053 54.5949 0 -1 0 32144 1 
0 17.8814 21.0053 57.3848 0 -1 0 32144 1 
0 21.0404 21.0053 55.1258 0 -1 0 32144 1 
0 16.227 21.0053 53.6423 0 -1 0 32144 1 
0 19.9428 21.0053 53.5479 0 -1 0 32144 1 
0 18.2245 21.0053 53.5136 0 -1 0 32144 1 
0 21.9775 21.0053 57.1551 0 -1 0 32144 1 
0 28.5126 21.0053 55.9475 0 -1 0 32144 1 
0 20.0629 21.0053 57.6739 0 -1 0 32144 1 
0 16.5665 21.0053 56.9509 0 -1 0 32144 1 
0 22.0558 21.0053 55.7798 0 -1 0 32144 1 
0 22.7039 21.0053 53.3008 0 -1 0 32144 1 
0 13.4642 -8.64515 55.49 1 0 0 32150 1 
0 13.4642 -9.98389 54.1711 1 0 0 32150 1 
0 13.4642 1.51543 53.2554 1 0 0 32150 1 
0 13.4642 6.90597 54.6752 1 0 0 32150 1 
0 13.4642 -11.9802 56.1371 1 0 0 32150 1 
0 13.4642 -4.42399 53.5943 1 0 0 32150 1 
0 13.4642 17.1292 55.0455 1 0 0 32150 1 
0 13.4642 -16.2253 54.919 1 0 0 32150 1 
0 13.4642 -4.61549 57.3311 1 0 0 32150 1 
0 13.4642 -19.5748 53.2664 1 0 0 32150 1 
0 13.4642 14.9698 57.4538 1 0 0 32150 1 
0 13.4642 19.5978 53.72 1 0 0 32150 1 
0 13.4642 -5.39769 53.3967 1 0 0 32150 1 
0 13.4642 -11.6431 54.7335 1 0 0 32150 1 
0 13.4642 5.09271 57.1854 1 0 0 32150 1 
0 13.4642 -11.6329 57.3617 1 0 0 32150 1 
0 13.4642 -7.54471 54.6848 1 0 0 32150 1 
0 13.4642 0.0978847 57.5361 1 0 0 32150 1 
0 13.4642 0.342814 55.9464 1 0 0 32150 1 
0 13.4642 0.268028 54.6652 1 0 0 32150 1 
0 13.4642 13.1352 57.7315 1 0 0 32150 1 
0 13.4642 -10.5784 54.5218 1 0 0 32150 1 
0 13.4642 7.31904 54.5618 1 0 0 32150 1 
0 13.4642 19.4978 53.8246 1 0 0 32150 1 
0 13.4642 8.60932 54.9418 1 0 0 32150 1 
0 13.4642 12.8803 56.1311 1 0 0 32150 1 
0 13.4642 11.323 57.7965 1 0 0 32150 1 
0 18.7963 -0.318858 53.1516 0 0 1 32154 1 
0 31.2061 10.3879 53.1516 0 0 1 32154 1 
0 31.2736 -14.3 53.1516 0 0 1 32154 1 
0 14.7212 -5.83836 53.1516 0 0 1 32154 1 
0 28.7382 5.29503 53.1516 0 0 1 32154 1 
0 31.1342 -17.4143 53.1516 0 0 1 32154 1 
0 30.66 -0.702719 53.1516 0 0 1 32154 1 
0 18.8641 12.6396 53.1516 0 0 1 32154 1 
0 23.3129 7.89872 53.1516 0 0 1 32154 1 
0 25.8549 -0.609382 53.1516 0 0 1 32154 1 
0 17.8625 -18.1822 53.1516 0 0 1 32154 1 
0 25.4089 17.2905 53.1516 0 0 1 32154 1 
0 15.7184 -8.6286 53.1516 0 0 1 32154 1 
0 30.4329 7.89461 53.1516 0 0 1 32154 1 
0 29.6695 9.73434 53.1516 0 0 1 32154 1 
0 32.4445 -7.42289 53.1516 0 0 1 32154 1 
0 23.5473 -9.02372 53.1516 0 0 1 32154 1 
0 28.0771 16.8635 53.1516 0 0 1 32154 1 
0 28.0769 -13.3458 53.1516 0 0 1 32154 1 
0 16.9568 8.2383 53.1516 0 0 1 32154 1 
0 19.1594 7.77675 53.1516 0 0 1 32154 1 
0 26.3271 -12.8469 53.1516 0 0 1 32154 1 
0 21.9856 8.77396 53.1516 0 0 1 32154 1 
0 24.9983 8.28583 53.1516 0 0 1 32154 1 
0 17.6374 4.02002 53.1516 0 0 1 32154 1 
0 18.0261 0.133467 53.1516 0 0 1 32154 1 
0 19.192 11.1329 53.1516 0 0 1 32154 1 
0 13.471 20.1095 54.2919 0.99332 -0.115393 0 32115 3 
0 13.477 20.1534 53.4221 0.987316 -0.158768 0 32115 3 
0 13.8087 20.7536 55.1806 0.659771 -0.751467 0 32115 3 
0 14.0261 20.8994 54.358 0.445144 -0.895459 0 32115 3 
0 13.9245 20.8414 53.8264 0.54544 -0.83815 0 32115 3 
0 13.7315 20.6782 56.1219 0.73599 -0.676992 0 32115 3 
0 14.2808 20.9861 54.6483 0.193639 -0.981073 0 32115 3 
0 14.3276 20.9942 56.0197 0.147328 -0.989088 0 32115 3 
0 13.847 20.7856 57.5774 0.621971 -0.783041 0 32115 3 
0 14.3722 20.9999 55.0589 0.103338 -0.994646 0 32115 3 
0 13.9309 20.8455 57.0791 0.539096 -0.842244 0 32115 3 
0 13.5197 20.3233 54.6895 0.945167 -0.326588 0 32115 3 
0 13.658 20.5885 57.6887 0.808574 -0.588394 0 32115 3 
0 13.927 20.843 57.7263 0.543007 -0.839728 0 32115 3 
0 13.9149 20.835 57.4547 0.554947 -0.831885 0 32115 3 
0 14.2056 20.9683 54.2859 0.26783 -0.963466 0 32115 3 
0 13.7615 20.7093 56.5342 0.706445 -0.707767 0 32115 3 
0 13.7913 20.7379 55.6339 0.676974 -0.736007 0 32115 3 
0 13.9437 20.8536 54.9878 0.526439 -0.850213 0 32115 3 
0 13.5324 20.358 55.3394 0.932652 -0.360777 0 32115 3 
0 13.4925 20.2303 55.8885 0.972068 -0.234701 0 32115 3 
0 14.1459 20.9497 57.0263 0.32677 -0.945104 0 32115 3 
0 13.4774 20.1556 56.5382 0.98696 -0.160968 0 32115 3 
0 13.6912 20.6315 57.5758 0.775833 -0.630938 0 32115 3 
0 14.0913 20.929 57.6012 0.380679 -0.924707 0 32115 3 
0 13.9031 20.8271 57.295 0.566537 -0.824036 0 32115 3 
0 14.3739 21 53.2316 0.101669 -0.994818 0 32115 3 
0 -36.3493 53.9706 10.9374 0 1 0 43641 1 
0 -60.1496 53.9706 35.0917 0 1 0 43641 1 
0 40.3444 53.9706 44.3197 0 1 0 43641 1 
0 9.47378 53.9706 46.8427 0 1 0 43641 1 
0 -32.2404 53.9706 3.33038 0 1 0 43641 1 
0 26.0333 53.9706 50.4636 0 1 0 43641 1 
0 54.2618 53.9706 1.60274 0 1 0 43641 1 
0 -29.4836 53.9706 12.1797 0 1 0 43641 1 
0 40.8765 53.9706 9.10578 0 1 0 43641 1 
0 -49.5278 53.9706 7.11202 0 1 0 43641 1 
0 -31.4059 53.9706 3.70173 0 1 0 43641 1 
0 -36.7623 53.9706 33.7243 0 1 0 43641 1 
0 7.79497 53.9706 47.3906 0 1 0 43641 1 
0 -56.0463 53.9706 6.09957 0 1 0 43641 1 
0 -42.7837 53.9706 46.2242 0 1 0 43641 1 
0 14.4001 53.9706 17.4993 0 1 0 43641 1 
0 51.3235 53.9706 44.108 0 1 0 43641 1 
0 19.9355 53.9706 12.9358 0 1 0 43641 1 
0 42.1821 53.9706 13.1704 0 1 0 43641 1 
0 23.4831 53.9706 19.4935 0 1 0 43641 1 
0 -35.4552 53.9706 46.5886 0 1 0 43641 1 
0 -34.9297 53.9706 13.9717 0 1 0 43641 1 
0 41.57 53.9706 18.9021 0 1 0 43641 1 
0 1.21402 53.9706 22.6832 0 1 0 43641 1 
0 44.9256 53.9706 41.3269 0 1 0 43641 1 
0 35.4911 53.9706 4.58381 0 1 0 43641 1 
0 -23.8132 53.9706 32.1933 0 1 0 43641 1 
0 5.45991 33.261 49.0966 0 -1 0 43645 1 
0 -3.65496 33.261 39.692 0 -1 0 43645 1 
0 -2.39108 33.261 42.2274 0 -1 0 43645 1 
0 -27.2241 33.261 49.634 0 -1 0 43645 1 
0 -37.0638 33.261 50.428 0 -1 0 43645 1 
0 -22.8625 33.261 35.6848 0 -1 0 43645 1 
0 -18.4201 33.261 49.7872 0 -1 0 43645 1 
0 -17.7539 33.261 36.842 0 -1 0 43645 1 
0 -11.0993 33.261 31.7518 0 -1 0 43645 1 
0 -38.5294 33.261 49.5608 0 -1 0 43645 1 
0 -27.9404 33.261 41.325 0 -1 0 43645 1 
0 -13.5354 33.261 38.9815 0 -1 0 43645 1 
0 8.35725 33.261 37.2489 0 -1 0 43645 1 
0 -23.9936 33.261 42.894 0 -1 0 43645 1 
0 -0.988286 33.261 53.5953 0 -1 0 43645 1 
0 -41.5392 33.261 41.3736 0 -1 0 43645 1 
0 -22.2683 33.261 32.676 0 -1 0 43645 1 
0 -21.6257 33.261 51.9035 0 -1 0 43645 1 
0 -3.49711 33.261 48.8512 0 -1 0 43645 1 
0 5.739 33.261 47.3356 0 -1 0 43645 1 
0 7.46733 33.261 49.7109 0 -1 0 43645 1 
0 -29.0417 33.261 35.274 0 -1 0 43645 1 
0 -5.96101 33.261 48.341 0 -1 0 43645 1 
0 3.72982 33.261 37.7981 0 -1 0 43645 1 
0 5.49433 33.261 46.6102 0 -1 0 43645 1 
0 -5.8148 33.261 47.8112 0 -1 0 43645 1 
0 -19.4117 33.261 41.4875 0 -1 0 43645 1 
0 -23.7461 49.8187 52.6582 0 0 1 43609 1 
0 -15.965 39.481 52.6582 0 0 1 43609 1 
0 -22.8611 41.0125 52.6582 0 0 1 43609 1 
0 -15.2516 36.1629 52.6582 0 0 1 43609 1 
0 -14.1217 42.9526 52.6582 0 0 1 43609 1 
0 -17.7456 35.8145 52.6582 0 0 1 43609 1 
0 -22.3818 43.1978 52.6582 0 0 1 43609 1 
0 -4.78241 40.6059 52.6582 0 0 1 43609 1 
0 -22.0383 37.0597 52.6582 0 0 1 43609 1 
0 -6.27936 51.4442 52.6582 0 0 1 43609 1 
0 -4.22566 37.7398 52.6582 0 0 1 43609 1 
0 -20.3137 45.3701 52.6582 0 0 1 43609 1 
0 -21.1316 40.9346 52.6582 0 0 1 43609 1 
0 -18.7388 45.2705 52.6582 0 0 1 43609 1 
0 -20.2548 44.9082 52.6582 0 0 1 43609 1 
0 -10.6935 40.8632 52.6582 0 0 1 43609 1 
0 -5.7582 43.4201 52.6582 0 0 1 43609 1 
0 -19.4588 37.8758 52.6582 0 0 1 43609 1 
0 -3.44896 42.937 52.6582 0 0 1 43609 1 
0 -22.5378 50.3679 52.6582 0 0 1 43609 1 
0 -2.82363 35.928 52.6582 0 0 1 43609 1 
0 -3.01797 38.12 52.6582 0 0 1 43609 1 
0 -22.7076 43.2073 52.6582 0 0 1 43609 1 
0 -3.55224 37.1511 52.6582 0 0 1 43609 1 
0 -7.26153 38.5387 52.6582 0 0 1 43609 1 
0 -27.4995 38.1079 52.6582 0 0 1 43609 1 
0 -16.1549 44.0802 52.6582 0 0 1 43609 1 
0 -27.9837 49.2467 56.2439 1 0 0 43621 1 
0 -27.9837 44.4361 55.0129 1 0 0 43621 1 
0 -27.9837 45.5335 56.9404 1 0 0 43621 1 
0 -27.9837 33.5141 56.8124 1 0 0 43621 1 
0 -27.9837 34.0591 56.326 1 0 0 43621 1 
0 -27.9837 52.532 57.5023 1 0 0 43621 1 
0 -27.9837 43.4471 56.0153 1 0 0 43621 1 
0 -27.9837 38.3389 56.2956 1 0 0 43621 1 
0 -27.9837 47.28 54.9376 1 0 0 43621 1 
0 -27.9837 33.2712 56.5153 1 0 0 43621 1 
0 -27.9837 36.2453 54.9145 1 0 0 43621 1 
0 -27.9837 44.4181 56.0614 1 0 0 43621 1 
0 -27.9837 34.929 54.2865 1 0 0 43621 1 
0 -27.9837 43.4937 54.2696 1 0 0 43621 1 
0 -27.9837 39.458 54.0561 1 0 0 43621 1 
0 -27.9837 51.6206 57.0615 1 0 0 43621 1 
0 -27.9837 42.8239 52.7681 1 0 0 43621 1 
0 -27.9837 45.4901 52.981 1 0 0 43621 1 
0 -27.9837 43.4816 53.0347 1 0 0 43621 1 
0 -27.9837 40.8377 54.777 1 0 0 43621 1 
0 -27.9837 52.3461 55.0085 1 0 0 43621 1 
0 -27.9837 41.778 53.4786 1 0 0 43621 1 
0 -27.9837 34.2368 54.821 1 0 0 43621 1 
0 -27.9837 52.25 57.6142 1 0 0 43621 1 
0 -27.9837 50.3494 56.0389 1 0 0 43621 1 
0 -27.9837 52.8547 53.2911 1 0 0 43621 1 
0 -27.9837 51.067 52.7156 1 0 0 43621 1 
0 -1.47626 37.1536 53.3707 -1 0 0 43627 1 
0 -1.47626 50.6411 57.1629 -1 0 0 43627 1 
0 -1.47626 51.0633 56.7755 -1 0 0 43627 1 
0 -1.47626 45.3879 56.2476 -1 0 0 43627 1 
0 -1.47626 39.6326 56.7969 -1 0 0 43627 1 
0 -1.47626 36.0059 55.7619 -1 0 0 43627 1 
0 -1.47626 39.6089 53.3392 -1 0 0 43627 1 
0 -1.47626 36.7079 56.0174 -1 0 0 43627 1 
0 -1.47626 36.7382 56.1213 -1 0 0 43627 1 
0 -1.47626 44.5839 56.6662 -1 0 0 43627 1 
0 -1.47626 50.9044 53.0957 -1 0 0 43627 1 
0 -1.47626 38.803 55.9546 -1 0 0 43627 1 
0 -1.47626 43.9443 53.1849 -1 0 0 43627 1 
0 -1.47626 34.3903 55.7674 -1 0 0 43627 1 
0 -1.47626 46.6161 52.8416 -1 0 0 43627 1 
0 -1.47626 33.6608 53.9125 -1 0 0 43627 1 
0 -1.47626 44.0695 54.5382 -1 0 0 43627 1 
0 -1.47626 42.4818 54.3283 -1 0 0 43627 1 
0 -1.47626 37.3937 52.89 -1 0 0 43627 1 
0 -1.47626 49.3776 53.4387 -1 0 0 43627 1 
0 -1.47626 45.5207 55.3922 -1 0 0 43627 1 
0 -1.47626 50.0377 54.4686 -1 0 0 43627 1 
0 -1.47626 36.769 57.5193 -1 0 0 43627 1 
0 -1.47626 38.3976 55.0514 -1 0 0 43627 1 
0 -1.47626 38.754 56.0531 -1 0 0 43627 1 
0 -1.47626 36.3219 56.6313 -1 0 0 43627 1 
0 -1.47626 33.3939 55.9978 -1 0 0 43627 1 
0 36.177 6.73731 43.7861 0.903871 -0.427806 0 74486 3 
0 37.5196 7.85171 46.9073 0.254062 -0.967188 0 74486 3 
0 37.6143 7.87423 47.2987 0.208196 -0.978087 0 74486 3 
0 36.2411 6.86172 45.1657 0.87283 -0.488024 0 74486 3 
0 36.0852 6.5092 46.9041 0.948292 -0.317398 0 74486 3 
0 36.0469 6.38088 46.5618 0.966864 -0.25529 0 74486 3 
0 36.2679 6.90806 44.909 0.859906 -0.510453 0 74486 3 
0 36.0852 6.5092 44.0697 0.948292 -0.317398 0 74486 3 
0 36.5886 7.31936 47.293 0.704679 -0.709526 0 74486 3 
0 37.0109 7.64237 43.8269 0.500277 -0.865865 0 74486 3 
0 37.6757 7.88632 44.3355 0.178496 -0.983941 0 74486 3 
0 36.2898 6.9442 45.2001 0.849278 -0.527947 0 74486 3 
0 36.0997 6.55079 46.424 0.941314 -0.337532 0 74486 3 
0 36.1307 6.63192 45.877 0.926296 -0.376796 0 74486 3 
0 37.2048 7.74116 46.7967 0.406436 -0.913679 0 74486 3 
0 36.0565 6.41594 44.697 0.962224 -0.27226 0 74486 3 
0 35.9863 6.0342 44.0342 0.996165 -0.0874954 0 74486 3 
0 35.9886 6.05807 44.6843 0.995083 -0.0990458 0 74486 3 
0 37.7255 7.89473 45.7451 0.154389 -0.98801 0 74486 3 
0 37.5747 7.86537 45.7269 0.227402 -0.973801 0 74486 3 
0 37.3666 7.80513 46.4649 0.328106 -0.944641 0 74486 3 
0 36.5878 7.31856 43.9499 0.70507 -0.709138 0 74486 3 
0 37.27 7.76884 44.62 0.374864 -0.92708 0 74486 3 
0 36.0283 6.30472 46.5381 0.975853 -0.21843 0 74486 3 
0 36.0427 6.36487 47.213 0.968877 -0.247542 0 74486 3 
0 37.8332 7.90867 43.8256 0.102242 -0.99476 0 74486 3 
0 35.9849 6.01678 44.6565 0.99687 -0.0790637 0 74486 3 
0 35.9784 -3.16011 46.437 1 0 0 74653 1 
0 35.9784 1.63105 45.468 1 0 0 74653 1 
0 35.9784 1.8799 46.6407 1 0 0 74653 1 
0 35.9784 0.12585 47.1299 1 0 0 74653 1 
0 35.9784 -5.0241 44.0391 1 0 0 74653 1 
0 35.9784 -4.16753 45.7303 1 0 0 74653 1 
0 35.9784 -0.807086 46.424 1 0 0 74653 1 
0 35.9784 2.98763 45.7226 1 0 0 74653 1 
0 35.9784 -5.42184 46.4568 1 0 0 74653 1 
0 35.9784 5.50339 45.9603 1 0 0 74653 1 
0 35.9784 -0.424086 45.2857 1 0 0 74653 1 
0 35.9784 -4.37368 46.2913 1 0 0 74653 1 
0 35.9784 4.08259 45.2319 1 0 0 74653 1 
0 35.9784 -2.09801 46.2722 1 0 0 74653 1 
0 35.9784 -2.28442 45.133 1 0 0 74653 1 
0 35.9784 -1.69911 46.2265 1 0 0 74653 1 
0 35.9784 -1.19518 45.6876 1 0 0 74653 1 
0 35.9784 3.36295 47.099 1 0 0 74653 1 
0 35.9784 5.82601 46.5555 1 0 0 74653 1 
0 35.9784 4.65798 46.7928 1 0 0 74653 1 
0 35.9784 0.712765 45.0606 1 0 0 74653 1 
0 35.9784 2.32426 45.4405 1 0 0 74653 1 
0 35.9784 -4.43102 46.7879 1 0 0 74653 1 
0 35.9784 3.8174 43.93 1 0 0 74653 1 
0 35.9784 -3.87618 44.7217 1 0 0 74653 1 
0 35.9784 -4.05964 45.5164 1 0 0 74653 1 
0 35.9784 2.30693 45.5681 1 0 0 74653 1 
0 36.1625 -6.70603 46.5884 0.910882 0.412668 0 74620 3 
0 37.7129 -7.89272 45.135 0.160496 0.987037 0 74620 3 
0 37.2871 -7.77567 46.6828 0.366583 0.930385 0 74620 3 
0 37.4937 -7.84474 45.3894 0.266582 0.963812 0 74620 3 
0 36.9204 -7.58694 44.6023 0.544073 0.839038 0 74620 3 
0 37.0212 -7.64829 45.4179 0.495288 0.868729 0 74620 3 
0 36.2426 -6.86431 44.2394 0.872127 0.489279 0 74620 3 
0 36.6478 -7.37591 45.1829 0.676004 0.736898 0 74620 3 
0 37.6799 -7.88709 44.9061 0.176444 0.984311 0 74620 3 
0 36.368 -7.06099 46.1982 0.811414 0.584472 0 74620 3 
0 35.9822 -5.9781 44.8581 0.998178 0.0603417 0 74620 3 
0 36.0013 -6.15983 46.4896 0.988942 0.1483 0 74620 3 
0 36.9026 -7.57529 44.5491 0.552672 0.833399 0 74620 3 
0 36.2294 -6.84039 46.4792 0.878525 0.477697 0 74620 3 
0 36.2007 -6.78575 45.1732 0.892397 0.45125 0 74620 3 
0 36.1466 -6.66997 44.841 0.918589 0.395215 0 74620 3 
0 35.9811 -5.95966 46.6187 0.998677 0.0514152 0 74620 3 
0 36.6728 -7.39851 45.8469 0.663886 0.747834 0 74620 3 
0 36.1033 -6.56095 45.6411 0.939538 0.342446 0 74620 3 
0 36.3505 -7.03619 46.5677 0.819927 0.572468 0 74620 3 
0 36.6546 -7.38216 45.6707 0.672694 0.739921 0 74620 3 
0 36.0709 -6.4647 45.9014 0.955231 0.295862 0 74620 3 
0 36.1522 -6.68274 45.0794 0.915906 0.401393 0 74620 3 
0 37.198 -7.73813 45.4627 0.409718 0.912212 0 74620 3 
0 37.3189 -7.78792 47.0361 0.351169 0.936312 0 74620 3 
0 37.2505 -7.76085 44.0307 0.384288 0.923213 0 74620 3 
0 37.8726 -7.91234 44.9864 0.0831729 0.996535 0 74620 3 
0 55.1329 7.9195 47.1657 0 -1 0 74787 1 
0 54.8274 7.9195 46.9309 0 -1 0 74787 1 
0 45.5512 7.9195 45.1904 0 -1 0 74787 1 
0 51.2313 7.9195 45.8363 0 -1 0 74787 1 
0 45.2906 7.9195 44.0094 0 -1 0 74787 1 
0 44.6247 7.9195 45.8087 0 -1 0 74787 1 
0 47.3762 7.9195 45.3924 0 -1 0 74787 1 
0 53.5694 7.9195 46.6978 0 -1 0 74787 1 
0 55.7146 7.9195 44.8243 0 -1 0 74787 1 
0 45.1519 7.9195 45.8033 0 -1 0 74787 1 
0 47.7427 7.9195 44.7118 0 -1 0 74787 1 
0 47.7828 7.9195 46.8221 0 -1 0 74787 1 
0 44.8124 7.9195 44.7157 0 -1 0 74787 1 
0 42.4115 7.9195 45.2922 0 -1 0 74787 1 
0 40.2549 7.9195 44.4229 0 -1 0 74787 1 
0 38.2423 7.9195 47.1958 0 -1 0 74787 1 
0 48.342 7.9195 45.1924 0 -1 0 74787 1 
0 44.8369 7.9195 44.0227 0 -1 0 74787 1 
0 42.3867 7.9195 47.1457 0 -1 0 74787 1 
0 47.7033 7.9195 44.7691 0 -1 0 74787 1 
0 46.9782 7.9195 45.6114 0 -1 0 74787 1 
0 46.7382 7.9195 44.0952 0 -1 0 74787 1 
0 54.5765 7.9195 47.0086 0 -1 0 74787 1 
0 41.5785 7.9195 44.3719 0 -1 0 74787 1 
0 51.4163 7.9195 46.0729 0 -1 0 74787 1 
0 38.2348 7.9195 44.6513 0 -1 0 74787 1 
0 42.6951 7.9195 46.4593 0 -1 0 74787 1 
0 58.2876 6.53567 47.0489 -0.943907 -0.330211 0 74754 3 
0 57.381 7.63657 46.9803 -0.505105 -0.863058 0 74754 3 
0 58.1471 6.85038 44.5618 -0.875878 -0.482533 0 74754 3 
0 58.1875 6.77308 45.3715 -0.89547 -0.445122 0 74754 3 
0 57.3724 7.6416 45.9741 -0.50092 -0.865493 0 74754 3 
0 58.4034 5.87314 47.2581 -0.999954 0 0 74754 3 
0 58.3965 6.02389 45.4109 -0.996591 -0.0825039 0 74754 3 
0 56.6648 7.8934 46.0976 -0.158461 -0.987365 0 74754 3 
0 57.943 7.15372 44.6094 -0.777117 -0.629356 0 74754 3 
0 56.7193 7.88391 46.2546 -0.184813 -0.982774 0 74754 3 
0 56.5163 7.91174 47.25 -0.0865884 -0.996244 0 74754 3 
0 58.3593 6.27873 46.9458 -0.978583 -0.205851 0 74754 3 
0 56.5073 7.91251 44.1683 -0.0822177 -0.996614 0 74754 3 
0 58.2889 6.53212 44.8664 -0.944507 -0.328491 0 74754 3 
0 58.3831 6.14326 44.4689 -0.990111 -0.140283 0 74754 3 
0 58.3671 6.2395 44.004 -0.982386 -0.186861 0 74754 3 
0 58.4023 5.92557 45.2558 -0.99939 -0.0349161 0 74754 3 
0 58.3505 6.31824 44.1216 -0.974365 -0.224974 0 74754 3 
0 58.3074 6.47633 45.5591 -0.95347 -0.301489 0 74754 3 
0 58.3176 6.44319 45.559 -0.958394 -0.28545 0 74754 3 
0 57.7223 7.38665 45.0387 -0.670296 -0.742094 0 74754 3 
0 57.459 7.58861 44.4223 -0.542826 -0.839845 0 74754 3 
0 56.5236 7.9111 46.3989 -0.0900981 -0.995933 0 74754 3 
0 58.4025 5.9179 46.8359 -0.999513 -0.0312029 0 74754 3 
0 57.7734 7.33887 45.5823 -0.69504 -0.718971 0 74754 3 
0 58.0701 6.97889 46.632 -0.838607 -0.544737 0 74754 3 
0 56.6789 7.8911 46.6877 -0.165249 -0.986252 0 74754 3 
0 39.3448 -21.599 47.3449 0 0 1 74910 1 
0 48.4463 -22.8115 47.3449 0 0 1 74910 1 
0 55.6822 -23.8606 47.3449 0 0 1 74910 1 
0 49.3093 -39.7215 47.3449 0 0 1 74910 1 
0 59.1695 -50.7971 47.3449 0 0 1 74910 1 
0 61.7514 16.8762 47.3449 0 0 1 74910 1 
0 61.6169 1.47306 47.3449 0 0 1 74910 1 
0 57.9114 -39.4098 47.3449 0 0 1 74910 1 
0 37.5979 -46.0212 47.3449 0 0 1 74910 1 
0 45.9551 11.336 47.3449 0 0 1 74910 1 
0 58.6893 20.7091 47.3449 0 0 1 74910 1 
0 33.5257 44.8214 47.3449 0 0 1 74910 1 
0 38.5876 -34.4231 47.3449 0 0 1 74910 1 
0 50.251 38.1962 47.3449 0 0 1 74910 1 
0 59.1974 46.9111 47.3449 0 0 1 74910 1 
0 40.3475 -35.1857 47.3449 0 0 1 74910 1 
0 36.1108 -23.0708 47.3449 0 0 1 74910 1 
0 33.7974 -38.3299 47.3449 0 0 1 74910 1 
0 52.3141 11.3132 47.3449 0 0 1 74910 1 
0 40.4092 -50.3549 47.3449 0 0 1 74910 1 
0 38.475 -52.6252 47.3449 0 0 1 74910 1 
0 41.9273 29.2187 47.3449 0 0 1 74910 1 
0 50.8254 -11.1347 47.3449 0 0 1 74910 1 
0 54.9643 27.1259 47.3449 0 0 1 74910 1 
0 48.634 -43.5284 47.3449 0 0 1 74910 1 
0 58.0262 36.8195 47.3449 0 0 1 74910 1 
0 40.1453 35.6392 47.3449 0 0 1 74910 1 
0 50.4981 -7.9195 47.0261 0 1 0 74915 1 
0 38.3521 -7.9195 45.6574 0 1 0 74915 1 
0 47.8345 -7.9195 45.9253 0 1 0 74915 1 
0 54.8095 -7.9195 46.5503 0 1 0 74915 1 
0 43.3863 -7.9195 44.7217 0 1 0 74915 1 
0 47.0593 -7.9195 47.1424 0 1 0 74915 1 
0 42.2365 -7.9195 45.5072 0 1 0 74915 1 
0 48.9411 -7.9195 45.977 0 1 0 74915 1 
0 44.8381 -7.9195 45.2665 0 1 0 74915 1 
0 40.2765 -7.9195 45.8298 0 1 0 74915 1 
0 47.5052 -7.9195 44.8371 0 1 0 74915 1 
0 48.5906 -7.9195 44.9643 0 1 0 74915 1 
0 43.9603 -7.9195 45.2502 0 1 0 74915 1 
0 55.4934 -7.9195 44.736 0 1 0 74915 1 
0 50.3192 -7.9195 43.9941 0 1 0 74915 1 
0 43.6349 -7.9195 45.4739 0 1 0 74915 1 
0 45.843 -7.9195 46.7988 0 1 0 74915 1 
0 51.3901 -7.9195 43.748 0 1 0 74915 1 
0 44.3757 -7.9195 45.0717 0 1 0 74915 1 
0 45.391 -7.9195 46.0257 0 1 0 74915 1 
0 42.4099 -7.9195 45.3965 0 1 0 74915 1 
0 43.7615 -7.9195 46.1494 0 1 0 74915 1 
0 55.3995 -7.9195 47.015 0 1 0 74915 1 
0 43.5772 -7.9195 45.078 0 1 0 74915 1 
0 52.2032 -7.9195 44.6871 0 1 0 74915 1 
0 44.7738 -7.9195 44.5891 0 1 0 74915 1 
0 53.0147 -7.9195 45.8866 0 1 0 74915 1 
0 58.4035 4.07286 46.7471 -1 0 0 74921 1 
0 58.4035 -2.40339 46.2588 -1 0 0 74921 1 
0 58.4035 3.8434 45.7197 -1 0 0 74921 1 
0 58.4035 4.30544 46.5579 -1 0 0 74921 1 
0 58.4035 5.29179 46.5569 -1 0 0 74921 1 
0 58.4035 -3.50997 44.8022 -1 0 0 74921 1 
0 58.4035 0.908374 46.4148 -1 0 0 74921 1 
0 58.4035 2.05291 44.2025 -1 0 0 74921 1 
0 58.4035 -4.08518 46.1084 -1 0 0 74921 1 
0 58.4035 -0.889349 44.3591 -1 0 0 74921 1 
0 58.4035 -4.07509 45.992 -1 0 0 74921 1 
0 58.4035 -5.48106 47.3158 -1 0 0 74921 1 
0 58.4035 -0.986081 43.8559 -1 0 0 74921 1 
0 58.4035 -5.06992 45.1762 -1 0 0 74921 1 
0 58.4035 1.13837 46.9666 -1 0 0 74921 1 
0 58.4035 2.99353 47.0323 -1 0 0 74921 1 
0 58.4035 3.05783 43.8222 -1 0 0 74921 1 
0 58.4035 4.69577 46.8836 -1 0 0 74921 1 
0 58.4035 0.62041 46.7668 -1 0 0 74921 1 
0 58.4035 -3.26684 45.8761 -1 0 0 74921 1 
0 58.4035 -5.51643 46.6086 -1 0 0 74921 1 
0 58.4035 0.573249 47.3292 -1 0 0 74921 1 
0 58.4035 2.00914 44.9642 -1 0 0 74921 1 
0 58.4035 5.57761 44.375 -1 0 0 74921 1 
0 58.4035 -3.07802 44.8376 -1 0 0 74921 1 
0 58.4035 5.17961 46.0102 -1 0 0 74921 1 
0 58.4035 5.39228 45.4412 -1 0 0 74921 1 
0 46.1364 -1.98783 43.7387 0 0 1 74925 1 
0 53.1233 -4.81046 43.7387 0 0 1 74925 1 
0 39.8322 1.13732 43.7387 0 0 1 74925 1 
0 39.8838 -0.299617 43.7387 0 0 1 74925 1 
0 53.0516 0.727088 43.7387 0 0 1 74925 1 
0 51.9849 -6.51117 43.7387 0 0 1 74925 1 
0 44.5154 0.689787 43.7387 0 0 1 74925 1 
0 45.7851 -1.38836 43.7387 0 0 1 74925 1 
0 39.3818 -7.52675 43.7387 0 0 1 74925 1 
0 47.8605 3.59153 43.7387 0 0 1 74925 1 
0 49.6215 -3.39319 43.7387 0 0 1 74925 1 
0 43.3662 1.23069 43.7387 0 0 1 74925 1 
0 53.1545 -2.66763 43.7387 0 0 1 74925 1 
0 57.4209 -1.77995 43.7387 0 0 1 74925 1 
0 38.5522 -2.62186 43.7387 0 0 1 74925 1 
0 54.6036 -4.59415 43.7387 0 0 1 74925 1 
0 40.3009 0.494098 43.7387 0 0 1 74925 1 
0 53.389 -6.29429 43.7387 0 0 1 74925 1 
0 42.5947 -6.71515 43.7387 0 0 1 74925 1 
0 36.5956 -2.43267 43.7387 0 0 1 74925 1 
0 40.3654 -7.2194 43.7387 0 0 1 74925 1 
0 50.9179 -5.63794 43.7387 0 0 1 74925 1 
0 54.0492 -4.45494 43.7387 0 0 1 74925 1 
0 41.4636 3.55826 43.7387 0 0 1 74925 1 
0 36.9328 -6.33539 43.7387 0 0 1 74925 1 
0 45.4884 -5.05296 43.7387 0 0 1 74925 1 
0 46.934 -3.46481 43.7387 0 0 1 74925 1 
0 58.3023 -6.49217 44.677 -0.951011 0.309158 0 74888 3 
0 58.1736 -6.80065 45.8837 -0.888712 0.458465 0 74888 3 
0 57.3882 -7.63238 46.8658 -0.508556 0.861029 0 74888 3 
0 57.9148 -7.18787 47.0444 -0.763438 0.645881 0 74888 3 
0 57.8727 -7.23607 45.5624 -0.743073 0.66921 0 74888 3 
0 57.7156 -7.39268 46.5776 -0.667052 0.745011 0 74888 3 
0 57.876 -7.23238 47.2511 -0.744675 0.667427 0 74888 3 
0 56.6007 -7.90266 45.9149 -0.127433 0.991847 0 74888 3 
0 56.8062 -7.86562 45.3509 -0.226889 0.973921 0 74888 3 
0 56.8752 -7.84828 45.8594 -0.260293 0.96553 0 74888 3 
0 58.3923 -6.0688 45.6759 -0.994552 0.104244 0 74888 3 
0 58.2659 -6.5948 43.8813 -0.933402 0.358832 0 74888 3 
0 56.9618 -7.8229 44.318 -0.302198 0.953245 0 74888 3 
0 58.2689 -6.58712 45.5934 -0.934823 0.355115 0 74888 3 
0 58.0676 -6.98271 46.7374 -0.837404 0.546585 0 74888 3 
0 58.0657 -6.98557 44.1371 -0.836499 0.547969 0 74888 3 
0 56.781 -7.87133 44.7214 -0.214686 0.976683 0 74888 3 
0 58.3863 -6.11937 46.2605 -0.991682 0.128716 0 74888 3 
0 57.4018 -7.62427 46.0188 -0.515145 0.857103 0 74888 3 
0 56.8349 -7.85872 46.7618 -0.240778 0.97058 0 74888 3 
0 57.3683 -7.64395 45.956 -0.498948 0.866632 0 74888 3 
0 57.3893 -7.6317 44.9422 -0.509113 0.8607 0 74888 3 
0 57.3691 -7.64351 44.3477 -0.499322 0.866416 0 74888 3 
0 56.9528 -7.82574 47.1104 -0.297831 0.954619 0 74888 3 
0 56.3572 -7.91941 44.8151 0 0.999954 0 74888 3 
0 58.4016 -5.94239 43.9053 -0.999073 0.0430594 0 74888 3 
0 56.742 -7.8795 45.6797 -0.195825 0.980639 0 74888 3 
0 -31.3948 -38.4283 57.8061 0 0 1 137009 1 
0 -58.0747 -32.9043 57.8061 0 0 1 137009 1 
0 -45.6112 -42.123 57.8061 0 0 1 137009 1 
0 28.8347 41.9569 57.8061 0 0 1 137009 1 
0 14.3309 -20.9572 57.8061 0 0 1 137009 1 
0 -9.83913 -45.1598 57.8061 0 0 1 137009 1 
0 6.57208 33.8932 57.8061 0 0 1 137009 1 
0 9.1406 40.6544 57.8061 0 0 1 137009 1 
0 -11.9341 -36.2665 57.8061 0 0 1 137009 1 
0 14.7811 -48.5341 57.8061 0 0 1 137009 1 
0 -47.8086 -48.5132 57.8061 0 0 1 137009 1 
0 25.8423 -37.388 57.8061 0 0 1 137009 1 
0 29.0778 30.3619 57.8061 0 0 1 137009 1 
0 19.8537 -51.7358 57.8061 0 0 1 137009 1 
0 -13.111 -50.529 57.8061 0 0 1 137009 1 
0 -25.4185 -50.1022 57.8061 0 0 1 137009 1 
0 10.04 -47.2998 57.8061 0 0 1 137009 1 
0 0.130455 -47.1277 57.8061 0 0 1 137009 1 
0 19.4042 -37.1346 57.8061 0 0 1 137009 1 
0 -23.2068 -37.7699 57.8061 0 0 1 137009 1 
0 27.0836 -30.5444 57.8061 0 0 1 137009 1 
0 15.5815 33.7759 57.8061 0 0 1 137009 1 
0 22.9279 -33.7148 57.8061 0 0 1 137009 1 
0 -31.1255 -46.3944 57.8061 0 0 1 137009 1 
0 3.66632 -44.0763 57.8061 0 0 1 137009 1 
0 13.7901 49.9885 57.8061 0 0 1 137009 1 
0 -58.331 -29.0157 57.8061 0 0 1 137009 1 
0 -37.1082 40.4205 57.8061 0 0 1 137013 1 
0 -52.393 9.17686 57.8061 0 0 1 137013 1 
0 -46.4931 44.6275 57.8061 0 0 1 137013 1 
0 -50.9858 45.186 57.8061 0 0 1 137013 1 
0 -51.8466 25.0007 57.8061 0 0 1 137013 1 
0 -57.388 4.85732 57.8061 0 0 1 137013 1 
0 -60.6055 12.1771 57.8061 0 0 1 137013 1 
0 -39.7398 38.2253 57.8061 0 0 1 137013 1 
0 -49.84 39.1 57.8061 0 0 1 137013 1 
0 -60.5064 9.89982 57.8061 0 0 1 137013 1 
0 -52.3312 24.2627 57.8061 0 0 1 137013 1 
0 -60.1924 26.087 57.8061 0 0 1 137013 1 
0 -39.9487 44.1336 57.8061 0 0 1 137013 1 
0 -36.8665 38.7657 57.8061 0 0 1 137013 1 
0 -60.0013 40.8648 57.8061 0 0 1 137013 1 
0 -54.2445 32.4359 57.8061 0 0 1 137013 1 
0 -34.841 35.2009 57.8061 0 0 1 137013 1 
0 -52.4938 5.3587 57.8061 0 0 1 137013 1 
0 -43.7478 53.9202 57.8061 0 0 1 137013 1 
0 -45.7994 39.5495 57.8061 0 0 1 137013 1 
0 -51.0131 37.1198 57.8061 0 0 1 137013 1 
0 -35.9635 44.4705 57.8061 0 0 1 137013 1 
0 -56.1938 37.222 57.8061 0 0 1 137013 1 
0 -35.0288 42.5442 57.8061 0 0 1 137013 1 
0 -32.1149 42.811 57.8061 0 0 1 137013 1 
0 -57.7619 31.6978 57.8061 0 0 1 137013 1 
0 -53.6169 31.0511 57.8061 0 0 1 137013 1 
0 -61.9209 -42.5343 12.9397 -1 0 0 137015 1 
0 -61.9209 -1.93946 4.74761 -1 0 0 137015 1 
0 -61.9209 -44.9074 11.9415 -1 0 0 137015 1 
0 -61.9209 16.5209 9.45579 -1 0 0 137015 1 
0 -61.9209 -23.9887 33.0655 -1 0 0 137015 1 
0 -61.9209 27.4867 36.7742 -1 0 0 137015 1 
0 -61.9209 -49.8006 0.505078 -1 0 0 137015 1 
0 -61.9209 -45.3765 26.9861 -1 0 0 137015 1 
0 -61.9209 15.2768 11.1578 -1 0 0 137015 1 
0 -61.9209 -24.5444 28.8589 -1 0 0 137015 1 
0 -61.9209 -6.50624 8.75966 -1 0 0 137015 1 
0 -61.9209 -8.78875 11.1952 -1 0 0 137015 1 
0 -61.9209 -42.7133 19.3414 -1 0 0 137015 1 
0 -61.9209 -41.0408 34.2746 -1 0 0 137015 1 
0 -61.9209 -18.7832 41.2726 -1 0 0 137015 1 
0 -61.9209 27.5754 32.2908 -1 0 0 137015 1 
0 -61.9209 39.5116 6.95563 -1 0 0 137015 1 
0 -61.9209 53.4326 38.1966 -1 0 0 137015 1 
0 -61.9209 42.9803 0.178974 -1 0 0 137015 1 
0 -61.9209 -41.0331 47.7099 -1 0 0 137015 1 
0 -61.9209 13.0745 48.0094 -1 0 0 137015 1 
0 -61.9209 -15.6533 15.2832 -1 0 0 137015 1 
0 -61.9209 -10.2412 16.3551 -1 0 0 137015 1 
0 -61.9209 16.336 39.374 -1 0 0 137015 1 
0 -61.9209 -36.0443 36.1565 -1 0 0 137015 1 
0 -61.9209 11.3738 7.37964 -1 0 0 137015 1 
0 -61.9209 -49.5953 27.4394 -1 0 0 137015 1 
0 -47.9343 -6.24142 49.2046 1 0 0 137019 1 
0 -47.9343 -25.2267 36.9638 1 0 0 137019 1 
0 -47.9343 0.187735 32.0958 1 0 0 137019 1 
0 -47.9343 -0.40458 33.2892 1 0 0 137019 1 
0 -47.9343 0.223359 46.5989 1 0 0 137019 1 
0 -47.9343 -0.816737 40.1581 1 0 0 137019 1 
0 -47.9343 -27.4138 37.9898 1 0 0 137019 1 
0 -47.9343 26.9365 30.284 1 0 0 137019 1 
0 -47.9343 -7.7938 43.091 1 0 0 137019 1 
0 -47.9343 -19.1625 51.3234 1 0 0 137019 1 
0 -47.9343 -22.6623 40.2942 1 0 0 137019 1 
0 -47.9343 7.874 51.1799 1 0 0 137019 1 
0 -47.9343 -26.4173 43.5761 1 0 0 137019 1 
0 -47.9343 -11.7398 35.2673 1 0 0 137019 1 
0 -47.9343 -7.96749 36.5236 1 0 0 137019 1 
0 -47.9343 6.07845 50.2678 1 0 0 137019 1 
0 -47.9343 19.9729 40.6153 1 0 0 137019 1 
0 -47.9343 25.0252 52.9311 1 0 0 137019 1 
0 -47.9343 14.0208 41.6632 1 0 0 137019 1 
0 -47.9343 6.99492 46.2252 1 0 0 137019 1 
0 -47.9343 -0.907746 39.5296 1 0 0 137019 1 
0 -47.9343 -16.6679 39.4727 1 0 0 137019 1 
0 -47.9343 2.13509 37.1127 1 0 0 137019 1 
0 -47.9343 26.2545 39.3794 1 0 0 137019 1 
0 -47.9343 6.54174 37.2882 1 0 0 137019 1 
0 -47.9343 13.0733 32.0716 1 0 0 137019 1 
0 -47.9343 22.4895 35.9137 1 0 0 137019 1 
0 -53.7259 -7.67011 51.5514 0 0 1 136981 1 
0 -54.0732 -14.437 51.5514 0 0 1 136981 1 
0 -53.0578 -0.704195 51.5514 0 0 1 136981 1 
0 -51.8642 -3.55276 51.5514 0 0 1 136981 1 
0 -51.0316 -3.17491 51.5514 0 0 1 136981 1 
0 -56.0835 -16.1249 51.5514 0 0 1 136981 1 
0 -56.9991 -12.7408 51.5514 0 0 1 136981 1 
0 -56.8697 -4.42947 51.5514 0 0 1 136981 1 
0 -61.4378 -18.8572 51.5514 0 0 1 136981 1 
0 -55.4304 -3.07014 51.5514 0 0 1 136981 1 
0 -53.9469 -13.1581 51.5514 0 0 1 136981 1 
0 -55.3613 -12.4276 51.5514 0 0 1 136981 1 
0 -56.9584 -14.3444 51.5514 0 0 1 136981 1 
0 -55.1707 -2.03469 51.5514 0 0 1 136981 1 
0 -51.2674 -11.7215 51.5514 0 0 1 136981 1 
0 -58.1974 2.22122 51.5514 0 0 1 136981 1 
0 -53.1235 -10.7224 51.5514 0 0 1 136981 1 
0 -54.5135 -11.9351 51.5514 0 0 1 136981 1 
0 -60.3514 -6.59001 51.5514 0 0 1 136981 1 
0 -56.4998 -2.5237 51.5514 0 0 1 136981 1 
0 -54.5241 -13.5672 51.5514 0 0 1 136981 1 
0 -52.0254 -15.4818 51.5514 0 0 1 136981 1 
0 -60.8327 -3.73774 51.5514 0 0 1 136981 1 
0 -56.431 -18.9695 51.5514 0 0 1 136981 1 
0 -60.2584 -5.59525 51.5514 0 0 1 136981 1 
0 -49.269 -5.60458 51.5514 0 0 1 136981 1 
0 -50.5866 -4.4325 51.5514 0 0 1 136981 1 
0 -60.4096 2.98737 56.0586 0 -1 0 136993 1 
0 -52.5723 2.98737 51.9877 0 -1 0 136993 1 
0 -51.3458 2.98737 52.2938 0 -1 0 136993 1 
0 -60.6609 2.98737 53.5089 0 -1 0 136993 1 
0 -58.0036 2.98737 54.8347 0 -1 0 136993 1 
0 -58.426 2.98737 55.6348 0 -1 0 136993 1 
0 -52.0532 2.98737 53.1777 0 -1 0 136993 1 
0 -48.0758 2.98737 51.8368 0 -1 0 136993 1 
0 -60.3112 2.98737 51.9821 0 -1 0 136993 1 
0 -61.4334 2.98737 52.2062 0 -1 0 136993 1 
0 -56.8616 2.98737 54.0395 0 -1 0 136993 1 
0 -49.109 2.98737 56.829 0 -1 0 136993 1 
0 -57.0951 2.98737 56.6991 0 -1 0 136993 1 
0 -59.1153 2.98737 57.3694 0 -1 0 136993 1 
0 -59.8156 2.98737 54.5165 0 -1 0 136993 1 
0 -57.0933 2.98737 56.4889 0 -1 0 136993 1 
0 -59.1379 2.98737 57.1539 0 -1 0 136993 1 
0 -58.506 2.98737 53.3816 0 -1 0 136993 1 
0 -56.717 2.98737 53.3805 0 -1 0 136993 1 
0 -57.4242 2.98737 53.2103 0 -1 0 136993 1 
0 -51.9617 2.98737 52.7988 0 -1 0 136993 1 
0 -61.0925 2.98737 56.4207 0 -1 0 136993 1 
0 -59.4959 2.98737 56.1734 0 -1 0 136993 1 
0 -50.4352 2.98737 56.8163 0 -1 0 136993 1 
0 -49.0564 2.98737 55.6374 0 -1 0 136993 1 
0 -50.6096 2.98737 56.1494 0 -1 0 136993 1 
0 -61.0097 2.98737 55.2915 0 -1 0 136993 1 
0 -53.3177 -19.0532 54.9809 0 1 0 136999 1 
0 -50.0537 -19.0532 53.0055 0 1 0 136999 1 
0 -59.0466 -19.0532 52.7784 0 1 0 136999 1 
0 -57.9459 -19.0532 57.1596 0 1 0 136999 1 
0 -53.6651 -19.0532 51.9688 0 1 0 136999 1 
0 -57.7275 -19.0532 55.158 0 1 0 136999 1 
0 -61.4125 -19.0532 56.2244 0 1 0 136999 1 
0 -54.718 -19.0532 53.8833 0 1 0 136999 1 
0 -50.2071 -19.0532 56.4308 0 1 0 136999 1 
0 -57.3099 -19.0532 56.4759 0 1 0 136999 1 
0 -58.5256 -19.0532 54.6432 0 1 0 136999 1 
0 -52.2562 -19.0532 51.9983 0 1 0 136999 1 
0 -53.8664 -19.0532 56.7962 0 1 0 136999 1 
0 -53.5725 -19.0532 53.0215 0 1 0 136999 1 
0 -48.1094 -19.0532 57.681 0 1 0 136999 1 
0 -53.1776 -19.0532 57.0105 0 1 0 136999 1 
0 -48.6307 -19.0532 53.075 0 1 0 136999 1 
0 -51.8332 -19.0532 53.0168 0 1 0 136999 1 
0 -56.1913 -19.0532 51.8828 0 1 0 136999 1 
0 -49.7889 -19.0532 57.4476 0 1 0 136999 1 
0 -51.226 -19.0532 56.1155 0 1 0 136999 1 
0 -52.4721 -19.0532 54.1196 0 1 0 136999 1 
0 -50.1005 -19.0532 55.0225 0 1 0 136999 1 
0 -59.754 -19.0532 55.0778 0 1 0 136999 1 
0 -56.2232 -19.0532 56.6378 0 1 0 136999 1 
0 -61.8892 -19.0532 55.9753 0 1 0 136999 1 
0 -51.8141 -19.0532 56.5661 0 1 0 136999 1 
