0 25.0984 -66.8044 127.063 1 0 0 25283 1 
0 25.0984 -73.9469 125.408 1 0 0 25283 1 
0 25.0984 -72.3897 128.74 1 0 0 25283 1 
0 25.0984 -73.3398 128.357 1 0 0 25283 1 
0 25.0984 -67.3475 131.692 1 0 0 25283 1 
0 25.0984 -71.906 131.542 1 0 0 25283 1 
0 25.0984 -73.6494 131.073 1 0 0 25283 1 
0 25.0984 -76.9696 127.081 1 0 0 25283 1 
0 25.0984 -64.812 126.435 1 0 0 25283 1 
0 25.0984 -63.8496 128.903 1 0 0 25283 1 
0 25.0984 -78.7711 127.215 1 0 0 25283 1 
0 25.0984 -78.291 130.921 1 0 0 25283 1 
0 25.0984 -63.5413 129.844 1 0 0 25283 1 
0 25.0984 -77.5294 131.164 1 0 0 25283 1 
0 25.0984 -68.9493 132.408 1 0 0 25283 1 
0 25.0984 -78.0487 126.768 1 0 0 25283 1 
0 25.0984 -76.7253 125.983 1 0 0 25283 1 
0 25.0984 -70.2652 130.48 1 0 0 25283 1 
0 25.0984 -68.948 130.084 1 0 0 25283 1 
0 25.0984 -66.7994 130.489 1 0 0 25283 1 
0 25.0984 -62.2992 127.455 1 0 0 25283 1 
0 25.0984 -71.8343 126.436 1 0 0 25283 1 
0 25.0984 -76.4922 131.741 1 0 0 25283 1 
0 25.0984 -63.3155 128.493 1 0 0 25283 1 
0 25.0984 -78.3339 130.569 1 0 0 25283 1 
0 -68.2123 -19.5553 132.719 0 0 1 25410 1 
0 -70.3188 -53.285 132.719 0 0 1 25410 1 
0 3.84372 -63.8008 132.719 0 0 1 25410 1 
0 2.42032 74.0223 132.719 0 0 1 25410 1 
0 -28.6981 73.3226 132.719 0 0 1 25410 1 
0 -74.7067 -12.9203 132.719 0 0 1 25410 1 
0 16.3645 -68.1254 132.719 0 0 1 25410 1 
0 0.183621 -69.3113 132.719 0 0 1 25410 1 
0 -81.0587 35.3853 132.719 0 0 1 25410 1 
0 -60.2882 -67.2903 132.719 0 0 1 25410 1 
0 -68.4222 78.5922 132.719 0 0 1 25410 1 
0 -41.6732 77.1778 132.719 0 0 1 25410 1 
0 -75.3148 -42.0245 132.719 0 0 1 25410 1 
0 -7.73934 -65.6709 132.719 0 0 1 25410 1 
0 -42.4096 68.0754 132.719 0 0 1 25410 1 
0 -26.2232 -62.6674 132.719 0 0 1 25410 1 
0 -73.7247 -34.2788 132.719 0 0 1 25410 1 
0 11.89 -74.8542 132.719 0 0 1 25410 1 
0 -73.9512 70.9009 132.719 0 0 1 25410 1 
0 -67.3771 6.26643 132.719 0 0 1 25410 1 
0 16.8795 -70.8928 132.719 0 0 1 25410 1 
0 -1.32203 -66.8489 132.719 0 0 1 25410 1 
0 -71.4581 -27.8943 132.719 0 0 1 25410 1 
0 -65.3489 -36.4954 132.719 0 0 1 25410 1 
0 9.90665 -72.4723 132.719 0 0 1 25410 1 
0 -41.5261 -79.402 117.093 0 -1 0 25434 1 
0 -75.6643 -79.402 0.50891 0 -1 0 25434 1 
0 17.9345 -79.402 83.5917 0 -1 0 25434 1 
0 8.85741 -79.402 54.0342 0 -1 0 25434 1 
0 -25.483 -79.402 33.4452 0 -1 0 25434 1 
0 -30.1834 -79.402 60.9174 0 -1 0 25434 1 
0 39.8278 -79.402 60.8144 0 -1 0 25434 1 
0 75.0283 -79.402 57.3877 0 -1 0 25434 1 
0 66.3937 -79.402 92.7878 0 -1 0 25434 1 
0 12.1531 -79.402 28.4444 0 -1 0 25434 1 
0 64.5657 -79.402 17.0944 0 -1 0 25434 1 
0 -19.1429 -79.402 126.846 0 -1 0 25434 1 
0 39.8738 -79.402 24.7811 0 -1 0 25434 1 
0 -30.9033 -79.402 114.35 0 -1 0 25434 1 
0 67.7179 -79.402 90.1522 0 -1 0 25434 1 
0 28.7937 -79.402 29.4805 0 -1 0 25434 1 
0 30.8787 -79.402 62.5748 0 -1 0 25434 1 
0 8.26083 -79.402 89.8678 0 -1 0 25434 1 
0 -26.1928 -79.402 124.648 0 -1 0 25434 1 
0 -10.2346 -79.402 30.5949 0 -1 0 25434 1 
0 27.6364 -79.402 87.021 0 -1 0 25434 1 
0 -31.6929 -79.402 96.1774 0 -1 0 25434 1 
0 27.6879 -79.402 31.7461 0 -1 0 25434 1 
0 -50.8238 -79.402 27.0185 0 -1 0 25434 1 
0 72.5829 -79.402 8.7818 0 -1 0 25434 1 
0 43.3893 79.402 10.8467 0 1 0 25440 1 
0 22.3684 79.402 125.523 0 1 0 25440 1 
0 50.8555 79.402 87.6372 0 1 0 25440 1 
0 24.5207 79.402 6.80223 0 1 0 25440 1 
0 -8.24641 79.402 112.084 0 1 0 25440 1 
0 29.5709 79.402 53.171 0 1 0 25440 1 
0 -8.4218 79.402 16.5711 0 1 0 25440 1 
0 -31.0608 79.402 32.6464 0 1 0 25440 1 
0 25.7446 79.402 81.1127 0 1 0 25440 1 
0 50.9092 79.402 87.3982 0 1 0 25440 1 
0 -44.5717 79.402 26.9882 0 1 0 25440 1 
0 55.3275 79.402 96.6019 0 1 0 25440 1 
0 65.3305 79.402 58.2063 0 1 0 25440 1 
0 -30.358 79.402 128.477 0 1 0 25440 1 
0 -54.3173 79.402 13.8737 0 1 0 25440 1 
0 46.0842 79.402 15.0849 0 1 0 25440 1 
0 47.7281 79.402 99.8775 0 1 0 25440 1 
0 -23.6076 79.402 48.658 0 1 0 25440 1 
0 -21.2657 79.402 12.4402 0 1 0 25440 1 
0 -61.5603 79.402 15.8928 0 1 0 25440 1 
0 47.451 79.402 29.5022 0 1 0 25440 1 
0 -13.9656 79.402 34.3488 0 1 0 25440 1 
0 47.9153 79.402 3.23726 0 1 0 25440 1 
0 -61.765 79.402 49.2271 0 1 0 25440 1 
0 -8.75588 79.402 28.2525 0 1 0 25440 1 
0 -81.7598 26.912 73.4141 -1 0 0 606 1 
0 -81.7598 -77.5573 90.2599 -1 0 0 606 1 
0 -81.7598 4.99949 45.173 -1 0 0 606 1 
0 -81.7598 -12.1887 80.7022 -1 0 0 606 1 
0 -81.7598 -25.4939 71.6769 -1 0 0 606 1 
0 -81.7598 61.4885 84.2719 -1 0 0 606 1 
0 -81.7598 74.4457 107.103 -1 0 0 606 1 
0 -81.7598 -45.724 89.3381 -1 0 0 606 1 
0 -81.7598 -62.9605 40.8332 -1 0 0 606 1 
0 -81.7598 -8.64567 98.109 -1 0 0 606 1 
0 -81.7598 31.4155 90.2516 -1 0 0 606 1 
0 -81.7598 78.8166 18.3909 -1 0 0 606 1 
0 -81.7598 44.0798 92.9195 -1 0 0 606 1 
0 -81.7598 -22.9423 126.172 -1 0 0 606 1 
0 -81.7598 -6.48699 15.6277 -1 0 0 606 1 
0 -81.7598 2.01855 55.8116 -1 0 0 606 1 
0 -81.7598 11.7134 119.965 -1 0 0 606 1 
0 -81.7598 -32.3514 34.478 -1 0 0 606 1 
0 -81.7598 -75.9751 60.6423 -1 0 0 606 1 
0 -81.7598 62.4098 92.898 -1 0 0 606 1 
0 -81.7598 26.6219 76.8165 -1 0 0 606 1 
0 -81.7598 41.833 86.7407 -1 0 0 606 1 
0 -81.7598 4.00752 74.8421 -1 0 0 606 1 
0 -81.7598 9.29638 2.79405 -1 0 0 606 1 
0 -81.7598 35.2805 50.3813 -1 0 0 606 1 
0 -57.7858 -59.9515 132.049 0.675285 0.737557 0 3175 3 
0 -58.3799 -59.2911 105.043 0.804669 0.593724 0 3175 3 
0 -57.7459 -59.9877 117.789 0.666588 0.745426 0 3175 3 
0 -55.0254 -61.1439 90.2582 0.0741085 0.99725 0 3175 3 
0 -55.4501 -61.0924 94.4513 0.166604 0.986024 0 3175 3 
0 -59.1536 -57.6215 91.4523 0.973163 0.230117 0 3175 3 
0 -57.1816 -60.4186 126.152 0.543692 0.839285 0 3175 3 
0 -59.1052 -57.8087 110.711 0.962614 0.270876 0 3175 3 
0 -57.1442 -60.4426 86.4164 0.535552 0.844502 0 3175 3 
0 -58.8729 -58.448 130.479 0.912035 0.410112 0 3175 3 
0 -56.0087 -60.9617 91.8414 0.288244 0.957557 0 3175 3 
0 -56.8396 -60.6197 118.044 0.46921 0.883086 0 3175 3 
0 -59.2053 -57.3723 105.044 0.984418 0.175846 0 3175 3 
0 -58.8056 -58.5911 118.293 0.897368 0.441283 0 3175 3 
0 -56.1505 -60.9165 85.6418 0.319133 0.94771 0 3175 3 
0 -58.9849 -58.1759 111.802 0.93643 0.350854 0 3175 3 
0 -57.2879 -60.3476 102.398 0.56684 0.823828 0 3175 3 
0 -56.0377 -60.9529 124.312 0.294557 0.955634 0 3175 3 
0 -56.3318 -60.8512 101.322 0.358608 0.933488 0 3175 3 
0 -58.4445 -59.2013 93.5686 0.818741 0.574163 0 3175 3 
0 -56.2135 -60.8948 86.4323 0.33285 0.94298 0 3175 3 
0 -56.1369 -60.921 97.0785 0.316163 0.948705 0 3175 3 
0 -58.5459 -59.0505 96.5743 0.840811 0.541329 0 3175 3 
0 -56.82 -60.6301 120.768 0.464943 0.88534 0 3175 3 
0 -55.3184 -61.1127 89.5128 0.137909 0.990445 0 3175 3 
0 -59.2064 57.3662 91.3768 0.984656 -0.174508 0 3309 3 
0 -59.0896 57.8626 105.315 0.959231 -0.282623 0 3309 3 
0 -56.675 60.703 105.205 0.433351 -0.901225 0 3309 3 
0 -56.1686 60.9103 87.044 0.323068 -0.946376 0 3309 3 
0 -59.1289 57.7209 126.473 0.967792 -0.251751 0 3309 3 
0 -57.3767 60.285 106.518 0.586189 -0.810174 0 3309 3 
0 -58.3456 59.337 98.5836 0.797197 -0.603719 0 3309 3 
0 -58.9594 58.2424 91.5719 0.93088 -0.365326 0 3309 3 
0 -57.457 60.2255 87.4072 0.603669 -0.797235 0 3309 3 
0 -59.1392 57.6806 121.173 0.970029 -0.242987 0 3309 3 
0 -59.137 57.6894 103.461 0.969546 -0.244909 0 3309 3 
0 -56.9161 60.5781 110.615 0.485875 -0.874028 0 3309 3 
0 -57.7117 60.0179 96.9363 0.659146 -0.752015 0 3309 3 
0 -59.1371 57.6888 124.421 0.969581 -0.24477 0 3309 3 
0 -59.2757 56.6662 104.091 0.999757 -0.02205 0 3309 3 
0 -55.399 61.1007 109.686 0.15547 -0.987841 0 3309 3 
0 -59.1609 57.5901 109.642 0.974757 -0.223269 0 3309 3 
0 -56.6638 60.7084 92.9677 0.430916 -0.902392 0 3309 3 
0 -57.9501 59.7934 108.744 0.711067 -0.703124 0 3309 3 
0 -59.2207 57.2805 103.707 0.987781 -0.155849 0 3309 3 
0 -57.5502 60.1531 100.338 0.623965 -0.781453 0 3309 3 
0 -57.6412 60.0785 119.307 0.643775 -0.765215 0 3309 3 
0 -59.2062 57.3672 112.576 0.984617 -0.174729 0 3309 3 
0 -58.4832 59.1453 88.2173 0.827156 -0.561972 0 3309 3 
0 -56.8293 60.6252 100.506 0.466965 -0.884276 0 3309 3 
0 81.7598 46.5796 114.076 1 0 0 25432 1 
0 81.7598 30.3093 107.693 1 0 0 25432 1 
0 81.7598 -52.0669 44.0425 1 0 0 25432 1 
0 81.7598 5.1768 64.9248 1 0 0 25432 1 
0 81.7598 8.3408 56.2298 1 0 0 25432 1 
0 81.7598 -52.9232 93.2812 1 0 0 25432 1 
0 81.7598 -25.4224 75.9549 1 0 0 25432 1 
0 81.7598 -23.9941 8.74309 1 0 0 25432 1 
0 81.7598 -10.4609 52.4209 1 0 0 25432 1 
0 81.7598 -1.76205 82.89 1 0 0 25432 1 
0 81.7598 25.4222 37.323 1 0 0 25432 1 
0 81.7598 -77.6253 28.1437 1 0 0 25432 1 
0 81.7598 -30.9917 28.1109 1 0 0 25432 1 
0 81.7598 -0.32293 104.481 1 0 0 25432 1 
0 81.7598 -11.8062 57.1114 1 0 0 25432 1 
0 81.7598 49.4231 123.557 1 0 0 25432 1 
0 81.7598 62.3753 74.2963 1 0 0 25432 1 
0 81.7598 -28.4256 40.7716 1 0 0 25432 1 
0 81.7598 43.6042 17.364 1 0 0 25432 1 
0 81.7598 9.27937 122.041 1 0 0 25432 1 
0 81.7598 -64.2808 122.043 1 0 0 25432 1 
0 81.7598 35.3531 94.0965 1 0 0 25432 1 
0 81.7598 32.2027 44.8596 1 0 0 25432 1 
0 81.7598 -28.9446 8.7635 1 0 0 25432 1 
0 81.7598 -37.4667 53.7371 1 0 0 25432 1 
0 -7.32301 19.569 0 0 0 -1 627 1 
0 36.2222 -18.5185 0 0 0 -1 627 1 
0 -53.9466 -16.2852 0 0 0 -1 627 1 
0 63.6972 -24.6536 0 0 0 -1 627 1 
0 -79.2978 77.9401 0 0 0 -1 627 1 
0 54.8719 36.3573 0 0 0 -1 627 1 
0 14.1707 -20.8624 0 0 0 -1 627 1 
0 38.4091 75.7066 0 0 0 -1 627 1 
0 56.3908 -71.1327 0 0 0 -1 627 1 
0 -33.7697 47.8619 0 0 0 -1 627 1 
0 20.0968 36.8166 0 0 0 -1 627 1 
0 -70.8903 12.6086 0 0 0 -1 627 1 
0 33.3201 40.4634 0 0 0 -1 627 1 
0 -25.8418 76.1266 0 0 0 -1 627 1 
0 -6.37783 -16.1915 0 0 0 -1 627 1 
0 38.1575 -75.9305 0 0 0 -1 627 1 
0 15.8592 63.3165 0 0 0 -1 627 1 
0 -40.2477 31.565 0 0 0 -1 627 1 
0 45.5147 -54.3365 0 0 0 -1 627 1 
0 65.974 61.7076 0 0 0 -1 627 1 
0 42.2944 -63.6356 0 0 0 -1 627 1 
0 4.2718 16.5864 0 0 0 -1 627 1 
0 64.2288 28.1923 0 0 0 -1 627 1 
0 16.7295 52.4383 0 0 0 -1 627 1 
0 -35.6106 -49.178 0 0 0 -1 627 1 
0 59.0588 57.9631 110.189 -0.952513 -0.304497 0 25420 3 
0 55.4274 61.0962 122.285 -0.161655 -0.986847 0 25420 3 
0 56.9131 60.5799 116.847 -0.485204 -0.874401 0 25420 3 
0 59.1376 57.6871 117.556 -0.969675 -0.244398 0 25420 3 
0 58.9384 58.2951 96.5071 -0.92629 -0.376811 0 25420 3 
0 58.7406 58.7181 109.333 -0.883229 -0.468942 0 25420 3 
0 55.3009 61.1151 119.938 -0.134094 -0.990969 0 25420 3 
0 57.4536 60.2281 107.113 -0.60293 -0.797794 0 25420 3 
0 55.8678 61.0017 124.52 -0.257561 -0.966262 0 25420 3 
0 57.9422 59.8014 90.2936 -0.709346 -0.70486 0 25420 3 
0 57.0995 60.4706 118.537 -0.525801 -0.850608 0 25420 3 
0 58.174 59.55 104.388 -0.759829 -0.650123 0 25420 3 
0 56.5215 60.7734 107.934 -0.399929 -0.916546 0 25420 3 
0 58.8099 58.5822 86.4815 -0.898318 -0.439346 0 25420 3 
0 57.9221 59.8216 97.9854 -0.704951 -0.709256 0 25420 3 
0 59.2718 56.7788 114.896 -0.998915 -0.0465794 0 25420 3 
0 55.0948 61.1383 100.095 -0.0892222 -0.996012 0 25420 3 
0 58.1439 59.585 109.033 -0.753257 -0.657727 0 25420 3 
0 58.3718 59.302 104.207 -0.80291 -0.5961 0 25420 3 
0 57.6397 60.0797 106.952 -0.643457 -0.765482 0 25420 3 
0 58.6654 58.8542 117.508 -0.866847 -0.498574 0 25420 3 
0 55.0117 61.1449 121.463 -0.0711123 -0.997468 0 25420 3 
0 56.464 60.798 86.2818 -0.387399 -0.921912 0 25420 3 
0 56.1488 60.917 105.866 -0.31877 -0.947832 0 25420 3 
0 56.174 60.9085 94.0874 -0.324247 -0.945972 0 25420 3 
0 44.3588 -20.4244 77.4555 -0.073544 -0.997292 0 14254 3 
0 45.0727 -20.7203 81.3749 -0.65357 -0.756866 0 14254 3 
0 45.0298 -20.6849 83.3202 -0.61868 -0.785643 0 14254 3 
0 45.4752 -21.4105 78.3787 -0.980583 -0.196107 0 14254 3 
0 45.368 -21.099 82.2375 -0.893455 -0.449153 0 14254 3 
0 45.4803 -21.4373 84.3809 -0.984698 -0.174272 0 14254 3 
0 44.8884 -20.5887 75.9408 -0.503842 -0.863796 0 14254 3 
0 45.3627 -21.0887 83.7686 -0.889184 -0.457549 0 14254 3 
0 45.4738 -21.4034 84.5332 -0.979419 -0.201838 0 14254 3 
0 45.3958 -21.1583 75.2352 -0.916089 -0.400976 0 14254 3 
0 45.4889 -21.494 84.3914 -0.991749 -0.128193 0 14254 3 
0 44.4778 -20.439 80.4918 -0.170188 -0.985412 0 14254 3 
0 44.7447 -20.517 78.695 -0.387053 -0.922058 0 14254 3 
0 44.5643 -20.4572 84.5329 -0.240499 -0.970649 0 14254 3 
0 45.1831 -20.8284 81.4155 -0.743217 -0.66905 0 14254 3 
0 45.2682 -20.9341 81.8424 -0.812365 -0.583149 0 14254 3 
0 45.4725 -21.3973 84.2048 -0.978381 -0.206812 0 14254 3 
0 45.4469 -21.2972 75.9945 -0.957596 -0.288113 0 14254 3 
0 45.4691 -21.3819 82.4715 -0.975664 -0.219271 0 14254 3 
0 44.4351 -20.4324 75.9871 -0.135488 -0.990779 0 14254 3 
0 45.4349 -21.2596 81.8328 -0.947873 -0.318648 0 14254 3 
0 45.2779 -20.9479 85.1614 -0.820311 -0.571918 0 14254 3 
0 44.9549 -20.6303 79.3905 -0.557835 -0.829952 0 14254 3 
0 45.4462 -21.295 79.7545 -0.957049 -0.289926 0 14254 3 
0 44.9071 -20.5998 84.6256 -0.518981 -0.854786 0 14254 3 
0 45.0403 -47.8345 76.8819 -0.627193 0.778864 0 13986 3 
0 45.0078 -47.8598 84.5989 -0.600842 0.799367 0 13986 3 
0 44.6949 -48.0304 84.8517 -0.346564 0.938026 0 13986 3 
0 44.7012 -48.0281 77.9362 -0.351685 0.936119 0 13986 3 
0 45.4622 -47.1749 85.0235 -0.970035 0.242964 0 13986 3 
0 44.4227 -48.097 76.658 -0.125412 0.992105 0 13986 3 
0 44.4672 -48.0905 81.3955 -0.161561 0.986863 0 13986 3 
0 44.8888 -47.9388 82.4918 -0.504152 0.863615 0 13986 3 
0 44.6976 -48.0294 79.7145 -0.348811 0.937193 0 13986 3 
0 44.5147 -48.0818 81.7783 -0.200172 0.979761 0 13986 3 
0 45.3557 -47.4525 80.2383 -0.88348 0.46847 0 13986 3 
0 44.6272 -48.0532 84.6234 -0.291555 0.956554 0 13986 3 
0 45.386 -47.3914 76.6406 -0.908071 0.418816 0 13986 3 
0 44.8543 -47.9583 78.366 -0.476075 0.879405 0 13986 3 
0 44.343 -48.1044 83.0505 -0.0606538 0.998159 0 13986 3 
0 45.2553 -47.6112 75.1738 -0.801923 0.597428 0 13986 3 
0 45.1657 -47.7183 80.5856 -0.729088 0.68442 0 13986 3 
0 45.2405 -47.6306 78.755 -0.789924 0.613205 0 13986 3 
0 45.1886 -47.6931 76.1064 -0.747738 0.663994 0 13986 3 
0 44.8223 -47.975 80.306 -0.450116 0.89297 0 13986 3 
0 44.6727 -48.0384 77.571 -0.328582 0.944475 0 13986 3 
0 45.4351 -47.2675 82.1827 -0.948026 0.318194 0 13986 3 
0 44.9186 -47.9209 84.7346 -0.528313 0.84905 0 13986 3 
0 45.0761 -47.8045 84.6393 -0.656287 0.754512 0 13986 3 
0 45.4778 -47.1037 77.2219 -0.982729 0.185048 0 13986 3 
0 35.403 -48.1067 79.0293 0 1 0 14019 1 
0 36.3055 -48.1067 79.1744 0 1 0 14019 1 
0 34.2391 -48.1067 75.8214 0 1 0 14019 1 
0 38.777 -48.1067 75.1932 0 1 0 14019 1 
0 35.2434 -48.1067 82.3286 0 1 0 14019 1 
0 38.4186 -48.1067 76.9267 0 1 0 14019 1 
0 40.3635 -48.1067 79.6697 0 1 0 14019 1 
0 39.4597 -48.1067 78.729 0 1 0 14019 1 
0 41.213 -48.1067 75.7879 0 1 0 14019 1 
0 39.1359 -48.1067 82.7299 0 1 0 14019 1 
0 41.9505 -48.1067 81.5653 0 1 0 14019 1 
0 35.6748 -48.1067 82.8503 0 1 0 14019 1 
0 38.3725 -48.1067 82.2325 0 1 0 14019 1 
0 38.0106 -48.1067 74.9803 0 1 0 14019 1 
0 36.1022 -48.1067 75.3291 0 1 0 14019 1 
0 39.0433 -48.1067 82.154 0 1 0 14019 1 
0 35.1404 -48.1067 82.8924 0 1 0 14019 1 
0 34.3721 -48.1067 77.8465 0 1 0 14019 1 
0 35.9613 -48.1067 78.4888 0 1 0 14019 1 
0 40.8639 -48.1067 82.493 0 1 0 14019 1 
0 36.8715 -48.1067 84.2417 0 1 0 14019 1 
0 40.5494 -48.1067 75.7191 0 1 0 14019 1 
0 41.6468 -48.1067 77.7063 0 1 0 14019 1 
0 34.199 -48.1067 75.3167 0 1 0 14019 1 
0 34.4433 -48.1067 80.0312 0 1 0 14019 1 
0 45.4991 -27.8648 78.3508 -1 0 0 14281 1 
0 45.4991 -38.013 80.5855 -1 0 0 14281 1 
0 45.4991 -26.816 75.2364 -1 0 0 14281 1 
0 45.4991 -32.4064 75.2225 -1 0 0 14281 1 
0 45.4991 -23.2332 82.0811 -1 0 0 14281 1 
0 45.4991 -39.7581 81.2005 -1 0 0 14281 1 
0 45.4991 -22.8554 85.071 -1 0 0 14281 1 
0 45.4991 -31.7774 82.4562 -1 0 0 14281 1 
0 45.4991 -31.0541 80.7612 -1 0 0 14281 1 
0 45.4991 -38.8237 79.2455 -1 0 0 14281 1 
0 45.4991 -35.4424 75.653 -1 0 0 14281 1 
0 45.4991 -44.4004 75.0944 -1 0 0 14281 1 
0 45.4991 -39.0265 78.7234 -1 0 0 14281 1 
0 45.4991 -24.7012 74.9978 -1 0 0 14281 1 
0 45.4991 -24.5597 75.6952 -1 0 0 14281 1 
0 45.4991 -33.0629 84.9438 -1 0 0 14281 1 
0 45.4991 -39.7108 83.0141 -1 0 0 14281 1 
0 45.4991 -28.0103 77.8323 -1 0 0 14281 1 
0 45.4991 -25.7356 80.3789 -1 0 0 14281 1 
0 45.4991 -25.8779 83.628 -1 0 0 14281 1 
0 45.4991 -45.753 76.0657 -1 0 0 14281 1 
0 45.4991 -37.0254 80.264 -1 0 0 14281 1 
0 45.4991 -40.9657 78.5353 -1 0 0 14281 1 
0 45.4991 -33.6665 81.0485 -1 0 0 14281 1 
0 45.4991 -32.8174 78.9064 -1 0 0 14281 1 
0 59.2768 -8.9522 87.6466 -1 0 0 25422 1 
0 59.2768 -49.5778 113.554 -1 0 0 25422 1 
0 59.2768 47.5435 108.962 -1 0 0 25422 1 
0 59.2768 -55.0797 87.6946 -1 0 0 25422 1 
0 59.2768 39.0051 120.057 -1 0 0 25422 1 
0 59.2768 -1.09855 115.737 -1 0 0 25422 1 
0 59.2768 39.2542 88.9636 -1 0 0 25422 1 
0 59.2768 38.1268 95.5915 -1 0 0 25422 1 
0 59.2768 -31.499 89.1078 -1 0 0 25422 1 
0 59.2768 45.7386 100.594 -1 0 0 25422 1 
0 59.2768 -50.0731 102.09 -1 0 0 25422 1 
0 59.2768 52.114 89.3045 -1 0 0 25422 1 
0 59.2768 -5.12232 117.748 -1 0 0 25422 1 
0 59.2768 -40.1732 120.824 -1 0 0 25422 1 
0 59.2768 40.4158 114.726 -1 0 0 25422 1 
0 59.2768 17.3395 122 -1 0 0 25422 1 
0 59.2768 -2.33602 109.655 -1 0 0 25422 1 
0 59.2768 -8.59431 116.58 -1 0 0 25422 1 
0 59.2768 27.2551 110.266 -1 0 0 25422 1 
0 59.2768 -21.09 118.495 -1 0 0 25422 1 
0 59.2768 40.5618 85.3105 -1 0 0 25422 1 
0 59.2768 35.9621 96.9957 -1 0 0 25422 1 
0 59.2768 36.7781 99.2774 -1 0 0 25422 1 
0 59.2768 -0.331627 96.1867 -1 0 0 25422 1 
0 59.2768 10.0868 117.53 -1 0 0 25422 1 
0 58.8797 -58.4328 124.733 -0.913517 0.406801 0 25428 3 
0 59.0884 -57.8667 96.7123 -0.958969 0.283512 0 25428 3 
0 55.17 -61.1309 98.1698 -0.105587 0.99441 0 25428 3 
0 59.2739 -56.7293 89.3258 -0.999359 0.0358025 0 25428 3 
0 59.2534 -57.0277 90.585 -0.994908 0.100787 0 25428 3 
0 57.144 -60.4427 90.2961 -0.535498 0.844536 0 25428 3 
0 58.8942 -58.4 98.8204 -0.916661 0.399665 0 25428 3 
0 58.8692 -58.4562 109.904 -0.911234 0.411889 0 25428 3 
0 58.7458 -58.7085 117.152 -0.884343 0.466838 0 25428 3 
0 59.2095 -57.3481 107.769 -0.985345 0.170574 0 25428 3 
0 58.8438 -58.5114 98.8493 -0.905705 0.423909 0 25428 3 
0 59.0766 -57.906 124.255 -0.956398 0.292067 0 25428 3 
0 55.819 -61.0144 105.306 -0.246938 0.969031 0 25428 3 
0 58.0798 -59.6568 116.997 -0.739314 0.673361 0 25428 3 
0 59.1497 -57.6377 113.163 -0.972322 0.233645 0 25428 3 
0 58.6861 -58.8179 119.755 -0.871345 0.490672 0 25428 3 
0 56.0363 -60.9533 86.1037 -0.294251 0.955728 0 25428 3 
0 56.3144 -60.8578 117.206 -0.354817 0.934936 0 25428 3 
0 56.9683 -60.5487 118.011 -0.49723 0.867619 0 25428 3 
0 57.2085 -60.4011 97.4527 -0.549539 0.835468 0 25428 3 
0 57.2707 -60.3594 104.996 -0.563096 0.826392 0 25428 3 
0 58.4706 -59.1637 116.054 -0.824425 0.565971 0 25428 3 
0 58.8484 -58.5016 117.941 -0.906691 0.421795 0 25428 3 
0 56.7643 -60.6589 92.9424 -0.452804 0.89161 0 25428 3 
0 59.0991 -57.8301 101.43 -0.961291 0.275534 0 25428 3 
0 25.0984 70.7955 128.113 1 0 0 25287 1 
0 25.0984 78.1922 132.169 1 0 0 25287 1 
0 25.0984 65.7333 129.748 1 0 0 25287 1 
0 25.0984 66.9171 131.932 1 0 0 25287 1 
0 25.0984 63.4234 126.191 1 0 0 25287 1 
0 25.0984 70.1664 127.587 1 0 0 25287 1 
0 25.0984 71.4544 131.401 1 0 0 25287 1 
0 25.0984 64.2951 127.517 1 0 0 25287 1 
0 25.0984 68.3283 130.355 1 0 0 25287 1 
0 25.0984 63.4493 125.741 1 0 0 25287 1 
0 25.0984 67.0068 129.867 1 0 0 25287 1 
0 25.0984 63.3948 131.476 1 0 0 25287 1 
0 25.0984 77.2133 131.73 1 0 0 25287 1 
0 25.0984 70.1969 129.949 1 0 0 25287 1 
0 25.0984 65.2407 128.857 1 0 0 25287 1 
0 25.0984 63.1278 125.968 1 0 0 25287 1 
0 25.0984 68.0425 128.769 1 0 0 25287 1 
0 25.0984 75.7421 131.086 1 0 0 25287 1 
0 25.0984 67.038 128.614 1 0 0 25287 1 
0 25.0984 75.7615 126.271 1 0 0 25287 1 
0 25.0984 63.123 131.129 1 0 0 25287 1 
0 25.0984 78.1177 130.839 1 0 0 25287 1 
0 25.0984 73.7004 131.628 1 0 0 25287 1 
0 25.0984 71.1527 128.268 1 0 0 25287 1 
0 25.0984 75.0581 129.18 1 0 0 25287 1 
0 -14.092 61.1566 114.241 0 -1 0 25406 1 
0 -17.8665 61.1566 109.875 0 -1 0 25406 1 
0 14.3215 61.1566 124.067 0 -1 0 25406 1 
0 -44.7526 61.1566 89.3822 0 -1 0 25406 1 
0 2.61717 61.1566 105.265 0 -1 0 25406 1 
0 -37.2149 61.1566 117.732 0 -1 0 25406 1 
0 43.934 61.1566 99.5273 0 -1 0 25406 1 
0 -11.5835 61.1566 116.399 0 -1 0 25406 1 
0 -18.419 61.1566 121.967 0 -1 0 25406 1 
0 6.98718 61.1566 93.0276 0 -1 0 25406 1 
0 28.4082 61.1566 123.419 0 -1 0 25406 1 
0 -22.5991 61.1566 117.416 0 -1 0 25406 1 
0 31.2112 61.1566 94.9057 0 -1 0 25406 1 
0 49.5283 61.1566 90.2465 0 -1 0 25406 1 
0 -1.02268 61.1566 91.6918 0 -1 0 25406 1 
0 15.9675 61.1566 116.162 0 -1 0 25406 1 
0 8.83931 61.1566 113.998 0 -1 0 25406 1 
0 9.52627 61.1566 116.115 0 -1 0 25406 1 
0 41.3891 61.1566 89.3896 0 -1 0 25406 1 
0 -43.2097 61.1566 118.432 0 -1 0 25406 1 
0 -32.8551 61.1566 123.715 0 -1 0 25406 1 
0 -53.1648 61.1566 91.2029 0 -1 0 25406 1 
0 39.3539 61.1566 107.865 0 -1 0 25406 1 
0 -3.38874 61.1566 109.077 0 -1 0 25406 1 
0 -15.6407 61.1566 85.7376 0 -1 0 25406 1 
0 -59.2768 27.949 128.494 1 0 0 3342 1 
0 -59.2768 44.9966 110.882 1 0 0 3342 1 
0 -59.2768 -40.089 126.757 1 0 0 3342 1 
0 -59.2768 1.0642 85.4074 1 0 0 3342 1 
0 -59.2768 -2.06753 107.813 1 0 0 3342 1 
0 -59.2768 -40.2906 119.12 1 0 0 3342 1 
0 -59.2768 -8.10541 123.176 1 0 0 3342 1 
0 -59.2768 56.4688 106.003 1 0 0 3342 1 
0 -59.2768 -9.14209 96.7147 1 0 0 3342 1 
0 -59.2768 48.4565 118.978 1 0 0 3342 1 
0 -59.2768 40.8294 131.389 1 0 0 3342 1 
0 -59.2768 31.0517 99.0554 1 0 0 3342 1 
0 -59.2768 38.1731 109.277 1 0 0 3342 1 
0 -59.2768 -51.1167 95.0951 1 0 0 3342 1 
0 -59.2768 -52.6306 115.816 1 0 0 3342 1 
0 -59.2768 -18.9809 106.371 1 0 0 3342 1 
0 -59.2768 -19.3017 130.956 1 0 0 3342 1 
0 -59.2768 -32.9927 130.256 1 0 0 3342 1 
0 -59.2768 17.2818 115.545 1 0 0 3342 1 
0 -59.2768 50.6735 123.049 1 0 0 3342 1 
0 -59.2768 23.9928 113.037 1 0 0 3342 1 
0 -59.2768 24.9353 106.767 1 0 0 3342 1 
0 -59.2768 -13.897 108.422 1 0 0 3342 1 
0 -59.2768 -26.298 97.6517 1 0 0 3342 1 
0 -59.2768 51.7742 127.637 1 0 0 3342 1 
0 79.09 -39.1185 125.362 0 0 1 25293 1 
0 36.3341 70.0432 125.362 0 0 1 25293 1 
0 72.9648 40.5962 125.362 0 0 1 25293 1 
0 58.2966 74.5393 125.362 0 0 1 25293 1 
0 62.8949 50.3071 125.362 0 0 1 25293 1 
0 32.6433 -70.0469 125.362 0 0 1 25293 1 
0 73.3 72.2617 125.362 0 0 1 25293 1 
0 58.937 61.6908 125.362 0 0 1 25293 1 
0 62.896 16.1863 125.362 0 0 1 25293 1 
0 63.3051 10.2388 125.362 0 0 1 25293 1 
0 78.551 -63.81 125.362 0 0 1 25293 1 
0 58.6793 -73.5382 125.362 0 0 1 25293 1 
0 48.0761 77.2708 125.362 0 0 1 25293 1 
0 80.5602 5.43274 125.362 0 0 1 25293 1 
0 66.107 -61.1236 125.362 0 0 1 25293 1 
0 57.3024 -69.0322 125.362 0 0 1 25293 1 
0 81.0946 72.9032 125.362 0 0 1 25293 1 
0 69.4978 13.7338 125.362 0 0 1 25293 1 
0 48.9678 -65.8816 125.362 0 0 1 25293 1 
0 78.5929 -68.1653 125.362 0 0 1 25293 1 
0 69.6647 44.1639 125.362 0 0 1 25293 1 
0 69.2259 68.1059 125.362 0 0 1 25293 1 
0 64.5856 24.1273 125.362 0 0 1 25293 1 
0 74.187 64.2152 125.362 0 0 1 25293 1 
0 75.6836 11.7289 125.362 0 0 1 25293 1 
0 27.5104 -61.1566 121.134 0 1 0 25414 1 
0 18.7833 -61.1566 121.05 0 1 0 25414 1 
0 -4.60091 -61.1566 89.3491 0 1 0 25414 1 
0 0.919659 -61.1566 122.108 0 1 0 25414 1 
0 44.1682 -61.1566 122.884 0 1 0 25414 1 
0 17.557 -61.1566 102.312 0 1 0 25414 1 
0 1.93183 -61.1566 98.9291 0 1 0 25414 1 
0 12.3977 -61.1566 109.791 0 1 0 25414 1 
0 -52.0041 -61.1566 119.646 0 1 0 25414 1 
0 -26.3895 -61.1566 96.9986 0 1 0 25414 1 
0 -31.5498 -61.1566 116.562 0 1 0 25414 1 
0 -0.513257 -61.1566 122.953 0 1 0 25414 1 
0 19.8491 -61.1566 105.728 0 1 0 25414 1 
0 -54.3392 -61.1566 125.909 0 1 0 25414 1 
0 6.95308 -61.1566 109.043 0 1 0 25414 1 
0 17.2951 -61.1566 110.097 0 1 0 25414 1 
0 14.8018 -61.1566 121.945 0 1 0 25414 1 
0 20.8346 -61.1566 123.37 0 1 0 25414 1 
0 -51.2517 -61.1566 129.49 0 1 0 25414 1 
0 6.66107 -61.1566 124.043 0 1 0 25414 1 
0 50.1962 -61.1566 120.197 0 1 0 25414 1 
0 15.6205 -61.1566 88.9716 0 1 0 25414 1 
0 16.5923 -61.1566 112.872 0 1 0 25414 1 
0 34.8106 -61.1566 121.182 0 1 0 25414 1 
0 28.4987 -61.1566 86.2332 0 1 0 25414 1 
0 43.4076 -20.421 84.7542 0 -1 0 39338 1 
0 43.3514 -20.421 76.9915 0 -1 0 39338 1 
0 39.1288 -20.421 79.593 0 -1 0 39338 1 
0 43.9343 -20.421 75.1376 0 -1 0 39338 1 
0 37.4817 -20.421 82.2534 0 -1 0 39338 1 
0 40.3014 -20.421 78.3472 0 -1 0 39338 1 
0 39.5719 -20.421 78.8205 0 -1 0 39338 1 
0 38.5744 -20.421 76.1453 0 -1 0 39338 1 
0 36.8421 -20.421 78.2814 0 -1 0 39338 1 
0 37.0167 -20.421 84.813 0 -1 0 39338 1 
0 36.6566 -20.421 76.7464 0 -1 0 39338 1 
0 44.2476 -20.421 78.3882 0 -1 0 39338 1 
0 40.9446 -20.421 78.6973 0 -1 0 39338 1 
0 37.6355 -20.421 81.0588 0 -1 0 39338 1 
0 40.407 -20.421 79.4772 0 -1 0 39338 1 
0 40.3347 -20.421 82.6515 0 -1 0 39338 1 
0 39.3155 -20.421 79.0168 0 -1 0 39338 1 
0 39.1583 -20.421 84.6845 0 -1 0 39338 1 
0 42.0834 -20.421 81.1553 0 -1 0 39338 1 
0 39.492 -20.421 76.9312 0 -1 0 39338 1 
0 39.9882 -20.421 83.0318 0 -1 0 39338 1 
0 41.4033 -20.421 80.474 0 -1 0 39338 1 
0 41.281 -20.421 76.584 0 -1 0 39338 1 
0 38.1941 -20.421 78.3878 0 -1 0 39338 1 
0 41.9623 -20.421 75.5779 0 -1 0 39338 1 
0 33.2767 -47.8519 78.9159 0.609278 0.792957 0 39839 3 
0 33.6642 -48.0521 77.2818 0.294465 0.955662 0 39839 3 
0 33.114 -47.7018 84.7202 0.741451 0.671007 0 39839 3 
0 33.9628 -48.105 84.8253 0.0518459 0.998655 0 39839 3 
0 33.3943 -47.9319 81.0159 0.513685 0.857979 0 39839 3 
0 33.0828 -47.666 77.6865 0.766787 0.641902 0 39839 3 
0 34.0057 -48.1065 82.4984 0.0169932 0.999856 0 39839 3 
0 32.8267 -47.15 80.7662 0.97488 0.222731 0 39839 3 
0 32.8667 -47.2877 78.273 0.942378 0.334551 0 39839 3 
0 32.7959 -46.8945 81.5699 0.999886 0.0151236 0 39839 3 
0 32.8083 -47.0506 83.7522 0.989878 0.14192 0 39839 3 
0 33.2129 -47.7993 83.028 0.661139 0.750264 0 39839 3 
0 33.0949 -47.6802 77.9532 0.756976 0.653443 0 39839 3 
0 33.0004 -47.5554 80.5124 0.83377 0.552112 0 39839 3 
0 32.8057 -47.0314 84.8045 0.991984 0.126362 0 39839 3 
0 33.5925 -48.0276 75.6453 0.352649 0.935756 0 39839 3 
0 32.8047 -47.0239 79.1142 0.992744 0.120249 0 39839 3 
0 33.4449 -47.9605 78.4353 0.472636 0.881258 0 39839 3 
0 32.8217 -47.1268 79.8818 0.978996 0.20388 0 39839 3 
0 33.4479 -47.9622 83.4783 0.470141 0.882591 0 39839 3 
0 33.1942 -47.7826 76.4216 0.676268 0.736655 0 39839 3 
0 32.933 -47.4406 79.4393 0.888547 0.458785 0 39839 3 
0 33.1174 -47.7055 84.6787 0.738711 0.674023 0 39839 3 
0 34.0019 -48.1064 81.7275 0.0200368 0.999799 0 39839 3 
0 33.0762 -47.658 81.1193 0.772145 0.635446 0 39839 3 
0 -35.7137 -10.7877 82.327 1 0 0 39990 1 
0 -35.7137 -9.68327 70.3946 1 0 0 39990 1 
0 -35.7137 -3.75892 73.5143 1 0 0 39990 1 
0 -35.7137 -3.63528 67.5129 1 0 0 39990 1 
0 -35.7137 -9.30348 69.7428 1 0 0 39990 1 
0 -35.7137 -21.4137 83.242 1 0 0 39990 1 
0 -35.7137 -22.3605 72.219 1 0 0 39990 1 
0 -35.7137 23.1443 78.2303 1 0 0 39990 1 
0 -35.7137 3.29435 66.9875 1 0 0 39990 1 
0 -35.7137 -8.73863 73.3262 1 0 0 39990 1 
0 -35.7137 -14.0843 72.5111 1 0 0 39990 1 
0 -35.7137 21.7766 74.8263 1 0 0 39990 1 
0 -35.7137 -15.5685 66.9456 1 0 0 39990 1 
0 -35.7137 -5.60725 75.4048 1 0 0 39990 1 
0 -35.7137 -5.28627 69.3357 1 0 0 39990 1 
0 -35.7137 -6.69766 76.5875 1 0 0 39990 1 
0 -35.7137 8.42958 75.3009 1 0 0 39990 1 
0 -35.7137 -19.5988 81.9386 1 0 0 39990 1 
0 -35.7137 -2.95133 77.2833 1 0 0 39990 1 
0 -35.7137 -1.95206 81.3784 1 0 0 39990 1 
0 -35.7137 23.6482 71.9187 1 0 0 39990 1 
0 -35.7137 -19.1326 77.288 1 0 0 39990 1 
0 -35.7137 5.9704 77.0193 1 0 0 39990 1 
0 -35.7137 8.84614 77.1775 1 0 0 39990 1 
0 -35.7137 14.0254 73.5282 1 0 0 39990 1 
0 -33.7218 27.8566 70.3479 0.529181 -0.848509 0 39957 3 
0 -35.5675 25.3696 71.3198 0.96543 -0.260663 0 39957 3 
0 -35.6818 24.7853 66.8552 0.992463 -0.122541 0 39957 3 
0 -35.5063 25.5752 68.3757 0.950979 -0.309257 0 39957 3 
0 -34.4786 27.2543 76.5306 0.708061 -0.706151 0 39957 3 
0 -35.2697 26.1535 67.4269 0.895057 -0.445952 0 39957 3 
0 -32.5973 28.3481 72.9627 0.263377 -0.964693 0 39957 3 
0 -34.1994 27.5103 77.3381 0.642061 -0.766654 0 39957 3 
0 -32.294 28.4191 69.7806 0.191678 -0.981458 0 39957 3 
0 -34.7617 26.9406 73.3913 0.77498 -0.631985 0 39957 3 
0 -35.0701 26.5099 69.1271 0.847874 -0.530197 0 39957 3 
0 -33.8268 27.7889 76.6242 0.554003 -0.832515 0 39957 3 
0 -35.6938 24.6769 80.9616 0.995292 -0.0969226 0 39957 3 
0 -35.7089 24.469 84.3143 0.998858 -0.0477762 0 39957 3 
0 -33.4148 28.0307 69.282 0.456618 -0.889663 0 39957 3 
0 -34.2196 27.4933 81.8372 0.646826 -0.762637 0 39957 3 
0 -35.6854 24.7554 77.3352 0.99331 -0.115481 0 39957 3 
0 -33.9043 27.7362 85.0536 0.572304 -0.820042 0 39957 3 
0 -34.1226 27.5731 73.8173 0.623902 -0.781503 0 39957 3 
0 -34.4108 27.3208 79.2092 0.692042 -0.721858 0 39957 3 
0 -32.1991 28.4365 71.4289 0.169266 -0.98557 0 39957 3 
0 -35.6946 24.6686 78.5178 0.99548 -0.0949662 0 39957 3 
0 -33.2347 28.1178 84.2234 0.414043 -0.910257 0 39957 3 
0 -35.5379 25.4739 77.5497 0.958432 -0.285319 0 39957 3 
0 -33.4735 28 77.7823 0.47048 -0.882411 0 39957 3 
0 35.7137 -13.1699 77.9113 -1 0 0 40118 1 
0 35.7137 18.6895 80.8385 -1 0 0 40118 1 
0 35.7137 22.7363 68.7954 -1 0 0 40118 1 
0 35.7137 -5.17649 74.1433 -1 0 0 40118 1 
0 35.7137 7.77168 74.4117 -1 0 0 40118 1 
0 35.7137 5.13118 73.9472 -1 0 0 40118 1 
0 35.7137 12.3036 75.2465 -1 0 0 40118 1 
0 35.7137 -3.27213 69.5225 -1 0 0 40118 1 
0 35.7137 11.3032 80.4489 -1 0 0 40118 1 
0 35.7137 11.9883 67.9038 -1 0 0 40118 1 
0 35.7137 -1.94125 73.2957 -1 0 0 40118 1 
0 35.7137 -17.3595 76.6241 -1 0 0 40118 1 
0 35.7137 -6.68877 76.7071 -1 0 0 40118 1 
0 35.7137 -5.14094 70.8314 -1 0 0 40118 1 
0 35.7137 14.6898 71.0308 -1 0 0 40118 1 
0 35.7137 6.16295 69.4264 -1 0 0 40118 1 
0 35.7137 -9.18106 82.1539 -1 0 0 40118 1 
0 35.7137 -17.173 77.9205 -1 0 0 40118 1 
0 35.7137 3.12306 66.352 -1 0 0 40118 1 
0 35.7137 11.8898 69.8214 -1 0 0 40118 1 
0 35.7137 18.7691 77.0356 -1 0 0 40118 1 
0 35.7137 -17.5685 69.7821 -1 0 0 40118 1 
0 35.7137 0.665614 66.4649 -1 0 0 40118 1 
0 35.7137 -17.1344 72.554 -1 0 0 40118 1 
0 35.7137 6.26785 82.3141 -1 0 0 40118 1 
0 -21.1265 28.4975 70.4729 0 -1 0 40124 1 
0 -8.12378 28.4975 78.6233 0 -1 0 40124 1 
0 22.0245 28.4975 69.2744 0 -1 0 40124 1 
0 -9.10601 28.4975 77.9626 0 -1 0 40124 1 
0 -18.1218 28.4975 82.3905 0 -1 0 40124 1 
0 0.7579 28.4975 77.4534 0 -1 0 40124 1 
0 11.7484 28.4975 79.0226 0 -1 0 40124 1 
0 14.8563 28.4975 82.4344 0 -1 0 40124 1 
0 -3.16396 28.4975 66.8913 0 -1 0 40124 1 
0 26.1657 28.4975 82.329 0 -1 0 40124 1 
0 -7.35129 28.4975 79.9015 0 -1 0 40124 1 
0 11.5043 28.4975 81.8425 0 -1 0 40124 1 
0 0.736579 28.4975 77.3129 0 -1 0 40124 1 
0 -3.3123 28.4975 78.3683 0 -1 0 40124 1 
0 24.535 28.4975 78.3066 0 -1 0 40124 1 
0 -24.4058 28.4975 74.4518 0 -1 0 40124 1 
0 25.0838 28.4975 78.1768 0 -1 0 40124 1 
0 19.3003 28.4975 73.5292 0 -1 0 40124 1 
0 -21.9006 28.4975 66.6902 0 -1 0 40124 1 
0 -10.1435 28.4975 77.6259 0 -1 0 40124 1 
0 7.05545 28.4975 71.0012 0 -1 0 40124 1 
0 -3.3198 28.4975 70.2339 0 -1 0 40124 1 
0 -10.9054 28.4975 83.1462 0 -1 0 40124 1 
0 -28.4357 28.4975 74.5832 0 -1 0 40124 1 
0 13.8948 28.4975 71.1796 0 -1 0 40124 1 
0 -20.2386 -8.54171 66.1287 0 0 1 40128 1 
0 31.0204 27.3469 66.1287 0 0 1 40128 1 
0 -20.8544 20.5977 66.1287 0 0 1 40128 1 
0 19.4442 22.4611 66.1287 0 0 1 40128 1 
0 -5.43957 -21.9618 66.1287 0 0 1 40128 1 
0 -4.14446 25.4413 66.1287 0 0 1 40128 1 
0 10.871 23.4429 66.1287 0 0 1 40128 1 
0 -15.1419 1.76188 66.1287 0 0 1 40128 1 
0 21.9832 15.5508 66.1287 0 0 1 40128 1 
0 26.5907 -3.64474 66.1287 0 0 1 40128 1 
0 7.60308 4.80565 66.1287 0 0 1 40128 1 
0 -20.4599 7.25858 66.1287 0 0 1 40128 1 
0 20.0771 -12.8499 66.1287 0 0 1 40128 1 
0 -13.9491 -24.6224 66.1287 0 0 1 40128 1 
0 4.30531 15.3801 66.1287 0 0 1 40128 1 
0 20.3701 13.7224 66.1287 0 0 1 40128 1 
0 -30.0973 -20.9383 66.1287 0 0 1 40128 1 
0 -14.9317 7.4685 66.1287 0 0 1 40128 1 
0 -28.0949 7.76932 66.1287 0 0 1 40128 1 
0 -32.0792 -5.50453 66.1287 0 0 1 40128 1 
0 -19.6215 -24.5309 66.1287 0 0 1 40128 1 
0 9.92971 23.3685 66.1287 0 0 1 40128 1 
0 -27.7115 18.4229 66.1287 0 0 1 40128 1 
0 13.2373 -9.81642 66.1287 0 0 1 40128 1 
0 -24.6293 8.00826 66.1287 0 0 1 40128 1 
0 34.5132 27.2193 68.3394 -0.716228 -0.697867 0 40091 3 
0 35.3244 26.0395 82.041 -0.907988 -0.418996 0 40091 3 
0 35.4294 25.7917 67.0542 -0.932787 -0.360427 0 40091 3 
0 32.2438 28.4286 73.3685 -0.179824 -0.983699 0 40091 3 
0 34.3452 27.3824 81.5144 -0.676533 -0.736412 0 40091 3 
0 35.0722 26.5065 80.6382 -0.848374 -0.529398 0 40091 3 
0 33.5317 27.9684 75.3543 -0.48424 -0.874935 0 40091 3 
0 34.0677 27.6162 79.0624 -0.610943 -0.791675 0 40091 3 
0 34.9595 26.6779 70.674 -0.821721 -0.56989 0 40091 3 
0 35.7061 24.5207 74.9159 -0.998198 -0.0600145 0 40091 3 
0 35.6454 25.0239 77.5789 -0.983859 -0.178943 0 40091 3 
0 35.3352 26.0161 72.1461 -0.910522 -0.413461 0 40091 3 
0 35.4689 25.6851 72.7349 -0.942137 -0.335229 0 40091 3 
0 35.1159 26.4349 72.9685 -0.858705 -0.512471 0 40091 3 
0 32.1181 28.4496 81.0302 -0.150117 -0.988668 0 40091 3 
0 32.6872 28.3225 82.9058 -0.28463 -0.958637 0 40091 3 
0 34.183 27.5239 78.4429 -0.638194 -0.769876 0 40091 3 
0 34.9873 26.6372 72.0995 -0.828304 -0.560279 0 40091 3 
0 35.6501 24.9979 67.8136 -0.984958 -0.172793 0 40091 3 
0 35.048 26.545 82.4108 -0.84264 -0.538477 0 40091 3 
0 35.6972 24.6403 74.5441 -0.996095 -0.0882831 0 40091 3 
0 33.0691 28.189 78.2894 -0.374886 -0.927071 0 40091 3 
0 35.7137 24.2814 84.402 -0.999994 0 0 40091 3 
0 34.3153 27.4096 84.5121 -0.669454 -0.742854 0 40091 3 
0 32.2636 28.4249 77.8713 -0.18449 -0.982834 0 40091 3 
0 31.491 -28.4975 70.4885 0 0.999998 0 85606 3 
0 35.6523 -24.9851 68.6521 -0.985484 0.16977 0 85606 3 
0 33.6962 -27.8725 68.6971 -0.52312 0.852259 0 85606 3 
0 33.1317 -28.1631 67.8897 -0.389696 0.920944 0 85606 3 
0 32.3301 -28.4119 70.3347 -0.200218 0.979751 0 85606 3 
0 32.2257 -28.4318 70.9706 -0.175545 0.984471 0 85606 3 
0 35.6881 -24.7317 69.5784 -0.993945 0.109876 0 85606 3 
0 35.5581 -25.4037 68.7944 -0.963218 0.268722 0 85606 3 
0 35.6066 -25.2129 68.5991 -0.974678 0.223611 0 85606 3 
0 32.2445 -28.4284 70.7794 -0.179997 0.983667 0 85606 3 
0 34.3371 -27.3899 66.45 -0.674601 0.738183 0 85606 3 
0 35.7079 -24.4883 68.716 -0.998629 0.0523406 0 85606 3 
0 35.2358 -26.2201 71.5987 -0.887036 0.4617 0 85606 3 
0 32.6906 -28.3215 70.144 -0.285427 0.958401 0 85606 3 
0 32.8505 -28.2704 69.8573 -0.323234 0.946319 0 85606 3 
0 35.1749 -26.333 70.0308 -0.872635 0.488372 0 85606 3 
0 34.6117 -27.1146 73.0709 -0.739525 0.673129 0 85606 3 
0 33.3585 -28.0591 69.6655 -0.44329 0.896378 0 85606 3 
0 35.6928 -24.6869 67.6752 -0.995058 0.0992921 0 85606 3 
0 35.639 -25.0583 69.0723 -0.982344 0.187081 0 85606 3 
0 32.9178 -28.2468 67.4411 -0.339125 0.940741 0 85606 3 
0 35.5929 -25.2707 68.8072 -0.971438 0.237294 0 85606 3 
0 32.4814 -28.378 70.123 -0.23599 0.971755 0 85606 3 
0 35.7129 -24.3507 67.8663 -0.999803 0.019829 0 85606 3 
0 35.4508 -25.735 70.5789 -0.937858 0.34702 0 85606 3 
0 2.6422 -28.4975 66.8299 0 1 0 85610 1 
0 6.68503 -28.4975 68.7258 0 1 0 85610 1 
0 -20.3142 -28.4975 67.2494 0 1 0 85610 1 
0 -24.6889 -28.4975 68.4699 0 1 0 85610 1 
0 22.7815 -28.4975 67.9866 0 1 0 85610 1 
0 -18.2027 -28.4975 67.8244 0 1 0 85610 1 
0 18.5464 -28.4975 66.6443 0 1 0 85610 1 
0 9.85005 -28.4975 66.736 0 1 0 85610 1 
0 -6.69574 -28.4975 69.2856 0 1 0 85610 1 
0 -19.7854 -28.4975 72.219 0 1 0 85610 1 
0 7.37124 -28.4975 68.5595 0 1 0 85610 1 
0 27.4466 -28.4975 69.8501 0 1 0 85610 1 
0 5.82579 -28.4975 71.5267 0 1 0 85610 1 
0 -23.4665 -28.4975 66.7349 0 1 0 85610 1 
0 -25.0281 -28.4975 69.3517 0 1 0 85610 1 
0 -24.2889 -28.4975 70.3549 0 1 0 85610 1 
0 2.42084 -28.4975 66.7925 0 1 0 85610 1 
0 23.2794 -28.4975 67.8001 0 1 0 85610 1 
0 5.58659 -28.4975 69.8875 0 1 0 85610 1 
0 -9.58733 -28.4975 66.8281 0 1 0 85610 1 
0 -8.93517 -28.4975 66.445 0 1 0 85610 1 
0 -31.0177 -28.4975 68.1343 0 1 0 85610 1 
0 -20.3284 -28.4975 69.9724 0 1 0 85610 1 
0 -21.1536 -28.4975 68.9118 0 1 0 85610 1 
0 -15.5939 -28.4975 67.881 0 1 0 85610 1 
0 32.7958 -41.4496 76.0857 1 0 0 85616 1 
0 32.7958 -43.3665 80.4795 1 0 0 85616 1 
0 32.7958 -44.6497 84.6918 1 0 0 85616 1 
0 32.7958 -46.1762 80.7887 1 0 0 85616 1 
0 32.7958 -43.068 78.3037 1 0 0 85616 1 
0 32.7958 -40.4199 83.7631 1 0 0 85616 1 
0 32.7958 -38.1546 77.0987 1 0 0 85616 1 
0 32.7958 -41.3961 75.755 1 0 0 85616 1 
0 32.7958 -45.2325 82.9441 1 0 0 85616 1 
0 32.7958 -46.1915 75.9039 1 0 0 85616 1 
0 32.7958 -39.5899 79.829 1 0 0 85616 1 
0 32.7958 -39.1656 84.3871 1 0 0 85616 1 
0 32.7958 -40.0834 78.0225 1 0 0 85616 1 
0 32.7958 -37.9927 78.6276 1 0 0 85616 1 
0 32.7958 -42.9981 83.0452 1 0 0 85616 1 
0 32.7958 -45.7378 76.775 1 0 0 85616 1 
0 32.7958 -43.7076 76.0081 1 0 0 85616 1 
0 32.7958 -40.3526 78.6984 1 0 0 85616 1 
0 32.7958 -40.0403 78.4899 1 0 0 85616 1 
0 32.7958 -40.3547 84.6377 1 0 0 85616 1 
0 32.7958 -46.1259 84.3648 1 0 0 85616 1 
0 32.7958 -42.2638 82.7302 1 0 0 85616 1 
0 32.7958 -42.2646 84.6839 1 0 0 85616 1 
0 32.7958 -40.9409 83.1547 1 0 0 85616 1 
0 32.7958 -43.4247 79.938 1 0 0 85616 1 
0 -35.4417 -25.7593 79.7218 0.935711 0.352769 0 85624 3 
0 -35.7107 -24.4276 71.3258 0.999278 0.0380058 0 85624 3 
0 -35.593 -25.2703 69.1202 0.971464 0.237186 0 85624 3 
0 -35.7135 -24.3102 68.6294 0.999948 0.0102425 0 85624 3 
0 -34.3338 -27.3928 67.723 0.673834 0.738883 0 85624 3 
0 -35.6522 -24.9855 80.7293 0.985465 0.16988 0 85624 3 
0 -35.347 -25.9897 81.9293 0.913322 0.407239 0 85624 3 
0 -34.376 -27.3538 73.8035 0.683817 0.729654 0 85624 3 
0 -35.2252 -26.2403 81.7735 0.884537 0.46647 0 85624 3 
0 -34.5212 -27.211 67.4724 0.718121 0.695919 0 85624 3 
0 -35.6488 -25.0049 83.8786 0.984664 0.174461 0 85624 3 
0 -35.6169 -25.1669 78.6514 0.977105 0.212757 0 85624 3 
0 -35.617 -25.1661 74.8975 0.977149 0.212554 0 85624 3 
0 -32.3771 -28.402 66.2952 0.211336 0.977413 0 85624 3 
0 -35.6153 -25.1742 76.9711 0.97673 0.214475 0 85624 3 
0 -35.698 -24.6314 69.8402 0.996281 0.0861659 0 85624 3 
0 -32.1794 -28.4398 71.1569 0.164604 0.98636 0 85624 3 
0 -35.2721 -26.1489 66.7157 0.895605 0.44485 0 85624 3 
0 -35.1462 -26.3834 71.4449 0.865858 0.50029 0 85624 3 
0 -35.7121 -24.3831 79.931 0.999622 0.027481 0 85624 3 
0 -32.9178 -28.2468 69.865 0.339125 0.940741 0 85624 3 
0 -33.5371 -27.9654 68.0046 0.485525 0.874223 0 85624 3 
0 -34.5987 -27.1289 72.0393 0.736446 0.676497 0 85624 3 
0 -31.9617 -28.4704 66.3756 0.113147 0.993578 0 85624 3 
0 -34.8162 -26.8724 70.1448 0.787852 0.615864 0 85624 3 
0 -43.4247 27.2317 85.1672 0 0 1 86971 1 
0 8.29662 -51.7623 85.1672 0 0 1 86971 1 
0 56.2125 52.0355 85.1672 0 0 1 86971 1 
0 -22.3009 -53.2109 85.1672 0 0 1 86971 1 
0 -19.1273 -38.3403 85.1672 0 0 1 86971 1 
0 55.1377 1.10796 85.1672 0 0 1 86971 1 
0 -38.1759 -26.9741 85.1672 0 0 1 86971 1 
0 46.4536 15.6683 85.1672 0 0 1 86971 1 
0 -24.0322 31.7038 85.1672 0 0 1 86971 1 
0 47.719 -42.3603 85.1672 0 0 1 86971 1 
0 39.1484 -15.7624 85.1672 0 0 1 86971 1 
0 -47.5992 5.63423 85.1672 0 0 1 86971 1 
0 14.8396 39.2736 85.1672 0 0 1 86971 1 
0 52.8242 6.46683 85.1672 0 0 1 86971 1 
0 -30.1021 49.2244 85.1672 0 0 1 86971 1 
0 50.6514 5.12447 85.1672 0 0 1 86971 1 
0 -48.3349 -6.48822 85.1672 0 0 1 86971 1 
0 -53.6094 -51.196 85.1672 0 0 1 86971 1 
0 15.8281 41.8481 85.1672 0 0 1 86971 1 
0 -51.873 44.8123 85.1672 0 0 1 86971 1 
0 -54.6379 -47.9915 85.1672 0 0 1 86971 1 
0 1.09148 -44.273 85.1672 0 0 1 86971 1 
0 -40.9239 53.4461 85.1672 0 0 1 86971 1 
0 2.08429 57.0086 85.1672 0 0 1 86971 1 
0 -17.1622 -50.085 85.1672 0 0 1 86971 1 
0 -34.3579 -35.592 80.3285 1 0 0 86982 1 
0 -34.3579 -33.9945 82.2615 1 0 0 86982 1 
0 -34.3579 -33.136 74.1714 1 0 0 86982 1 
0 -34.3579 -31.1613 73.6399 1 0 0 86982 1 
0 -34.3579 -29.4719 83.4367 1 0 0 86982 1 
0 -34.3579 -33.193 76.542 1 0 0 86982 1 
0 -34.3579 -30.2219 83.3311 1 0 0 86982 1 
0 -34.3579 -31.7049 83.0326 1 0 0 86982 1 
0 -34.3579 -33.4687 80.4888 1 0 0 86982 1 
0 -34.3579 -29.9094 73.8202 1 0 0 86982 1 
0 -34.3579 -29.463 83.2542 1 0 0 86982 1 
0 -34.3579 -32.1194 72.7981 1 0 0 86982 1 
0 -34.3579 -30.2335 74.6782 1 0 0 86982 1 
0 -34.3579 -31.5627 77.2599 1 0 0 86982 1 
0 -34.3579 -32.3469 81.0369 1 0 0 86982 1 
0 -34.3579 -36.0337 81.0271 1 0 0 86982 1 
0 -34.3579 -27.6477 78.7063 1 0 0 86982 1 
0 -34.3579 -34.2854 82.4395 1 0 0 86982 1 
0 -34.3579 -30.6237 77.3647 1 0 0 86982 1 
0 -34.3579 -32.6492 81.8032 1 0 0 86982 1 
0 -34.3579 -35.0718 76.7503 1 0 0 86982 1 
0 -34.3579 -32.2066 74.1957 1 0 0 86982 1 
0 -34.3579 -29.0063 74.9715 1 0 0 86982 1 
0 -34.3579 -29.8369 74.9716 1 0 0 86982 1 
0 -34.3579 -30.9761 83.1648 1 0 0 86982 1 
0 -33.8939 -37.1281 75.8285 0.536005 0.844215 0 86949 3 
0 -34.0045 -37.0467 76.2782 0.646596 0.762833 0 86949 3 
0 -33.596 -37.2551 84.6274 0.238172 0.971223 0 86949 3 
0 -34.2242 -36.7834 78.8516 0.866286 0.499549 0 86949 3 
0 -34.3423 -36.4599 84.8233 0.984387 0.176017 0 86949 3 
0 -34.347 -36.4312 78.7901 0.989095 0.147279 0 86949 3 
0 -33.3971 -37.2831 77.0789 0.0392042 0.999231 0 86949 3 
0 -33.6062 -37.2526 81.8568 0.248332 0.968675 0 86949 3 
0 -34.0943 -36.9604 79.1003 0.736397 0.67655 0 86949 3 
0 -34.1164 -36.9355 75.4917 0.758509 0.651662 0 86949 3 
0 -33.5328 -37.2685 76.4058 0.17491 0.984584 0 86949 3 
0 -33.453 -37.2793 79.1099 0.095158 0.995462 0 86949 3 
0 -34.0526 -37.0032 82.0394 0.694714 0.719286 0 86949 3 
0 -34.24 -36.7549 75.3199 0.882096 0.47107 0 86949 3 
0 -33.4986 -37.2739 82.408 0.140711 0.990051 0 86949 3 
0 -34.3566 -36.3344 79.299 0.998721 0.0505517 0 86949 3 
0 -34.2632 -36.7086 78.3278 0.905343 0.424682 0 86949 3 
0 -34.2344 -36.7651 76.2719 0.876572 0.481272 0 86949 3 
0 -33.8269 -37.1671 78.2471 0.469 0.883198 0 86949 3 
0 -34.1451 -36.9005 75.68 0.787257 0.616625 0 86949 3 
0 -33.5417 -37.2668 82.3958 0.1838 0.982964 0 86949 3 
0 -34.2222 -36.7868 75.8862 0.864327 0.502929 0 86949 3 
0 -34.3365 -36.4894 75.9422 0.978658 0.205498 0 86949 3 
0 -34.211 -36.8056 77.2721 0.853103 0.521743 0 86949 3 
0 -34.1609 -36.8798 82.9526 0.80304 0.595925 0 86949 3 
0 38.1399 -40.9232 74.9766 0 0 1 87144 1 
0 40.4267 -41.4047 74.9766 0 0 1 87144 1 
0 43.5017 -40.9447 74.9766 0 0 1 87144 1 
0 36.2544 -32.8436 74.9766 0 0 1 87144 1 
0 36.0868 -24.034 74.9766 0 0 1 87144 1 
0 37.1587 -43.341 74.9766 0 0 1 87144 1 
0 44.3492 -32.6369 74.9766 0 0 1 87144 1 
0 38.3141 -44.7223 74.9766 0 0 1 87144 1 
0 41.6612 -38.506 74.9766 0 0 1 87144 1 
0 40.3402 -27.6911 74.9766 0 0 1 87144 1 
0 38.376 -35.2578 74.9766 0 0 1 87144 1 
0 40.3274 -31.7065 74.9766 0 0 1 87144 1 
0 41.0099 -24.8897 74.9766 0 0 1 87144 1 
0 41.7296 -29.308 74.9766 0 0 1 87144 1 
0 42.7877 -30.3574 74.9766 0 0 1 87144 1 
0 43.9934 -43.7175 74.9766 0 0 1 87144 1 
0 36.2209 -40.211 74.9766 0 0 1 87144 1 
0 37.7652 -42.7145 74.9766 0 0 1 87144 1 
0 41.7658 -27.3008 74.9766 0 0 1 87144 1 
0 41.3037 -38.4669 74.9766 0 0 1 87144 1 
0 38.5096 -24.1373 74.9766 0 0 1 87144 1 
0 39.9654 -42.9882 74.9766 0 0 1 87144 1 
0 44.6162 -36.0157 74.9766 0 0 1 87144 1 
0 42.2261 -38.0701 74.9766 0 0 1 87144 1 
0 38.6106 -25.7945 74.9766 0 0 1 87144 1 
0 34.3579 -33.7898 74.0812 -1 0 0 87150 1 
0 34.3579 -32.1347 74.3948 -1 0 0 87150 1 
0 34.3579 -31.6552 74.263 -1 0 0 87150 1 
0 34.3579 -28.6874 73.9962 -1 0 0 87150 1 
0 34.3579 -29.756 74.9493 -1 0 0 87150 1 
0 34.3579 -34.6732 72.9703 -1 0 0 87150 1 
0 34.3579 -31.1464 73.6677 -1 0 0 87150 1 
0 34.3579 -32.9385 74.3328 -1 0 0 87150 1 
0 34.3579 -30.484 74.1441 -1 0 0 87150 1 
0 34.3579 -32.8284 74.7424 -1 0 0 87150 1 
0 34.3579 -27.7443 72.8276 -1 0 0 87150 1 
0 34.3579 -32.6574 72.5104 -1 0 0 87150 1 
0 34.3579 -29.4345 73.9402 -1 0 0 87150 1 
0 34.3579 -27.8143 74.8026 -1 0 0 87150 1 
0 34.3579 -30.037 73.8944 -1 0 0 87150 1 
0 34.3579 -28.1889 73.0925 -1 0 0 87150 1 
0 34.3579 -33.6172 73.5521 -1 0 0 87150 1 
0 34.3579 -31.5768 74.0793 -1 0 0 87150 1 
0 34.3579 -28.1059 74.8241 -1 0 0 87150 1 
0 34.3579 -28.2168 74.61 -1 0 0 87150 1 
0 34.3579 -33.22 73.4364 -1 0 0 87150 1 
0 34.3579 -36.1003 73.4852 -1 0 0 87150 1 
0 34.3579 -31.1519 74.7498 -1 0 0 87150 1 
0 34.3579 -32.9187 73.5995 -1 0 0 87150 1 
0 34.3579 -32.6397 73.2591 -1 0 0 87150 1 
0 32.8627 -37.1602 72.4226 0 0 1 87154 1 
0 -14.4954 -34.6652 72.4226 0 0 1 87154 1 
0 12.3189 -33.4123 72.4226 0 0 1 87154 1 
0 -18.1631 -31.85 72.4226 0 0 1 87154 1 
0 -29.447 -32.3866 72.4226 0 0 1 87154 1 
0 23.5328 -31.5935 72.4226 0 0 1 87154 1 
0 -10.0602 -33.2051 72.4226 0 0 1 87154 1 
0 -4.55523 -33.6817 72.4226 0 0 1 87154 1 
0 19.611 -32.7186 72.4226 0 0 1 87154 1 
0 -4.16626 -30.0742 72.4226 0 0 1 87154 1 
0 -11.9538 -30.0253 72.4226 0 0 1 87154 1 
0 29.058 -31.4076 72.4226 0 0 1 87154 1 
0 18.9592 -34.0705 72.4226 0 0 1 87154 1 
0 -17.2299 -34.0719 72.4226 0 0 1 87154 1 
0 -13.7342 -30.1079 72.4226 0 0 1 87154 1 
0 17.3331 -33.3077 72.4226 0 0 1 87154 1 
0 22.313 -30.3698 72.4226 0 0 1 87154 1 
0 -20.7562 -32.4224 72.4226 0 0 1 87154 1 
0 -2.80487 -31.2915 72.4226 0 0 1 87154 1 
0 27.2227 -30.4242 72.4226 0 0 1 87154 1 
0 -4.88976 -31.8332 72.4226 0 0 1 87154 1 
0 -29.8539 -30.2837 72.4226 0 0 1 87154 1 
0 -20.7614 -32.418 72.4226 0 0 1 87154 1 
0 -20.7145 -33.5076 72.4226 0 0 1 87154 1 
0 -16.0815 -31.5738 72.4226 0 0 1 87154 1 
0 15.5276 -37.2839 78.749 0 1 0 87158 1 
0 21.7004 -37.2839 80.5458 0 1 0 87158 1 
0 -25.2709 -37.2839 78.924 0 1 0 87158 1 
0 26.1555 -37.2839 75.6349 0 1 0 87158 1 
0 9.50015 -37.2839 76.43 0 1 0 87158 1 
0 32.7461 -37.2839 74.4504 0 1 0 87158 1 
0 2.40738 -37.2839 76.7013 0 1 0 87158 1 
0 29.2578 -37.2839 78.6786 0 1 0 87158 1 
0 -17.0353 -37.2839 79.1126 0 1 0 87158 1 
0 11.4842 -37.2839 73.1214 0 1 0 87158 1 
0 -16.4212 -37.2839 80.549 0 1 0 87158 1 
0 -27.4876 -37.2839 82.1327 0 1 0 87158 1 
0 30.8108 -37.2839 75.5536 0 1 0 87158 1 
0 0.735241 -37.2839 76.2221 0 1 0 87158 1 
0 18.872 -37.2839 73.8956 0 1 0 87158 1 
0 21.8933 -37.2839 79.6085 0 1 0 87158 1 
0 17.719 -37.2839 77.2726 0 1 0 87158 1 
0 -12.1303 -37.2839 82.3148 0 1 0 87158 1 
0 -12.3947 -37.2839 82.0741 0 1 0 87158 1 
0 -16.671 -37.2839 77.1672 0 1 0 87158 1 
0 -9.55973 -37.2839 80.5434 0 1 0 87158 1 
0 3.93408 -37.2839 75.4573 0 1 0 87158 1 
0 30.3212 -37.2839 79.8275 0 1 0 87158 1 
0 17.0513 -37.2839 74.2128 0 1 0 87158 1 
0 -13.0596 -37.2839 81.7868 0 1 0 87158 1 
0 34.2647 -36.7054 72.5957 -0.906833 0.421489 0 87120 3 
0 34.1484 -36.8963 74.2016 -0.790513 0.612446 0 87120 3 
0 34.2287 -36.7755 74.7661 -0.870835 0.491575 0 87120 3 
0 33.559 -37.2634 73.5734 -0.201135 0.979564 0 87120 3 
0 33.4659 -37.278 73.8982 -0.107987 0.994152 0 87120 3 
0 33.6131 -37.2508 73.5227 -0.255199 0.966889 0 87120 3 
0 34.1584 -36.8832 73.3313 -0.800533 0.599289 0 87120 3 
0 34.1432 -36.903 74.2322 -0.785317 0.619094 0 87120 3 
0 34.3579 -36.2884 74.2704 -0.99999 0 0 87120 3 
0 33.6485 -37.2407 73.1914 -0.290615 0.95684 0 87120 3 
0 34.241 -36.7529 72.4833 -0.883166 0.46906 0 87120 3 
0 33.6378 -37.2439 73.8419 -0.279887 0.960033 0 87120 3 
0 34.2621 -36.7109 73.429 -0.90424 0.427024 0 87120 3 
0 34.0154 -37.0373 73.083 -0.657572 0.753392 0 87120 3 
0 34.3578 -36.2972 73.8524 -0.999911 0.0133487 0 87120 3 
0 34.182 -36.8503 73.6722 -0.824146 0.566378 0 87120 3 
0 33.4798 -37.2764 72.8841 -0.121963 0.992535 0 87120 3 
0 33.5488 -37.2655 73.4327 -0.190934 0.981603 0 87120 3 
0 33.8462 -37.1566 74.945 -0.488276 0.872689 0 87120 3 
0 33.9264 -37.1065 74.0593 -0.568551 0.822648 0 87120 3 
0 33.5953 -37.2553 73.176 -0.237381 0.971417 0 87120 3 
0 34.1505 -36.8936 74.475 -0.792607 0.609733 0 87120 3 
0 34.2472 -36.7411 73.1027 -0.889328 0.457271 0 87120 3 
0 33.4934 -37.2747 74.8107 -0.135512 0.990776 0 87120 3 
0 34.0694 -36.9866 74.6776 -0.711501 0.702685 0 87120 3 
