0 18.6031 20.1235 25.2368 -1 0 0 22137 1 
0 18.6031 -8.74155 26.7112 -1 0 0 22137 1 
0 18.6031 -6.98309 25.5772 -1 0 0 22137 1 
0 18.6031 18.2258 26.6726 -1 0 0 22137 1 
0 18.6031 -6.12115 25.5048 -1 0 0 22137 1 
0 18.6031 -24.7908 24.7828 -1 0 0 22137 1 
0 18.6031 -20.0749 24.9914 -1 0 0 22137 1 
0 18.6031 -17.9527 25.6 -1 0 0 22137 1 
0 18.6031 -22.0542 26.2047 -1 0 0 22137 1 
0 18.6031 -6.73984 26.2566 -1 0 0 22137 1 
0 18.6031 4.1409 26.8229 -1 0 0 22137 1 
0 18.6031 16.3791 26.1583 -1 0 0 22137 1 
0 18.6031 24.0505 26.2516 -1 0 0 22137 1 
0 18.6031 21.5266 26.3693 -1 0 0 22137 1 
0 18.6031 12.5483 26.1372 -1 0 0 22137 1 
0 18.6031 -10.758 26.6032 -1 0 0 22137 1 
0 18.6031 -18.5141 26.39 -1 0 0 22137 1 
0 18.6031 -26.7729 25.5932 -1 0 0 22137 1 
0 18.6031 -12.9427 25.5576 -1 0 0 22137 1 
0 18.6031 -14.2653 26.4314 -1 0 0 22137 1 
0 18.6031 -9.29085 26.6022 -1 0 0 22137 1 
0 18.6031 -11.4005 26.595 -1 0 0 22137 1 
0 18.6031 -6.37972 25.5164 -1 0 0 22137 1 
0 18.6031 -5.02841 25.1375 -1 0 0 22137 1 
0 18.6031 20.6892 26.2479 -1 0 0 22137 1 
0 18.6031 16.5022 25.6952 -1 0 0 22137 1 
0 18.6031 -6.13994 25.0084 -1 0 0 22137 1 
0 18.6031 -9.47016 26.5159 -1 0 0 22137 1 
0 18.6031 -4.62073 26.4055 -1 0 0 22137 1 
0 18.6031 14.9547 25.7022 -1 0 0 22137 1 
0 18.6031 11.1811 24.9419 -1 0 0 22137 1 
0 18.6031 -21.1916 25.438 -1 0 0 22137 1 
0 21.9152 25.6724 26.8678 0 0 1 22296 1 
0 27.6291 5.23176 26.8678 0 0 1 22296 1 
0 21.5183 21.7446 26.8678 0 0 1 22296 1 
0 25.135 26.0972 26.8678 0 0 1 22296 1 
0 24.9224 -10.6695 26.8678 0 0 1 22296 1 
0 19.4333 -25.3122 26.8678 0 0 1 22296 1 
0 23.3534 -24.9047 26.8678 0 0 1 22296 1 
0 26.1565 -1.60824 26.8678 0 0 1 22296 1 
0 28.6434 24.6218 26.8678 0 0 1 22296 1 
0 19.5392 -6.78295 26.8678 0 0 1 22296 1 
0 21.6919 21.2263 26.8678 0 0 1 22296 1 
0 27.8383 -16.9578 26.8678 0 0 1 22296 1 
0 28.5356 15.6092 26.8678 0 0 1 22296 1 
0 26.6283 12.1839 26.8678 0 0 1 22296 1 
0 25.5009 -9.75768 26.8678 0 0 1 22296 1 
0 26.5443 10.7527 26.8678 0 0 1 22296 1 
0 20.0293 1.9117 26.8678 0 0 1 22296 1 
0 27.5673 -20.5428 26.8678 0 0 1 22296 1 
0 26.3601 -24.294 26.8678 0 0 1 22296 1 
0 23.5444 15.0213 26.8678 0 0 1 22296 1 
0 28.0704 14.4022 26.8678 0 0 1 22296 1 
0 24.0771 1.23146 26.8678 0 0 1 22296 1 
0 21.8509 -21.148 26.8678 0 0 1 22296 1 
0 18.8594 26.9146 26.8678 0 0 1 22296 1 
0 25.5582 -15.6569 26.8678 0 0 1 22296 1 
0 22.2478 -21.6975 26.8678 0 0 1 22296 1 
0 18.9393 16.351 26.8678 0 0 1 22296 1 
0 26.5813 -7.21548 26.8678 0 0 1 22296 1 
0 20.9847 -6.46336 26.8678 0 0 1 22296 1 
0 25.7337 -1.16635 26.8678 0 0 1 22296 1 
0 22.4694 -22.9644 26.8678 0 0 1 22296 1 
0 23.8728 -22.2629 26.8678 0 0 1 22296 1 
0 -18.2807 27.7268 10.0256 0 1 0 22302 1 
0 22.3185 27.7268 0.0928382 0 1 0 22302 1 
0 -20.0717 27.7268 13.7815 0 1 0 22302 1 
0 16.3276 27.7268 13.6978 0 1 0 22302 1 
0 0.683517 27.7268 10.5657 0 1 0 22302 1 
0 6.20171 27.7268 0.77924 0 1 0 22302 1 
0 9.57493 27.7268 14.967 0 1 0 22302 1 
0 6.88453 27.7268 8.31316 0 1 0 22302 1 
0 -24.4747 27.7268 6.231 0 1 0 22302 1 
0 26.792 27.7268 1.6515 0 1 0 22302 1 
0 -19.63 27.7268 3.36249 0 1 0 22302 1 
0 0.65394 27.7268 3.60766 0 1 0 22302 1 
0 7.83582 27.7268 11.9716 0 1 0 22302 1 
0 -1.4205 27.7268 6.64262 0 1 0 22302 1 
0 2.3696 27.7268 15.8782 0 1 0 22302 1 
0 -21.9598 27.7268 4.00352 0 1 0 22302 1 
0 27.9019 27.7268 11.4503 0 1 0 22302 1 
0 -6.18596 27.7268 9.93669 0 1 0 22302 1 
0 -11.9734 27.7268 10.2564 0 1 0 22302 1 
0 28.4061 27.7268 2.28151 0 1 0 22302 1 
0 -5.30345 27.7268 15.0816 0 1 0 22302 1 
0 -7.3134 27.7268 15.2439 0 1 0 22302 1 
0 -3.44191 27.7268 19.0274 0 1 0 22302 1 
0 -0.53248 27.7268 23.51 0 1 0 22302 1 
0 -7.53812 27.7268 7.7176 0 1 0 22302 1 
0 2.90401 27.7268 7.91229 0 1 0 22302 1 
0 4.90066 27.7268 6.64536 0 1 0 22302 1 
0 6.87936 27.7268 7.57429 0 1 0 22302 1 
0 17.1656 27.7268 21.805 0 1 0 22302 1 
0 -18.0841 27.7268 12.1579 0 1 0 22302 1 
0 -8.81616 27.7268 13.6726 0 1 0 22302 1 
0 -21.428 27.7268 3.80035 0 1 0 22302 1 
0 28.6734 8.60785 0.888659 1 0 0 622 1 
0 28.6734 25.3949 15.4599 1 0 0 622 1 
0 28.6734 -13.7951 20.0295 1 0 0 622 1 
0 28.6734 -1.44969 18.153 1 0 0 622 1 
0 28.6734 -20.4189 26.6778 1 0 0 622 1 
0 28.6734 12.4924 24.4747 1 0 0 622 1 
0 28.6734 -18.3202 20.3729 1 0 0 622 1 
0 28.6734 -14.8743 24.0206 1 0 0 622 1 
0 28.6734 -3.10072 17.3104 1 0 0 622 1 
0 28.6734 24.1061 19.5428 1 0 0 622 1 
0 28.6734 -4.75781 9.19873 1 0 0 622 1 
0 28.6734 -26.2966 15.0107 1 0 0 622 1 
0 28.6734 27.408 8.38396 1 0 0 622 1 
0 28.6734 16.9525 4.63626 1 0 0 622 1 
0 28.6734 16.1767 0.799921 1 0 0 622 1 
0 28.6734 24.5657 23.1723 1 0 0 622 1 
0 28.6734 4.3007 26.8301 1 0 0 622 1 
0 28.6734 11.0457 26.4331 1 0 0 622 1 
0 28.6734 6.51235 3.31803 1 0 0 622 1 
0 28.6734 -3.38005 13.0741 1 0 0 622 1 
0 28.6734 21.1346 4.80107 1 0 0 622 1 
0 28.6734 16.0045 7.45867 1 0 0 622 1 
0 28.6734 -5.74696 18.0233 1 0 0 622 1 
0 28.6734 7.84246 5.97863 1 0 0 622 1 
0 28.6734 3.53138 14.6222 1 0 0 622 1 
0 28.6734 9.18655 19.4993 1 0 0 622 1 
0 28.6734 0.0655123 24.3623 1 0 0 622 1 
0 28.6734 14.9429 5.99367 1 0 0 622 1 
0 28.6734 10.1247 3.5622 1 0 0 622 1 
0 28.6734 -1.44007 26.7614 1 0 0 622 1 
0 28.6734 -6.9537 15.5492 1 0 0 622 1 
0 28.6734 19.8743 22.8024 1 0 0 622 1 
0 -0.994036 13.6863 25.0975 1 0 0 22151 1 
0 -0.994036 18.3883 25.3695 1 0 0 22151 1 
0 -0.994036 14.0165 25.2483 1 0 0 22151 1 
0 -0.994036 18.9337 24.8038 1 0 0 22151 1 
0 -0.994036 10.9694 25.6152 1 0 0 22151 1 
0 -0.994036 22.548 26.2116 1 0 0 22151 1 
0 -0.994036 19.7566 26.5245 1 0 0 22151 1 
0 -0.994036 10.3538 26.4485 1 0 0 22151 1 
0 -0.994036 11.8536 25.9124 1 0 0 22151 1 
0 -0.994036 23.5844 26.7888 1 0 0 22151 1 
0 -0.994036 26.1772 26.1134 1 0 0 22151 1 
0 -0.994036 17.1743 25.8858 1 0 0 22151 1 
0 -0.994036 25.7409 26.2195 1 0 0 22151 1 
0 -0.994036 15.3389 25.2485 1 0 0 22151 1 
0 -0.994036 22.1983 24.9084 1 0 0 22151 1 
0 -0.994036 26.0323 25.9884 1 0 0 22151 1 
0 -0.994036 18.6991 26.8386 1 0 0 22151 1 
0 -0.994036 26.3637 25.4216 1 0 0 22151 1 
0 -0.994036 22.4953 26.5166 1 0 0 22151 1 
0 -0.994036 21.4194 26.3489 1 0 0 22151 1 
0 -0.994036 25.2762 24.919 1 0 0 22151 1 
0 -0.994036 22.9235 25.5694 1 0 0 22151 1 
0 -0.994036 15.1231 24.9113 1 0 0 22151 1 
0 -0.994036 22.6026 26.0339 1 0 0 22151 1 
0 -0.994036 24.5801 25.2373 1 0 0 22151 1 
0 -0.994036 10.0644 25.4567 1 0 0 22151 1 
0 -0.994036 14.0687 26.0812 1 0 0 22151 1 
0 -0.994036 24.4574 26.5092 1 0 0 22151 1 
0 -0.994036 22.9198 26.8305 1 0 0 22151 1 
0 -0.994036 10.8367 25.9555 1 0 0 22151 1 
0 -0.994036 24.7775 25.4455 1 0 0 22151 1 
0 -0.994036 18.1532 26.0206 1 0 0 22151 1 
0 -20.7687 -16.5083 5.70274 0.97549 -0.220044 0 14143 2 
0 -18.9832 -16.4533 0.58936 -0.960107 -0.279633 0 14143 2 
0 -19.1162 -16.1779 16.6724 -0.815928 -0.578154 0 14143 2 
0 -19.4537 -15.8875 3.54537 -0.450073 -0.892992 0 14143 2 
0 -19.9561 -15.7929 6.70016 0.094489 -0.995526 0 14143 2 
0 -20.6726 -16.2584 12.5196 0.871223 -0.490888 0 14143 2 
0 -20.5112 -16.0491 7.77092 0.69628 -0.717771 0 14143 2 
0 -20.3537 -15.9265 13.3036 0.525583 -0.850742 0 14143 2 
0 -20.058 -15.8084 13.6835 0.20496 -0.97877 0 14143 2 
0 -19.9575 -15.7931 1.0941 0.0960637 -0.995375 0 14143 2 
0 -20.3292 -15.9119 13.001 0.49901 -0.866596 0 14143 2 
0 -19.0295 -16.3288 10.0177 -0.910019 -0.414567 0 14143 2 
0 -19.2546 -16.0231 11.1448 -0.66589 -0.74605 0 14143 2 
0 -19.1148 -16.18 4.75293 -0.817491 -0.575942 0 14143 2 
0 -20.6627 -16.2414 0.233988 0.860541 -0.509381 0 14143 2 
0 -20.6227 -16.1796 7.00483 0.817187 -0.576373 0 14143 2 
0 -20.5838 -16.1283 6.64851 0.775 -0.631961 0 14143 2 
0 -19.1873 -16.0897 1.71341 -0.73892 -0.673793 0 14143 2 
0 -19.9776 -15.7952 17.7042 0.117869 -0.993029 0 14143 2 
0 -19.2459 -16.031 16.0364 -0.675385 -0.737466 0 14143 2 
0 -19.6574 -15.8134 14.0381 -0.229316 -0.973352 0 14143 2 
0 -20.336 -15.9158 16.859 0.506366 -0.862319 0 14143 2 
0 -19.0058 -16.3858 16.6508 -0.935679 -0.352852 0 14143 2 
0 -20.692 -16.2949 5.26266 0.892343 -0.451358 0 14143 2 
0 -20.5945 -16.1416 10.1103 0.786546 -0.617532 0 14143 2 
0 -19.1686 -16.1109 15.4254 -0.75921 -0.650845 0 14143 2 
0 -19.9679 -15.7941 10.7035 0.107295 -0.994227 0 14143 2 
0 -19.2896 -15.9934 18.9589 -0.627977 -0.778232 0 14143 2 
0 -20.7612 -16.4773 8.26077 0.967315 -0.253576 0 14143 2 
0 -19.6207 -15.8228 3.34341 -0.269099 -0.963112 0 14143 2 
0 -19.0936 -16.2114 2.7698 -0.84043 -0.54192 0 14143 2 
0 -19.6488 -15.8154 0.897211 -0.23859 -0.97112 0 14143 2 
0 -20.6418 -17.2149 14.0123 0.837823 0.545942 0 14137 2 
0 -20.3726 -17.4841 9.84987 0.546023 0.83777 0 14137 2 
0 -19.7899 -17.6303 2.45704 -0.0856568 0.996325 0 14137 2 
0 -19.6374 -17.6042 13.1803 -0.250931 0.968005 0 14137 2 
0 -20.1821 -17.5789 1.76808 0.339539 0.940592 0 14137 2 
0 -20.3686 -17.4866 9.32198 0.541759 0.840534 0 14137 2 
0 -20.6187 -17.2486 18.126 0.812841 0.582486 0 14137 2 
0 -20.6522 -17.1984 0.505338 0.849164 0.528129 0 14137 2 
0 -20.7059 -17.0991 9.49441 0.907307 0.420468 0 14137 2 
0 -19.961 -17.6291 7.98184 0.0998321 0.995004 0 14137 2 
0 -20.7094 -16.3312 1.8614 0.911178 -0.412012 0 14137 2 
0 -19.2485 -17.3939 15.5004 -0.67257 0.740033 0 14137 2 
0 -20.2366 -17.5573 14.9278 0.398559 0.917143 0 14137 2 
0 -20.7896 -16.7687 11.0881 0.998062 0.0622308 0 14137 2 
0 -20.2004 -17.5721 9.03625 0.359391 0.933187 0 14137 2 
0 -19.3448 -17.4704 16.4064 -0.568117 0.822948 0 14137 2 
0 -20.7709 -16.518 2.74045 0.977807 -0.209508 0 14137 2 
0 -19.268 -17.4112 5.26515 -0.651373 0.758758 0 14137 2 
0 -20.2185 -17.5649 18.3562 0.379016 0.92539 0 14137 2 
0 -20.2394 -17.556 3.92278 0.401656 0.91579 0 14137 2 
0 -19.3844 -17.4962 0.782197 -0.525257 0.850943 0 14137 2 
0 -19.856 -17.6336 4.69353 -0.0139737 0.999902 0 14137 2 
0 -20.791 -16.7372 11.1417 0.999605 0.0281113 0 14137 2 
0 -20.7909 -16.7406 2.50267 0.999495 0.0317769 0 14137 2 
0 -19.6774 -17.6136 11.112 -0.207587 0.978217 0 14137 2 
0 -19.7333 -17.6237 0.131112 -0.146949 0.989144 0 14137 2 
0 -19.5431 -17.5742 11.7816 -0.35321 0.935544 0 14137 2 
0 -20.7522 -16.9772 14.5557 0.957541 0.288298 0 14137 2 
0 -19.9751 -17.6276 11.5875 0.115132 0.99335 0 14137 2 
0 -19.3693 -17.4867 12.9264 -0.541557 0.840664 0 14137 2 
0 -19.2701 -17.4129 0.455321 -0.64917 0.760644 0 14137 2 
0 -19.1699 -16.1093 8.30966 -0.757773 -0.652518 0 14137 2 
0 -0.388309 9.8781 22.7372 0 -1 0 22280 1 
0 -4.40808 9.8781 22.5782 0 -1 0 22280 1 
0 1.79778 9.8781 21.8545 0 -1 0 22280 1 
0 2.99103 9.8781 23.7974 0 -1 0 22280 1 
0 -0.762215 9.8781 21.7422 0 -1 0 22280 1 
0 0.378399 9.8781 22.4479 0 -1 0 22280 1 
0 -7.46972 9.8781 22.1407 0 -1 0 22280 1 
0 -7.59957 9.8781 23.6498 0 -1 0 22280 1 
0 2.30227 9.8781 22.2265 0 -1 0 22280 1 
0 -0.317178 9.8781 22.4732 0 -1 0 22280 1 
0 0.0855203 9.8781 24.053 0 -1 0 22280 1 
0 2.4558 9.8781 22.6493 0 -1 0 22280 1 
0 -5.71042 9.8781 23.9173 0 -1 0 22280 1 
0 -7.93901 9.8781 23.8644 0 -1 0 22280 1 
0 2.67877 9.8781 23.2982 0 -1 0 22280 1 
0 -4.48797 9.8781 23.1029 0 -1 0 22280 1 
0 -1.90218 9.8781 22.9979 0 -1 0 22280 1 
0 -0.992722 9.8781 22.5652 0 -1 0 22280 1 
0 0.346362 9.8781 23.1392 0 -1 0 22280 1 
0 -4.73283 9.8781 22.2277 0 -1 0 22280 1 
0 -1.88807 9.8781 21.8628 0 -1 0 22280 1 
0 1.17155 9.8781 23.2953 0 -1 0 22280 1 
0 -6.51087 9.8781 22.5141 0 -1 0 22280 1 
0 -0.276446 9.8781 24.3405 0 -1 0 22280 1 
0 -6.39002 9.8781 22.3145 0 -1 0 22280 1 
0 -3.14174 9.8781 23.6469 0 -1 0 22280 1 
0 -6.29439 9.8781 22.9038 0 -1 0 22280 1 
0 3.92596 9.8781 23.1512 0 -1 0 22280 1 
0 -7.60176 9.8781 21.8945 0 -1 0 22280 1 
0 0.253169 9.8781 24.1979 0 -1 0 22280 1 
0 -6.60106 9.8781 22.6042 0 -1 0 22280 1 
0 1.21851 9.8781 21.6597 0 -1 0 22280 1 
0 5.91547 9.13917 24.5404 -0.824715 -0.565549 0 22290 3 
0 5.0198 9.80077 22.6928 -0.298105 -0.954533 0 22290 3 
0 6.02239 8.96077 22.8294 -0.887578 -0.460658 0 22290 3 
0 5.92146 9.13038 23.3839 -0.828237 -0.560379 0 22290 3 
0 5.8942 9.16947 23.5954 -0.812212 -0.583363 0 22290 3 
0 5.87845 9.19103 23.8046 -0.802953 -0.596042 0 22290 3 
0 4.76468 9.85934 23.0172 -0.14811 -0.988971 0 22290 3 
0 4.8701 9.84014 22.9767 -0.210095 -0.977681 0 22290 3 
0 4.98791 9.81038 24.3059 -0.279357 -0.960187 0 22290 3 
0 6.21257 8.23629 22.4552 -0.999398 -0.0347002 0 22290 3 
0 6.00439 8.99451 21.9664 -0.876997 -0.480495 0 22290 3 
0 5.31434 9.67737 24.6024 -0.471283 -0.881982 0 22290 3 
0 4.75298 9.86105 23.6027 -0.141232 -0.989977 0 22290 3 
0 4.92735 9.82679 22.7136 -0.243755 -0.969837 0 22290 3 
0 5.41884 9.61666 22.9029 -0.532722 -0.84629 0 22290 3 
0 5.05535 9.78923 24.4003 -0.319012 -0.947751 0 22290 3 
0 4.92217 9.82809 22.656 -0.240708 -0.970598 0 22290 3 
0 5.14558 9.75599 23.1141 -0.372062 -0.928208 0 22290 3 
0 4.54 9.87788 23.0398 -0.0160106 -0.999872 0 22290 3 
0 5.38737 9.636 24.0724 -0.51422 -0.857658 0 22290 3 
0 5.6318 9.45812 21.7452 -0.657932 -0.753078 0 22290 3 
0 6.16947 8.56217 23.4716 -0.974057 -0.226305 0 22290 3 
0 6.15567 8.61738 22.0863 -0.96594 -0.258765 0 22290 3 
0 5.99439 9.0125 21.6535 -0.871117 -0.491075 0 22290 3 
0 5.62404 9.46486 22.0434 -0.653371 -0.757038 0 22290 3 
0 5.81282 9.27393 24.0145 -0.764366 -0.644783 0 22290 3 
0 5.84332 9.23673 23.4965 -0.782295 -0.622908 0 22290 3 
0 5.78023 9.31145 22.4684 -0.745203 -0.666838 0 22290 3 
0 5.33101 9.66834 24.1493 -0.481084 -0.876674 0 22290 3 
0 4.89303 9.83504 23.0771 -0.223572 -0.974687 0 22290 3 
0 4.57537 9.87694 23.2766 -0.0368082 -0.999322 0 22290 3 
0 5.49081 9.56876 23.0417 -0.57504 -0.818126 0 22290 3 
0 6.2136 2.06301 23.9348 -1 0 0 22286 1 
0 6.2136 5.90055 23.1522 -1 0 0 22286 1 
0 6.2136 1.73809 22.1997 -1 0 0 22286 1 
0 6.2136 7.91024 24.5215 -1 0 0 22286 1 
0 6.2136 0.79634 22.1878 -1 0 0 22286 1 
0 6.2136 0.884351 24.0645 -1 0 0 22286 1 
0 6.2136 -1.64051 22.2816 -1 0 0 22286 1 
0 6.2136 5.03766 23.3305 -1 0 0 22286 1 
0 6.2136 0.153145 22.7507 -1 0 0 22286 1 
0 6.2136 -8.06439 23.2195 -1 0 0 22286 1 
0 6.2136 5.36749 23.2389 -1 0 0 22286 1 
0 6.2136 -5.22109 22.7992 -1 0 0 22286 1 
0 6.2136 6.71511 23.2529 -1 0 0 22286 1 
0 6.2136 -5.27982 24.721 -1 0 0 22286 1 
0 6.2136 -7.19368 23.2372 -1 0 0 22286 1 
0 6.2136 2.97498 22.2364 -1 0 0 22286 1 
0 6.2136 -1.8805 23.3411 -1 0 0 22286 1 
0 6.2136 -5.59035 22.5838 -1 0 0 22286 1 
0 6.2136 -1.72203 21.7055 -1 0 0 22286 1 
0 6.2136 0.970864 23.6404 -1 0 0 22286 1 
0 6.2136 4.00799 24.5104 -1 0 0 22286 1 
0 6.2136 -2.57769 23.6696 -1 0 0 22286 1 
0 6.2136 -1.19896 24.166 -1 0 0 22286 1 
0 6.2136 1.17908 24.0773 -1 0 0 22286 1 
0 6.2136 2.21649 22.6707 -1 0 0 22286 1 
0 6.2136 -1.81387 23.1172 -1 0 0 22286 1 
0 6.2136 3.79054 21.8755 -1 0 0 22286 1 
0 6.2136 3.50895 22.4558 -1 0 0 22286 1 
0 6.2136 -6.18646 23.939 -1 0 0 22286 1 
0 6.2136 4.96238 23.472 -1 0 0 22286 1 
0 6.2136 4.32742 23.8965 -1 0 0 22286 1 
0 6.2136 -7.00909 24.6888 -1 0 0 22286 1 
0 5.22451 -9.72201 23.1369 -0.418467 0.908232 0 22294 3 
0 4.75024 -9.86144 22.5394 -0.139618 0.990205 0 22294 3 
0 4.61096 -9.87526 23.6889 -0.0577335 0.998332 0 22294 3 
0 6.07606 -8.84729 22.4196 -0.919137 0.393937 0 22294 3 
0 5.12529 -9.76398 24.1061 -0.360129 0.932902 0 22294 3 
0 6.01379 -8.97711 22.2438 -0.882524 0.470268 0 22294 3 
0 4.82498 -9.8492 22.834 -0.183564 0.983008 0 22294 3 
0 6.07872 -8.84106 24.0865 -0.920698 0.390277 0 22294 3 
0 5.77544 -9.31678 24.3625 -0.742383 0.669975 0 22294 3 
0 5.56122 -9.51651 22.9089 -0.616437 0.787404 0 22294 3 
0 6.16632 -8.5755 22.5388 -0.972202 0.234142 0 22294 3 
0 5.78622 -9.30472 24.3318 -0.748725 0.662881 0 22294 3 
0 4.63818 -9.87347 24.0426 -0.073734 0.997278 0 22294 3 
0 4.81825 -9.85044 24.4642 -0.179604 0.983739 0 22294 3 
0 5.4122 -9.62082 22.4627 -0.528822 0.848733 0 22294 3 
0 6.20111 -8.38297 22.2204 -0.99266 0.120939 0 22294 3 
0 6.21318 -8.21477 23.4165 -0.999757 0.0220496 0 22294 3 
0 5.69723 -9.39787 24.5422 -0.696401 0.717653 0 22294 3 
0 5.9707 -9.0532 22.0606 -0.85719 0.515 0 22294 3 
0 4.71308 -9.86626 21.8585 -0.117774 0.99304 0 22294 3 
0 5.74155 -9.35324 22.3346 -0.72246 0.691412 0 22294 3 
0 6.13074 -8.70166 22.8505 -0.951284 0.308315 0 22294 3 
0 5.4352 -9.60623 24.2092 -0.542343 0.840157 0 22294 3 
0 4.80641 -9.85256 23.7826 -0.172644 0.984984 0 22294 3 
0 5.87385 -9.19721 22.625 -0.800245 0.599673 0 22294 3 
0 4.66512 -9.87126 23.7707 -0.0895724 0.99598 0 22294 3 
0 6.209 -8.30219 23.066 -0.997299 0.073447 0 22294 3 
0 5.60984 -9.47698 23.5423 -0.645021 0.764165 0 22294 3 
0 6.09951 -8.78971 22.8755 -0.93292 0.360084 0 22294 3 
0 5.30155 -9.68413 21.6749 -0.463761 0.88596 0 22294 3 
0 5.78379 -9.30746 24.3974 -0.747293 0.664495 0 22294 3 
0 6.12851 -8.70848 23.7698 -0.949975 0.312325 0 22294 3 
0 -3.83397 -9.8781 25.5666 0 1 0 22278 1 
0 -5.19977 -9.8781 23.9839 0 1 0 22278 1 
0 -8.48064 -9.8781 23.7308 0 1 0 22278 1 
0 2.64754 -9.8781 22.5361 0 1 0 22278 1 
0 1.54643 -9.8781 22.554 0 1 0 22278 1 
0 -7.14642 -9.8781 22.8096 0 1 0 22278 1 
0 1.32265 -9.8781 22.8074 0 1 0 22278 1 
0 -3.1584 -9.8781 25.6435 0 1 0 22278 1 
0 -0.440543 -9.8781 22.3202 0 1 0 22278 1 
0 -0.420022 -9.8781 23.1486 0 1 0 22278 1 
0 2.40398 -9.8781 22.6756 0 1 0 22278 1 
0 0.542112 -9.8781 24.3607 0 1 0 22278 1 
0 -3.97615 -9.8781 25.4373 0 1 0 22278 1 
0 -3.02211 -9.8781 23.9032 0 1 0 22278 1 
0 1.14559 -9.8781 23.3969 0 1 0 22278 1 
0 1.85496 -9.8781 22.5648 0 1 0 22278 1 
0 -4.16556 -9.8781 22.5482 0 1 0 22278 1 
0 1.19442 -9.8781 22.3827 0 1 0 22278 1 
0 -2.79177 -9.8781 25.2449 0 1 0 22278 1 
0 -5.47657 -9.8781 24.6969 0 1 0 22278 1 
0 -4.34781 -9.8781 24.1102 0 1 0 22278 1 
0 -0.925646 -9.8781 21.9441 0 1 0 22278 1 
0 0.0431861 -9.8781 24.4877 0 1 0 22278 1 
0 3.82173 -9.8781 21.8314 0 1 0 22278 1 
0 -5.26715 -9.8781 24.6853 0 1 0 22278 1 
0 -1.46496 -9.8781 24.855 0 1 0 22278 1 
0 2.55946 -9.8781 22.3551 0 1 0 22278 1 
0 -0.575911 -9.8781 22.604 0 1 0 22278 1 
0 -5.02766 -9.8781 23.5974 0 1 0 22278 1 
0 -4.37201 -9.8781 24.7111 0 1 0 22278 1 
0 -1.80631 -9.8781 23.7457 0 1 0 22278 1 
0 -3.98841 -9.8781 24.841 0 1 0 22278 1 
0 -0.994036 -24.6552 25.8792 1 0 0 22155 1 
0 -0.994036 -25.1899 25.0451 1 0 0 22155 1 
0 -0.994036 -21.129 25.8519 1 0 0 22155 1 
0 -0.994036 -19.2285 26.6376 1 0 0 22155 1 
0 -0.994036 -10.7581 26.3907 1 0 0 22155 1 
0 -0.994036 -10.3095 25.1161 1 0 0 22155 1 
0 -0.994036 -24.8877 26.2204 1 0 0 22155 1 
0 -0.994036 -22.125 26.315 1 0 0 22155 1 
0 -0.994036 -18.9569 25.0964 1 0 0 22155 1 
0 -0.994036 -15.7457 25.6708 1 0 0 22155 1 
0 -0.994036 -17.5442 25.9675 1 0 0 22155 1 
0 -0.994036 -20.7954 25.697 1 0 0 22155 1 
0 -0.994036 -18.1896 25.6131 1 0 0 22155 1 
0 -0.994036 -9.88627 26.5834 1 0 0 22155 1 
0 -0.994036 -20.2137 25.4142 1 0 0 22155 1 
0 -0.994036 -27.4367 24.7896 1 0 0 22155 1 
0 -0.994036 -14.5647 25.3185 1 0 0 22155 1 
0 -0.994036 -19.2901 25.1231 1 0 0 22155 1 
0 -0.994036 -20.5257 24.8591 1 0 0 22155 1 
0 -0.994036 -16.0654 25.3653 1 0 0 22155 1 
0 -0.994036 -26.1657 26.7214 1 0 0 22155 1 
0 -0.994036 -25.3308 25.6136 1 0 0 22155 1 
0 -0.994036 -17.6157 25.4127 1 0 0 22155 1 
0 -0.994036 -24.0105 26.5163 1 0 0 22155 1 
0 -0.994036 -9.98423 24.7666 1 0 0 22155 1 
0 -0.994036 -21.7995 25.6365 1 0 0 22155 1 
0 -0.994036 -27.2517 25.4855 1 0 0 22155 1 
0 -0.994036 -16.8872 26.1455 1 0 0 22155 1 
0 -0.994036 -24.5337 25.3312 1 0 0 22155 1 
0 -0.994036 -23.2182 26.5519 1 0 0 22155 1 
0 -0.994036 -24.6154 24.8036 1 0 0 22155 1 
0 -0.994036 -18.4957 25.8534 1 0 0 22155 1 
0 -9.82681 -9.51424 24.1988 0.618135 0.786072 0 5878 3 
0 -10.4742 -8.2626 22.9922 0.998741 0.0501702 0 5878 3 
0 -9.88167 -9.46922 24.1826 0.65039 0.7596 0 5878 3 
0 -10.1237 -9.21409 26.4403 0.792709 0.609601 0 5878 3 
0 -8.91193 -9.87261 23.0343 0.0802346 0.996776 0 5878 3 
0 -8.84231 -9.87678 22.363 0.0392995 0.999227 0 5878 3 
0 -9.73808 -9.57948 25.126 0.565965 0.82443 0 5878 3 
0 -9.78668 -9.54485 24.0669 0.59454 0.804066 0 5878 3 
0 -9.30133 -9.79476 24.4068 0.309181 0.951003 0 5878 3 
0 -9.2229 -9.81819 24.9638 0.263069 0.964777 0 5878 3 
0 -9.95984 -9.39796 26.0447 0.696349 0.717703 0 5878 3 
0 -10.2948 -8.94182 23.4297 0.893272 0.449517 0 5878 3 
0 -10.4675 -8.34983 25.0715 0.99484 0.101454 0 5878 3 
0 -9.29769 -9.79594 24.9254 0.307038 0.951697 0 5878 3 
0 -8.99738 -9.86356 22.5396 0.130475 0.991452 0 5878 3 
0 -10.451 -8.46938 21.906 0.985141 0.171746 0 5878 3 
0 -9.52736 -9.70288 22.2697 0.442072 0.89698 0 5878 3 
0 -10.0636 -9.28795 26.8203 0.757336 0.653026 0 5878 3 
0 -10.225 -9.06699 22.0679 0.852263 0.523113 0 5878 3 
0 -10.3723 -8.763 21.806 0.93883 0.344381 0 5878 3 
0 -10.0075 -9.34979 26.0143 0.724397 0.689384 0 5878 3 
0 -9.03306 -9.85848 23.6105 0.151452 0.988465 0 5878 3 
0 -9.27486 -9.80313 22.4102 0.293618 0.955923 0 5878 3 
0 -10.3821 -8.73532 22.6092 0.944641 0.328106 0 5878 3 
0 -9.72925 -9.5855 22.5376 0.560776 0.827968 0 5878 3 
0 -9.03459 -9.85824 25.5797 0.152352 0.988326 0 5878 3 
0 -9.48884 -9.72126 21.9133 0.419425 0.90779 0 5878 3 
0 -10.3863 -8.72333 21.9819 0.94706 0.321055 0 5878 3 
0 -10.3026 -8.92608 24.4737 0.897868 0.440265 0 5878 3 
0 -10.0257 -9.33039 23.4212 0.735081 0.677979 0 5878 3 
0 -10.282 -8.96673 24.6903 0.885749 0.464165 0 5878 3 
0 -10.1854 -9.12848 22.5382 0.828988 0.559266 0 5878 3 
0 -10.4763 -6.64007 22.8789 1 0 0 5911 1 
0 -10.4763 -5.95329 22.7624 1 0 0 5911 1 
0 -10.4763 1.64001 25.6904 1 0 0 5911 1 
0 -10.4763 -0.150317 26.7557 1 0 0 5911 1 
0 -10.4763 -4.97086 25.0305 1 0 0 5911 1 
0 -10.4763 5.47331 24.9102 1 0 0 5911 1 
0 -10.4763 3.07281 24.8943 1 0 0 5911 1 
0 -10.4763 -2.97939 25.9098 1 0 0 5911 1 
0 -10.4763 3.57292 23.9793 1 0 0 5911 1 
0 -10.4763 7.95217 22.5306 1 0 0 5911 1 
0 -10.4763 -4.68645 26.4418 1 0 0 5911 1 
0 -10.4763 -3.92979 25.6841 1 0 0 5911 1 
0 -10.4763 -2.84022 22.6085 1 0 0 5911 1 
0 -10.4763 6.27855 21.7354 1 0 0 5911 1 
0 -10.4763 -2.23072 21.8961 1 0 0 5911 1 
0 -10.4763 0.17677 25.9239 1 0 0 5911 1 
0 -10.4763 3.98885 26.0776 1 0 0 5911 1 
0 -10.4763 5.27765 22.3809 1 0 0 5911 1 
0 -10.4763 -2.37937 24.7507 1 0 0 5911 1 
0 -10.4763 3.26988 26.6426 1 0 0 5911 1 
0 -10.4763 -1.08067 22.8366 1 0 0 5911 1 
0 -10.4763 7.38933 22.3474 1 0 0 5911 1 
0 -10.4763 -5.19547 22.7832 1 0 0 5911 1 
0 -10.4763 -6.16874 25.5253 1 0 0 5911 1 
0 -10.4763 0.395716 25.1886 1 0 0 5911 1 
0 -10.4763 6.64482 25.7998 1 0 0 5911 1 
0 -10.4763 -6.31349 24.2749 1 0 0 5911 1 
0 -10.4763 1.54476 25.0182 1 0 0 5911 1 
0 -10.4763 -0.244816 21.989 1 0 0 5911 1 
0 -10.4763 -3.64122 26.1741 1 0 0 5911 1 
0 -10.4763 2.71087 22.0148 1 0 0 5911 1 
0 -10.4763 1.6213 26.5013 1 0 0 5911 1 
0 -8.79014 9.87803 24.0053 0 -0.999963 0 5744 3 
0 -10.3773 8.74897 22.7148 0.941815 -0.336132 0 5744 3 
0 -10.0985 9.24605 26.694 0.777901 -0.628387 0 5744 3 
0 -9.53834 9.69741 25.9153 0.448532 -0.893767 0 5744 3 
0 -9.7482 9.57248 21.9437 0.571917 -0.820311 0 5744 3 
0 -9.45694 9.73561 22.5351 0.400668 -0.916223 0 5744 3 
0 -10.2388 9.04413 24.3083 0.860371 -0.509669 0 5744 3 
0 -9.02431 9.85979 24.4918 0.146308 -0.989239 0 5744 3 
0 -9.9246 9.43118 23.4524 0.675633 -0.737238 0 5744 3 
0 -9.49468 9.71855 25.2505 0.42286 -0.906195 0 5744 3 
0 -9.50099 9.71559 25.9707 0.426571 -0.904454 0 5744 3 
0 -9.42007 9.75121 23.5792 0.378994 -0.925399 0 5744 3 
0 -10.3356 8.85451 25.4528 0.917305 -0.398185 0 5744 3 
0 -10.4728 8.28584 22.2638 0.997961 -0.0638342 0 5744 3 
0 -10.4439 8.50753 23.2651 0.980966 -0.194179 0 5744 3 
0 -10.464 8.38151 26.7295 0.992764 -0.120083 0 5744 3 
0 -10.0328 9.32267 22.5113 0.739244 -0.673438 0 5744 3 
0 -10.4728 8.2869 24.6217 0.997921 -0.0644561 0 5744 3 
0 -9.95456 9.40306 24.4875 0.693246 -0.720701 0 5744 3 
0 -9.94358 9.41352 22.6505 0.686792 -0.726854 0 5744 3 
0 -10.2186 9.07733 24.4791 0.848505 -0.529188 0 5744 3 
0 -10.4761 8.20544 24.2367 0.999863 -0.0165617 0 5744 3 
0 -10.4692 8.3329 24.4863 0.995805 -0.0915058 0 5744 3 
0 -9.72901 9.58566 22.2707 0.560637 -0.828062 0 5744 3 
0 -8.81749 9.87758 24.8068 0.0247099 -0.999695 0 5744 3 
0 -8.87562 9.87515 22.2008 0.0588823 -0.998265 0 5744 3 
0 -10.0175 9.33927 21.6845 0.730236 -0.683195 0 5744 3 
0 -10.2062 9.09689 24.2602 0.841222 -0.54069 0 5744 3 
0 -9.3451 9.77987 26.4604 0.334913 -0.942249 0 5744 3 
0 -9.81581 9.52282 21.8583 0.61167 -0.791113 0 5744 3 
0 -10.4386 8.53341 23.9212 0.977832 -0.209391 0 5744 3 
0 -9.98852 9.36945 25.1715 0.713216 -0.700945 0 5744 3 
0 -11.0644 9.59272 20.0321 -1 0 0 2285 1 
0 -11.0644 19.5155 23.693 -1 0 0 2285 1 
0 -11.0644 -4.97746 24.2913 -1 0 0 2285 1 
0 -11.0644 17.1333 21.9362 -1 0 0 2285 1 
0 -11.0644 4.25483 20.7012 -1 0 0 2285 1 
0 -11.0644 15.2639 21.2039 -1 0 0 2285 1 
0 -11.0644 -4.42237 20.4415 -1 0 0 2285 1 
0 -11.0644 -23.9086 19.802 -1 0 0 2285 1 
0 -11.0644 -25.7776 26.2501 -1 0 0 2285 1 
0 -11.0644 -4.84599 25.7097 -1 0 0 2285 1 
0 -11.0644 -5.4214 20.9649 -1 0 0 2285 1 
0 -11.0644 9.69239 22.1216 -1 0 0 2285 1 
0 -11.0644 15.2513 20.4851 -1 0 0 2285 1 
0 -11.0644 -12.0841 22.4318 -1 0 0 2285 1 
0 -11.0644 -25.2786 20.5904 -1 0 0 2285 1 
0 -11.0644 23.8474 20.5842 -1 0 0 2285 1 
0 -11.0644 6.72577 26.8359 -1 0 0 2285 1 
0 -11.0644 14.9911 20.166 -1 0 0 2285 1 
0 -11.0644 -6.52972 20.0196 -1 0 0 2285 1 
0 -11.0644 4.14019 19.7905 -1 0 0 2285 1 
0 -11.0644 4.37837 26.3903 -1 0 0 2285 1 
0 -11.0644 3.92802 22.3028 -1 0 0 2285 1 
0 -11.0644 -16.0617 23.5035 -1 0 0 2285 1 
0 -11.0644 -20.4984 24.3314 -1 0 0 2285 1 
0 -11.0644 -26.7124 22.4264 -1 0 0 2285 1 
0 -11.0644 3.5207 25.3298 -1 0 0 2285 1 
0 -11.0644 23.6765 21.7839 -1 0 0 2285 1 
0 -11.0644 8.41412 24.4636 -1 0 0 2285 1 
0 -11.0644 5.43102 25.8732 -1 0 0 2285 1 
0 -11.0644 -15.3029 24.0375 -1 0 0 2285 1 
0 -11.0644 3.08879 21.5801 -1 0 0 2285 1 
0 -11.0644 18.0268 26.4532 -1 0 0 2285 1 
0 -9.78865 12.1896 26.8678 0 0 1 22298 1 
0 -9.64727 12.9763 26.8678 0 0 1 22298 1 
0 -6.65002 -23.802 26.8678 0 0 1 22298 1 
0 -5.08278 -26.0629 26.8678 0 0 1 22298 1 
0 -10.9678 -26.1837 26.8678 0 0 1 22298 1 
0 -3.51608 -12.0352 26.8678 0 0 1 22298 1 
0 -4.02248 10.1924 26.8678 0 0 1 22298 1 
0 -10.8725 -24.2324 26.8678 0 0 1 22298 1 
0 -6.23965 -27.4734 26.8678 0 0 1 22298 1 
0 -8.78275 -20.3864 26.8678 0 0 1 22298 1 
0 -9.5863 -9.63488 26.8678 0 0 1 22298 1 
0 -6.76058 18.9135 26.8678 0 0 1 22298 1 
0 -10.2794 -16.5653 26.8678 0 0 1 22298 1 
0 -10.0544 26.923 26.8678 0 0 1 22298 1 
0 -9.45803 20.8677 26.8678 0 0 1 22298 1 
0 -7.66375 17.8854 26.8678 0 0 1 22298 1 
0 -9.86932 -25.7018 26.8678 0 0 1 22298 1 
0 -10.2266 27.6848 26.8678 0 0 1 22298 1 
0 -5.57989 -18.956 26.8678 0 0 1 22298 1 
0 -4.44491 -23.3098 26.8678 0 0 1 22298 1 
0 -10.0244 -24.1327 26.8678 0 0 1 22298 1 
0 -4.21856 -15.0249 26.8678 0 0 1 22298 1 
0 -7.45323 -24.5467 26.8678 0 0 1 22298 1 
0 -4.64061 15.5089 26.8678 0 0 1 22298 1 
0 -8.52736 -22.8375 26.8678 0 0 1 22298 1 
0 -5.73463 21.2322 26.8678 0 0 1 22298 1 
0 -8.66227 10.3689 26.8678 0 0 1 22298 1 
0 -4.31153 25.3374 26.8678 0 0 1 22298 1 
0 -8.90522 -24.7503 26.8678 0 0 1 22298 1 
0 -10.4407 -18.2288 26.8678 0 0 1 22298 1 
0 -10.1308 -14.2137 26.8678 0 0 1 22298 1 
0 -10.5433 19.1964 26.8678 0 0 1 22298 1 
0 17.5768 14.634 24.7546 0 0 1 22143 1 
0 15.0405 5.55759 24.7546 0 0 1 22143 1 
0 13.1713 21.0836 24.7546 0 0 1 22143 1 
0 18.2195 15.5506 24.7546 0 0 1 22143 1 
0 6.44687 18.5669 24.7546 0 0 1 22143 1 
0 10.8879 -9.25745 24.7546 0 0 1 22143 1 
0 2.20951 12.864 24.7546 0 0 1 22143 1 
0 15.292 -3.40553 24.7546 0 0 1 22143 1 
0 5.41579 -13.4435 24.7546 0 0 1 22143 1 
0 12.9316 -10.0864 24.7546 0 0 1 22143 1 
0 10.626 4.47563 24.7546 0 0 1 22143 1 
0 10.9389 26.5582 24.7546 0 0 1 22143 1 
0 8.46469 22.2636 24.7546 0 0 1 22143 1 
0 7.24564 -26.7739 24.7546 0 0 1 22143 1 
0 8.12131 -8.66165 24.7546 0 0 1 22143 1 
0 13.1183 25.7906 24.7546 0 0 1 22143 1 
0 6.46908 -11.2801 24.7546 0 0 1 22143 1 
0 16.0589 -13.3676 24.7546 0 0 1 22143 1 
0 16.4582 16.6768 24.7546 0 0 1 22143 1 
0 9.23569 -13.4554 24.7546 0 0 1 22143 1 
0 11.0338 26.5707 24.7546 0 0 1 22143 1 
0 2.34613 15.0343 24.7546 0 0 1 22143 1 
0 12.0857 -18.2038 24.7546 0 0 1 22143 1 
0 9.43083 -22.5314 24.7546 0 0 1 22143 1 
0 6.08845 26.4837 24.7546 0 0 1 22143 1 
0 14.878 -25.8781 24.7546 0 0 1 22143 1 
0 14.237 15.531 24.7546 0 0 1 22143 1 
0 4.47903 -11.234 24.7546 0 0 1 22143 1 
0 11.6603 14.3914 24.7546 0 0 1 22143 1 
0 13.7932 -21.0643 24.7546 0 0 1 22143 1 
0 8.20999 -17.8249 24.7546 0 0 1 22143 1 
0 16.4849 -0.102121 24.7546 0 0 1 22143 1 
0 -15.533 -27.7268 4.93619 0 -1 0 22272 1 
0 -20.5844 -27.7268 9.69317 0 -1 0 22272 1 
0 -7.48456 -27.7268 3.07277 0 -1 0 22272 1 
0 8.99161 -27.7268 18.4172 0 -1 0 22272 1 
0 23.7743 -27.7268 16.2644 0 -1 0 22272 1 
0 22.2443 -27.7268 0.0133016 0 -1 0 22272 1 
0 22.1945 -27.7268 14.0112 0 -1 0 22272 1 
0 5.30082 -27.7268 8.65728 0 -1 0 22272 1 
0 -11.6853 -27.7268 10.5727 0 -1 0 22272 1 
0 11.6236 -27.7268 11.1964 0 -1 0 22272 1 
0 -23.3523 -27.7268 8.16193 0 -1 0 22272 1 
0 3.89406 -27.7268 15.3995 0 -1 0 22272 1 
0 3.63924 -27.7268 8.34478 0 -1 0 22272 1 
0 17.5429 -27.7268 23.3235 0 -1 0 22272 1 
0 8.03839 -27.7268 1.36078 0 -1 0 22272 1 
0 -12.9542 -27.7268 20.5166 0 -1 0 22272 1 
0 -3.73296 -27.7268 18.9057 0 -1 0 22272 1 
0 25.7037 -27.7268 5.58551 0 -1 0 22272 1 
0 27.4727 -27.7268 8.4286 0 -1 0 22272 1 
0 0.100808 -27.7268 0.631282 0 -1 0 22272 1 
0 15.6687 -27.7268 1.80319 0 -1 0 22272 1 
0 14.2656 -27.7268 13.9888 0 -1 0 22272 1 
0 5.67404 -27.7268 3.15276 0 -1 0 22272 1 
0 23.6175 -27.7268 0.438772 0 -1 0 22272 1 
0 -10.2534 -27.7268 9.75576 0 -1 0 22272 1 
0 18.6362 -27.7268 8.99428 0 -1 0 22272 1 
0 6.1983 -27.7268 0.528513 0 -1 0 22272 1 
0 23.7869 -27.7268 4.86294 0 -1 0 22272 1 
0 7.22344 -27.7268 15.7792 0 -1 0 22272 1 
0 4.41385 -27.7268 18.3527 0 -1 0 22272 1 
0 -1.506 -27.7268 15.9197 0 -1 0 22272 1 
0 0.315813 -27.7268 11.0791 0 -1 0 22272 1 
0 -4.80383 -2.67266 21.652 0 0 1 34624 1 
0 1.32629 4.60539 21.652 0 0 1 34624 1 
0 0.371091 -5.42925 21.652 0 0 1 34624 1 
0 -3.57969 1.08204 21.652 0 0 1 34624 1 
0 3.04667 9.29989 21.652 0 0 1 34624 1 
0 4.3234 4.6513 21.652 0 0 1 34624 1 
0 0.434844 -6.07482 21.652 0 0 1 34624 1 
0 2.62751 4.56792 21.652 0 0 1 34624 1 
0 3.77406 -5.41498 21.652 0 0 1 34624 1 
0 -9.4087 -6.25973 21.652 0 0 1 34624 1 
0 -5.03558 6.81384 21.652 0 0 1 34624 1 
0 -7.1819 -4.25449 21.652 0 0 1 34624 1 
0 -2.18627 -5.10772 21.652 0 0 1 34624 1 
0 -4.29651 1.1196 21.652 0 0 1 34624 1 
0 2.8355 5.0724 21.652 0 0 1 34624 1 
0 -2.15724 0.590656 21.652 0 0 1 34624 1 
0 -4.98974 0.0512921 21.652 0 0 1 34624 1 
0 3.18203 6.34183 21.652 0 0 1 34624 1 
0 -1.46401 -5.42908 21.652 0 0 1 34624 1 
0 -4.43395 2.0587 21.652 0 0 1 34624 1 
0 -7.06594 5.05836 21.652 0 0 1 34624 1 
0 -4.33429 -5.75044 21.652 0 0 1 34624 1 
0 -6.94768 6.86026 21.652 0 0 1 34624 1 
0 -5.25469 6.06396 21.652 0 0 1 34624 1 
0 -0.154135 4.97654 21.652 0 0 1 34624 1 
0 -6.74173 -8.00772 21.652 0 0 1 34624 1 
0 -4.19609 -1.45465 21.652 0 0 1 34624 1 
0 2.44414 9.13115 21.652 0 0 1 34624 1 
0 -3.30644 -8.70325 21.652 0 0 1 34624 1 
0 -6.46991 4.65009 21.652 0 0 1 34624 1 
0 5.20958 -7.21721 21.652 0 0 1 34624 1 
0 -6.0154 2.94458 21.652 0 0 1 34624 1 
0 16.4599 20.9983 0 0 0 -1 34628 1 
0 -17.1878 -17.7604 0 0 0 -1 34628 1 
0 -21.3283 -16.605 0 0 0 -1 34628 1 
0 11.0805 13.3255 0 0 0 -1 34628 1 
0 2.80968 -6.62538 0 0 0 -1 34628 1 
0 -24.5867 -8.93332 0 0 0 -1 34628 1 
0 25.5983 -15.7567 0 0 0 -1 34628 1 
0 6.76928 2.35305 0 0 0 -1 34628 1 
0 -5.7752 27.0792 0 0 0 -1 34628 1 
0 0.53038 26.8359 0 0 0 -1 34628 1 
0 16.7504 5.45863 0 0 0 -1 34628 1 
0 -23.8992 -13.3391 0 0 0 -1 34628 1 
0 20.9081 2.30879 0 0 0 -1 34628 1 
0 1.32556 4.26059 0 0 0 -1 34628 1 
0 -4.81875 11.5913 0 0 0 -1 34628 1 
0 22.3899 -9.59388 0 0 0 -1 34628 1 
0 22.2655 20.4834 0 0 0 -1 34628 1 
0 -21.3632 9.53473 0 0 0 -1 34628 1 
0 -1.52787 -23.8841 0 0 0 -1 34628 1 
0 23.9446 25.8905 0 0 0 -1 34628 1 
0 -23.7105 7.18894 0 0 0 -1 34628 1 
0 -20.521 21.4027 0 0 0 -1 34628 1 
0 -8.77853 24.7453 0 0 0 -1 34628 1 
0 -17.1451 -16.4882 0 0 0 -1 34628 1 
0 -11.5437 -0.188431 0 0 0 -1 34628 1 
0 28.1427 21.3 0 0 0 -1 34628 1 
0 -13.0945 9.04707 0 0 0 -1 34628 1 
0 0.678179 13.1322 0 0 0 -1 34628 1 
0 -28.5416 25.5628 0 0 0 -1 34628 1 
0 18.8441 -22.0327 0 0 0 -1 34628 1 
0 3.72342 -21.0852 0 0 0 -1 34628 1 
0 26.8234 -19.1148 0 0 0 -1 34628 1 
0 0.0800877 -2.03632 1.36659 -0.0392993 0.999227 0 34615 2 
0 1.42758 1.45431 15.3852 -0.700517 -0.713635 0 34615 2 
0 1.95356 -0.58017 4.47575 -0.958619 0.284692 0 34615 2 
0 0.351059 -2.00742 5.10705 -0.172266 0.985051 0 34615 2 
0 0.573471 1.95554 17.4305 -0.281404 -0.959589 0 34615 2 
0 2.03439 -0.119459 1.7586 -0.99828 0.058619 0 34615 2 
0 1.90796 -0.716008 4.49045 -0.936245 0.351348 0 34615 2 
0 1.7977 -0.95982 14.5918 -0.88214 0.470987 0 34615 2 
0 1.90126 -0.73363 5.84085 -0.932954 0.359995 0 34615 2 
0 1.28889 -1.57853 11.3548 -0.632462 0.774591 0 34615 2 
0 1.32305 -1.55001 9.3934 -0.649224 0.760597 0 34615 2 
0 0.25097 2.02238 6.14043 -0.123152 -0.992388 0 34615 2 
0 1.11699 -1.7045 8.62259 -0.548109 0.836407 0 34615 2 
0 1.33098 1.54321 20.8802 -0.653117 -0.757257 0 34615 2 
0 1.63298 -1.21917 12.7427 -0.801307 0.598253 0 34615 2 
0 0.476966 -1.98129 7.19298 -0.234049 0.972225 0 34615 2 
0 1.36014 1.51757 3.69825 -0.667427 -0.744675 0 34615 2 
0 1.68377 -1.14801 9.11793 -0.82623 0.563333 0 34615 2 
0 0.805404 -1.87198 9.42272 -0.395215 0.918589 0 34615 2 
0 0.842751 1.85547 0.747348 -0.413541 -0.910485 0 34615 2 
0 2.0345 -0.11746 0.0630224 -0.998338 0.0576379 0 34615 2 
0 0.883415 1.83646 9.20573 -0.433495 -0.901156 0 34615 2 
0 1.47715 1.40393 17.9406 -0.724842 -0.688915 0 34615 2 
0 0.846085 -1.85395 6.56383 -0.415177 0.909741 0 34615 2 
0 0.790797 1.8782 9.37911 -0.388047 -0.92164 0 34615 2 
0 0.760624 -1.89062 19.7284 -0.373241 0.927734 0 34615 2 
0 1.30212 -1.56763 0.71943 -0.638956 0.769243 0 34615 2 
0 0.318198 -2.01289 3.27725 -0.156141 0.987735 0 34615 2 
0 1.39676 -1.48393 9.87395 -0.685397 0.728169 0 34615 2 
0 1.70992 -1.10868 2.92893 -0.839064 0.544033 0 34615 2 
0 1.6858 -1.14502 4.72288 -0.827228 0.561867 0 34615 2 
0 0.668321 -1.92519 1.66501 -0.327948 0.944696 0 34615 2 
0 -1.73901 -1.06247 17.8944 0.853339 0.521356 0 34619 2 
0 -2.02372 0.239914 18.0105 0.993046 -0.117727 0 34619 2 
0 0.686886 1.91864 14.5977 -0.337058 -0.941484 0 34619 2 
0 -0.621989 1.94065 3.00872 0.305212 -0.952284 0 34619 2 
0 -1.5229 1.35417 15.6225 0.747293 -0.664495 0 34619 2 
0 -2.01768 0.286316 12.2335 0.990081 -0.140496 0 34619 2 
0 -1.16951 1.66891 10.4052 0.573882 -0.818938 0 34619 2 
0 -0.505031 1.97432 16.4086 0.247821 -0.968806 0 34619 2 
0 -1.40248 1.47853 3.16425 0.688202 -0.725519 0 34619 2 
0 -0.92835 1.81416 3.41527 0.455545 -0.890213 0 34619 2 
0 -1.58782 1.27743 9.32261 0.779149 -0.626838 0 34619 2 
0 -1.8971 -0.744328 11.8203 0.930912 0.365244 0 34619 2 
0 -2.03139 -0.162584 9.74386 0.996812 0.0797804 0 34619 2 
0 -1.8864 -0.771036 19.3363 0.925663 0.37835 0 34619 2 
0 -1.92555 -0.66726 12.6065 0.944877 0.327427 0 34619 2 
0 -1.10018 1.7154 15.8692 0.539863 -0.841753 0 34619 2 
0 -2.03129 -0.163898 8.69685 0.996761 0.0804255 0 34619 2 
0 -1.53469 -1.34079 1.4776 0.753078 0.657932 0 34619 2 
0 -1.85167 -0.851059 4.03955 0.908623 0.417618 0 34619 2 
0 -0.0290139 2.03768 19.7747 0.0142372 -0.999899 0 34619 2 
0 -0.89708 1.82982 8.745 0.4402 -0.8979 0 34619 2 
0 -2.02186 0.25509 0.346499 0.992135 -0.125173 0 34619 2 
0 -2.03133 0.163411 4.77987 0.99678 -0.0801866 0 34619 2 
0 -0.797005 1.87557 5.16338 0.391093 -0.920351 0 34619 2 
0 -2.01676 0.292698 16.8798 0.989632 -0.143628 0 34619 2 
0 -1.74646 -1.05018 20.5129 0.856992 0.515329 0 34619 2 
0 -1.33928 1.53601 19.0141 0.657191 -0.753724 0 34619 2 
0 -1.62106 -1.23497 2.86021 0.795462 0.606004 0 34619 2 
0 -1.86518 0.821035 10.3147 0.915251 -0.402885 0 34619 2 
0 2.008 0.347738 15.7838 -0.985334 -0.170636 0 34619 2 
0 -0.235208 2.02427 8.00063 0.115417 -0.993317 0 34619 2 
0 -1.82341 0.91004 4.42768 0.894754 -0.44656 0 34619 2 
0 -28.6734 -8.9783 0.363895 -1 0 0 64281 1 
0 -28.6734 4.5175 10.5046 -1 0 0 64281 1 
0 -28.6734 5.31781 11.2309 -1 0 0 64281 1 
0 -28.6734 -19.5318 0.84332 -1 0 0 64281 1 
0 -28.6734 7.64614 3.02161 -1 0 0 64281 1 
0 -28.6734 -25.8261 16.1037 -1 0 0 64281 1 
0 -28.6734 -19.4476 15.5323 -1 0 0 64281 1 
0 -28.6734 18.4453 9.91831 -1 0 0 64281 1 
0 -28.6734 -20.8786 8.92201 -1 0 0 64281 1 
0 -28.6734 -17.1024 11.7784 -1 0 0 64281 1 
0 -28.6734 -23.4361 14.0981 -1 0 0 64281 1 
0 -28.6734 -13.3113 15.2851 -1 0 0 64281 1 
0 -28.6734 6.93206 12.2094 -1 0 0 64281 1 
0 -28.6734 5.75533 5.50672 -1 0 0 64281 1 
0 -28.6734 0.88711 8.79778 -1 0 0 64281 1 
0 -28.6734 3.11007 4.58084 -1 0 0 64281 1 
0 -28.6734 -8.64553 7.19344 -1 0 0 64281 1 
0 -28.6734 -14.0018 0.89833 -1 0 0 64281 1 
0 -28.6734 -11.5564 3.0545 -1 0 0 64281 1 
0 -28.6734 -19.3725 9.04339 -1 0 0 64281 1 
0 -28.6734 -12.5991 5.54417 -1 0 0 64281 1 
0 -28.6734 -3.26818 1.39842 -1 0 0 64281 1 
0 -28.6734 12.2501 8.17201 -1 0 0 64281 1 
0 -28.6734 -6.68675 16.2606 -1 0 0 64281 1 
0 -28.6734 -1.12805 8.60021 -1 0 0 64281 1 
0 -28.6734 -19.6936 6.50104 -1 0 0 64281 1 
0 -28.6734 -7.26634 2.78409 -1 0 0 64281 1 
0 -28.6734 5.78918 5.42846 -1 0 0 64281 1 
0 -28.6734 20.5738 1.21298 -1 0 0 64281 1 
0 -28.6734 -10.6827 15.7798 -1 0 0 64281 1 
0 -28.6734 20.6258 7.76903 -1 0 0 64281 1 
0 -28.6734 2.95171 15.5516 -1 0 0 64281 1 
0 -26.9419 -7.21468 19.2746 0 1 0 65860 1 
0 -26.3953 -7.21468 19.0214 0 1 0 65860 1 
0 -27.9033 -7.21468 18.8505 0 1 0 65860 1 
0 -25.6655 -7.21468 19.3787 0 1 0 65860 1 
0 -22.195 -7.21468 19.1638 0 1 0 65860 1 
0 -22.281 -7.21468 19.6899 0 1 0 65860 1 
0 -25.4322 -7.21468 19.2216 0 1 0 65860 1 
0 -25.5306 -7.21468 19.2539 0 1 0 65860 1 
0 -23.0408 -7.21468 19.1041 0 1 0 65860 1 
0 -24.7258 -7.21468 18.8006 0 1 0 65860 1 
0 -26.6912 -7.21468 18.4932 0 1 0 65860 1 
0 -22.1219 -7.21468 19.2648 0 1 0 65860 1 
0 -28.0569 -7.21468 18.5151 0 1 0 65860 1 
0 -28.4797 -7.21468 18.8658 0 1 0 65860 1 
0 -28.3024 -7.21468 18.784 0 1 0 65860 1 
0 -27.8707 -7.21468 19.5668 0 1 0 65860 1 
0 -26.7351 -7.21468 19.4335 0 1 0 65860 1 
0 -22.5661 -7.21468 18.6564 0 1 0 65860 1 
0 -22.9478 -7.21468 18.9778 0 1 0 65860 1 
0 -26.4385 -7.21468 18.6735 0 1 0 65860 1 
0 -22.7934 -7.21468 19.5809 0 1 0 65860 1 
0 -22.3236 -7.21468 19.2549 0 1 0 65860 1 
0 -24.4644 -7.21468 19.5658 0 1 0 65860 1 
0 -22.9493 -7.21468 18.6564 0 1 0 65860 1 
0 -22.7635 -7.21468 19.2997 0 1 0 65860 1 
0 -27.9096 -7.21468 18.5 0 1 0 65860 1 
0 -22.3788 -7.21468 19.0517 0 1 0 65860 1 
0 -25.9101 -7.21468 18.5558 0 1 0 65860 1 
0 -23.5401 -7.21468 18.7211 0 1 0 65860 1 
0 -22.9174 -7.21468 19.4525 0 1 0 65860 1 
0 -23.9681 -7.21468 19.5168 0 1 0 65860 1 
0 -27.9841 -7.21468 19.4642 0 1 0 65860 1 
0 -20.1277 -6.40839 19.4258 -0.981059 0.193709 0 65821 3 
0 -20.8027 -7.16668 18.7951 -0.306079 0.952006 0 65821 3 
0 -20.8557 -7.18211 19.4307 -0.253134 0.967431 0 65821 3 
0 -20.1524 -6.50676 19.6998 -0.956393 0.292082 0 65821 3 
0 -20.1154 -6.32967 19.6101 -0.993367 0.114989 0 65821 3 
0 -20.2411 -6.71184 19.1348 -0.867659 0.49716 0 65821 3 
0 -21.0945 -7.21458 19.7014 -0.0143089 0.999898 0 65821 3 
0 -20.3093 -6.81539 19.2056 -0.799468 0.600709 0 65821 3 
0 -20.3454 -6.86058 18.5819 -0.763422 0.645899 0 65821 3 
0 -20.126 -6.39951 19.1578 -0.982769 0.184836 0 65821 3 
0 -20.2668 -6.75416 18.5056 -0.841999 0.53948 0 65821 3 
0 -20.1253 -6.39546 19.0411 -0.983523 0.180783 0 65821 3 
0 -20.9735 -7.20549 19.2465 -0.13525 0.990812 0 65821 3 
0 -20.9373 -7.19987 19.0671 -0.171463 0.985191 0 65821 3 
0 -20.2828 -6.77829 19.4693 -0.826041 0.56361 0 65821 3 
0 -20.3806 -6.90004 19.6683 -0.728202 0.685362 0 65821 3 
0 -20.7047 -7.12942 19.0612 -0.404047 0.914738 0 65821 3 
0 -20.1386 -6.45681 19.6324 -0.970245 0.242127 0 65821 3 
0 -20.1754 -6.57355 19.5186 -0.933385 0.358876 0 65821 3 
0 -20.4305 -6.94945 19.3718 -0.678314 0.734772 0 65821 3 
0 -20.1629 -6.53923 19.2614 -0.945869 0.324549 0 65821 3 
0 -20.1357 -6.44511 19.1564 -0.973088 0.230435 0 65821 3 
0 -20.1106 -6.27512 19.2057 -0.998172 0.0604373 0 65821 3 
0 -20.8938 -7.19129 18.7529 -0.215013 0.976611 0 65821 3 
0 -20.6657 -7.11117 18.5047 -0.443061 0.896492 0 65821 3 
0 -20.464 -6.97904 19.5329 -0.644783 0.764366 0 65821 3 
0 -20.214 -6.66115 19.1008 -0.894797 0.446474 0 65821 3 
0 -20.3731 -6.89195 19.2799 -0.735731 0.677274 0 65821 3 
0 -20.11 -6.26418 19.7272 -0.998774 0.0495 0 65821 3 
0 -20.1091 -6.23903 19.2287 -0.999703 0.0243502 0 65821 3 
0 -20.1498 -6.49799 19.1595 -0.959028 0.283313 0 65821 3 
0 -20.2553 -6.73579 19.6554 -0.85349 0.52111 0 65821 3 
0 -18.5738 -5.43957 19.746 0 0 1 66019 1 
0 -15.2446 -2.59141 19.746 0 0 1 66019 1 
0 -19.4756 14.0492 19.746 0 0 1 66019 1 
0 -21.6743 -25.6438 19.746 0 0 1 66019 1 
0 -18.4703 7.86116 19.746 0 0 1 66019 1 
0 -14.4065 13.8782 19.746 0 0 1 66019 1 
0 -26.5335 21.009 19.746 0 0 1 66019 1 
0 -11.3668 -21.4553 19.746 0 0 1 66019 1 
0 -17.5393 24.6112 19.746 0 0 1 66019 1 
0 -15.2077 2.77614 19.746 0 0 1 66019 1 
0 -19.148 -27.122 19.746 0 0 1 66019 1 
0 -13.9822 -6.53684 19.746 0 0 1 66019 1 
0 -20.2107 4.93352 19.746 0 0 1 66019 1 
0 -14.9922 16.7046 19.746 0 0 1 66019 1 
0 -20.9276 16.7726 19.746 0 0 1 66019 1 
0 -17.6341 25.2781 19.746 0 0 1 66019 1 
0 -23.2386 25.304 19.746 0 0 1 66019 1 
0 -19.7443 -5.30329 19.746 0 0 1 66019 1 
0 -24.2355 17.2335 19.746 0 0 1 66019 1 
0 -11.1262 10.6286 19.746 0 0 1 66019 1 
0 -28.321 -27.6489 19.746 0 0 1 66019 1 
0 -20.0376 14.5339 19.746 0 0 1 66019 1 
0 -11.2842 2.29908 19.746 0 0 1 66019 1 
0 -18.9619 -10.93 19.746 0 0 1 66019 1 
0 -13.2297 0.474352 19.746 0 0 1 66019 1 
0 -11.1463 5.16193 19.746 0 0 1 66019 1 
0 -20.8557 -8.52493 19.746 0 0 1 66019 1 
0 -25.2384 -17.9063 19.746 0 0 1 66019 1 
0 -12.7303 -22.3655 19.746 0 0 1 66019 1 
0 -13.0697 2.67166 19.746 0 0 1 66019 1 
0 -14.1397 -20.4129 19.746 0 0 1 66019 1 
0 -25.0365 -8.61542 19.746 0 0 1 66019 1 
0 -27.1323 7.21468 18.7845 0 -1 0 66024 1 
0 -28.3655 7.21468 18.8886 0 -1 0 66024 1 
0 -25.3961 7.21468 18.9359 0 -1 0 66024 1 
0 -22.677 7.21468 19.1065 0 -1 0 66024 1 
0 -28.3955 7.21468 18.5661 0 -1 0 66024 1 
0 -27.3791 7.21468 19.0325 0 -1 0 66024 1 
0 -25.1063 7.21468 19.0069 0 -1 0 66024 1 
0 -22.6494 7.21468 19.7425 0 -1 0 66024 1 
0 -26.2565 7.21468 18.534 0 -1 0 66024 1 
0 -21.4919 7.21468 19.1349 0 -1 0 66024 1 
0 -26.1136 7.21468 19.2788 0 -1 0 66024 1 
0 -25.5387 7.21468 18.6484 0 -1 0 66024 1 
0 -21.9731 7.21468 19.553 0 -1 0 66024 1 
0 -22.9688 7.21468 19.5826 0 -1 0 66024 1 
0 -26.2407 7.21468 18.9548 0 -1 0 66024 1 
0 -22.642 7.21468 19.5813 0 -1 0 66024 1 
0 -21.648 7.21468 19.0193 0 -1 0 66024 1 
0 -24.6754 7.21468 19.4665 0 -1 0 66024 1 
0 -24.9161 7.21468 19.2715 0 -1 0 66024 1 
0 -24.1613 7.21468 19.7407 0 -1 0 66024 1 
0 -22.2536 7.21468 19.1403 0 -1 0 66024 1 
0 -24.7583 7.21468 19.5363 0 -1 0 66024 1 
0 -27.6669 7.21468 19.5207 0 -1 0 66024 1 
0 -27.1491 7.21468 19.6231 0 -1 0 66024 1 
0 -26.2643 7.21468 19.5875 0 -1 0 66024 1 
0 -23.2924 7.21468 19.3385 0 -1 0 66024 1 
0 -22.2406 7.21468 19.3524 0 -1 0 66024 1 
0 -28.1863 7.21468 18.9631 0 -1 0 66024 1 
0 -28.3549 7.21468 19.1567 0 -1 0 66024 1 
0 -23.2786 7.21468 19.5147 0 -1 0 66024 1 
0 -25.6616 7.21468 19.0412 0 -1 0 66024 1 
0 -26.0608 7.21468 19.5616 0 -1 0 66024 1 
0 -20.1088 -1.92367 18.4966 -1 0 0 66030 1 
0 -20.1088 2.69401 19.6096 -1 0 0 66030 1 
0 -20.1088 -3.37027 18.6505 -1 0 0 66030 1 
0 -20.1088 2.67185 19.7248 -1 0 0 66030 1 
0 -20.1088 -4.49171 18.9932 -1 0 0 66030 1 
0 -20.1088 0.92233 18.6076 -1 0 0 66030 1 
0 -20.1088 -1.13733 19.6196 -1 0 0 66030 1 
0 -20.1088 2.03755 19.3012 -1 0 0 66030 1 
0 -20.1088 -0.62547 19.5607 -1 0 0 66030 1 
0 -20.1088 2.33661 18.5132 -1 0 0 66030 1 
0 -20.1088 -4.31805 19.6676 -1 0 0 66030 1 
0 -20.1088 2.98745 19.7162 -1 0 0 66030 1 
0 -20.1088 -4.95805 18.6353 -1 0 0 66030 1 
0 -20.1088 -1.52113 19.1954 -1 0 0 66030 1 
0 -20.1088 3.48232 18.5695 -1 0 0 66030 1 
0 -20.1088 -0.156244 18.5226 -1 0 0 66030 1 
0 -20.1088 -5.0261 18.5747 -1 0 0 66030 1 
0 -20.1088 -5.2018 18.709 -1 0 0 66030 1 
0 -20.1088 -2.60267 18.7773 -1 0 0 66030 1 
0 -20.1088 4.10032 18.5723 -1 0 0 66030 1 
0 -20.1088 -0.191901 19.609 -1 0 0 66030 1 
0 -20.1088 5.82284 19.5931 -1 0 0 66030 1 
0 -20.1088 4.52501 18.5971 -1 0 0 66030 1 
0 -20.1088 3.35828 19.6484 -1 0 0 66030 1 
0 -20.1088 5.37341 19.2909 -1 0 0 66030 1 
0 -20.1088 -5.12457 18.641 -1 0 0 66030 1 
0 -20.1088 -0.334603 18.9046 -1 0 0 66030 1 
0 -20.1088 -5.36461 18.7233 -1 0 0 66030 1 
0 -20.1088 3.96073 18.5594 -1 0 0 66030 1 
0 -20.1088 -0.145395 19.5064 -1 0 0 66030 1 
0 -20.1088 -0.475864 18.8139 -1 0 0 66030 1 
0 -20.1088 0.76802 18.6677 -1 0 0 66030 1 
0 -20.946 5.71046 18.4909 0 0 1 66034 1 
0 -23.0194 2.014 18.4909 0 0 1 66034 1 
0 -21.9617 3.71627 18.4909 0 0 1 66034 1 
0 -20.8835 -3.78506 18.4909 0 0 1 66034 1 
0 -21.5873 -5.30623 18.4909 0 0 1 66034 1 
0 -22.1062 -6.87093 18.4909 0 0 1 66034 1 
0 -27.0159 1.46583 18.4909 0 0 1 66034 1 
0 -26.1209 0.0807184 18.4909 0 0 1 66034 1 
0 -28.6475 0.310764 18.4909 0 0 1 66034 1 
0 -24.9211 1.03208 18.4909 0 0 1 66034 1 
0 -27.719 2.76129 18.4909 0 0 1 66034 1 
0 -26.7912 -1.33337 18.4909 0 0 1 66034 1 
0 -24.1219 2.5272 18.4909 0 0 1 66034 1 
0 -25.4776 3.58653 18.4909 0 0 1 66034 1 
0 -20.5239 6.40449 18.4909 0 0 1 66034 1 
0 -26.1889 2.88556 18.4909 0 0 1 66034 1 
0 -23.0845 -6.22245 18.4909 0 0 1 66034 1 
0 -21.2259 -5.72973 18.4909 0 0 1 66034 1 
0 -23.3169 -2.19983 18.4909 0 0 1 66034 1 
0 -21.4557 5.45725 18.4909 0 0 1 66034 1 
0 -22.3082 6.02147 18.4909 0 0 1 66034 1 
0 -22.4394 4.70638 18.4909 0 0 1 66034 1 
0 -27.5249 2.13536 18.4909 0 0 1 66034 1 
0 -23.3534 1.46161 18.4909 0 0 1 66034 1 
0 -22.0901 2.4146 18.4909 0 0 1 66034 1 
0 -22.5424 -0.901459 18.4909 0 0 1 66034 1 
0 -25.345 -1.10703 18.4909 0 0 1 66034 1 
0 -21.6772 5.43076 18.4909 0 0 1 66034 1 
0 -27.2159 1.15529 18.4909 0 0 1 66034 1 
0 -23.5262 0.715545 18.4909 0 0 1 66034 1 
0 -26.7339 0.544949 18.4909 0 0 1 66034 1 
0 -20.8561 6.57338 18.4909 0 0 1 66034 1 
0 -20.7174 7.1349 19.2272 -0.391402 -0.92022 0 65995 3 
0 -20.7345 7.142 18.5957 -0.374264 -0.927322 0 65995 3 
0 -20.1462 6.48576 18.9094 -0.962556 -0.271084 0 65995 3 
0 -21.0631 7.21363 19.2029 -0.045717 -0.998954 0 65995 3 
0 -20.4873 6.99811 18.7152 -0.621483 -0.783428 0 65995 3 
0 -20.5341 7.03307 18.8126 -0.574667 -0.818387 0 65995 3 
0 -20.4493 6.9664 19.0848 -0.659483 -0.75172 0 65995 3 
0 -20.6844 7.12017 19.1564 -0.424358 -0.905495 0 65995 3 
0 -20.1171 6.34304 18.7306 -0.991728 -0.128359 0 65995 3 
0 -20.203 6.63834 18.9738 -0.90582 -0.423663 0 65995 3 
0 -20.2648 6.75099 19.2061 -0.844023 -0.536307 0 65995 3 
0 -20.1129 6.30528 18.5634 -0.995887 -0.0905988 0 65995 3 
0 -20.9172 7.19615 19.0295 -0.191616 -0.98147 0 65995 3 
0 -20.1348 6.44112 18.8121 -0.974024 -0.226445 0 65995 3 
0 -21.0666 7.21379 19.1278 -0.042173 -0.99911 0 65995 3 
0 -20.2492 6.72558 19.6588 -0.859637 -0.510906 0 65995 3 
0 -20.5118 7.01695 18.5444 -0.596966 -0.802267 0 65995 3 
0 -20.2164 6.66586 19.647 -0.89243 -0.451186 0 65995 3 
0 -20.1223 6.37856 19.6905 -0.986481 -0.163878 0 65995 3 
0 -20.2173 6.6677 19.2864 -0.891498 -0.453025 0 65995 3 
0 -20.961 7.2037 18.8174 -0.147754 -0.989024 0 65995 3 
0 -21.1019 7.21465 19.013 0 -0.999976 0 65995 3 
0 -20.5198 7.0228 19.4407 -0.589014 -0.808123 0 65995 3 
0 -20.1488 6.49473 19.466 -0.959986 -0.280047 0 65995 3 
0 -20.8236 7.17315 18.7552 -0.285174 -0.958476 0 65995 3 
0 -21.0233 7.21101 18.7937 -0.085537 -0.996335 0 65995 3 
0 -20.5769 7.06152 19.079 -0.531849 -0.846839 0 65995 3 
0 -20.9803 7.20638 18.887 -0.128526 -0.991706 0 65995 3 
0 -20.747 7.14695 18.7201 -0.361761 -0.932271 0 65995 3 
0 -20.7807 7.15933 19.5694 -0.328061 -0.944657 0 65995 3 
0 -20.1204 6.36644 18.8072 -0.988417 -0.151759 0 65995 3 
0 -20.1261 6.40013 19.1345 -0.982654 -0.185448 0 65995 3 
