0 3.9998 -47.8155 39.7635 -0.729728 0 0.683737 13242 2 
0 5.47235 -22.1821 43.8229 -0.998381 0 -0.0568722 13242 2 
0 5.16494 -44.9127 41.6762 -0.942297 0 0.334778 13242 2 
0 1.08646 -9.12124 38.1387 -0.198214 0 0.980159 13242 2 
0 3.82014 2.15309 47.4419 -0.696951 0 -0.717119 13242 2 
0 5.16708 5.81821 45.3401 -0.942687 0 -0.333678 13242 2 
0 5.22796 -17.8305 41.8643 -0.953794 0 0.300461 13242 2 
0 4.59993 -22.8844 46.4918 -0.839216 0 -0.543798 13242 2 
0 3.23874 55.2289 39.0891 -0.590878 0 0.806761 13242 2 
0 4.91406 -3.09617 41.083 -0.896527 0 0.442989 13242 2 
0 4.38952 -14.7022 40.2285 -0.800829 0 0.598893 13242 2 
0 0.325894 -28.9277 38.0396 -0.0594564 0 0.998231 13242 2 
0 5.0298 -62.5277 41.3329 -0.917642 0 0.397408 13242 2 
0 2.72482 -30.4884 48.2671 -0.497119 0 -0.867682 13242 2 
0 4.52346 -54.8562 40.4157 -0.825265 0 0.564745 13242 2 
0 4.66743 -62.2783 46.385 -0.851531 0 -0.524304 13242 2 
0 0.864536 56.2986 38.0986 -0.157727 0 0.987483 13242 2 
0 4.82805 -92.4472 40.9162 -0.880835 0 0.473424 13242 2 
0 3.04856 49.1152 38.9559 -0.556183 0 0.83106 13242 2 
0 1.41979 81.5262 38.217 -0.259027 0 0.96587 13242 2 
0 3.76557 -65.6919 47.4942 -0.686996 0 -0.726662 13242 2 
0 2.81348 -9.71243 38.8071 -0.513294 0 0.858213 13242 2 
0 0.82161 43.0082 38.0919 -0.149896 0 0.988702 13242 2 
0 5.40492 16.1564 42.5998 -0.98608 0 0.166273 13242 2 
0 4.67549 -75.6867 40.6505 -0.853002 0 0.521908 13242 2 
0 0.350983 -83.012 38.0412 -0.0640338 0 0.997948 13242 2 
0 5.18611 8.86142 41.7369 -0.946159 0 0.323703 13242 2 
0 3.53242 -20.149 47.7023 -0.644459 0 -0.764639 13242 2 
0 4.36718 -17.3015 46.8235 -0.796753 0 -0.604305 13242 2 
0 0.48233 -85.5526 38.0512 -0.0879968 0 0.996121 13242 2 
0 1.10173 -59.64 48.8805 -0.201001 0 -0.979591 13242 2 
0 0.077687 -73.6121 38.0305 -0.0141733 0 0.9999 13242 2 
0 3.90809 -48.3703 39.6679 -0.712997 0 0.701167 13242 2 
0 2.68757 -65.143 48.2883 -0.490324 0 -0.87154 13242 2 
0 4.992 -3.01695 41.2476 -0.910746 0 0.412966 13242 2 
0 5.46193 5.12255 43.0517 -0.99648 0 0.0838256 13242 2 
0 5.31245 -50.019 42.1615 -0.969209 0 0.246241 13242 2 
0 5.4784 14.8304 43.3352 -0.999485 0 0.0320971 13242 2 
0 -36.1333 18.3404 82.8129 0.12025 0.992744 0 3933 3 
0 -37.5577 19.1479 60.0076 0.790027 0.613072 0 3933 3 
0 -37.9562 20.0023 69.6167 0.977423 0.21129 0 3933 3 
0 -36.4775 18.4114 57.2629 0.282095 0.959387 0 3933 3 
0 -37.9958 20.2624 64.9075 0.996034 0.0889759 0 3933 3 
0 -35.8929 18.3251 74.7787 0 0.999974 0 3933 3 
0 -37.8604 19.683 81.4008 0.932392 0.361448 0 3933 3 
0 -36.5001 18.4182 74.4455 0.292747 0.95619 0 3933 3 
0 -35.9216 18.3255 42.9909 0.0207082 0.999786 0 3933 3 
0 -37.0208 18.6585 70.5608 0.537602 0.843199 0 3933 3 
0 -38.0007 20.3303 59.9234 0.998371 0.0570639 0 3933 3 
0 -37.4085 18.9756 56.0774 0.719903 0.694074 0 3933 3 
0 -36.8665 18.5689 85.5426 0.465014 0.885303 0 3933 3 
0 -37.5663 19.1591 47.0115 0.79408 0.607813 0 3933 3 
0 -35.8971 18.3251 59.5561 0 0.999958 0 3933 3 
0 -36.9836 18.6353 81.5424 0.520108 0.854101 0 3933 3 
0 -37.3136 18.8831 72.0157 0.675279 0.737562 0 3933 3 
0 -36.111 18.3379 59.1193 0.109773 0.993957 0 3933 3 
0 -37.2408 18.8195 59.3122 0.641056 0.767494 0 3933 3 
0 -35.9943 18.3282 80.0199 0.0548861 0.998493 0 3933 3 
0 -37.6965 19.3498 60.7217 0.85532 0.518099 0 3933 3 
0 -36.6942 18.4881 61.458 0.384001 0.923333 0 3933 3 
0 -37.9335 19.908 62.4902 0.966773 0.255638 0 3933 3 
0 -37.9863 20.1762 57.29 0.991576 0.129524 0 3933 3 
0 -37.1673 18.7608 61.5523 0.606481 0.795098 0 3933 3 
0 -37.2649 18.8399 51.721 0.652373 0.757898 0 3933 3 
0 -37.1844 18.7739 60.1937 0.614492 0.788923 0 3933 3 
0 -37.957 20.0062 48.1799 0.977817 0.209462 0 3933 3 
0 -37.7895 19.5204 62.9073 0.899026 0.437896 0 3933 3 
0 -37.8226 19.5918 61.4693 0.914622 0.40431 0 3933 3 
0 -37.8466 19.6484 85.1703 0.925916 0.377729 0 3933 3 
0 -36.6252 18.4608 72.5669 0.35155 0.936169 0 3933 3 
0 -37.5856 19.1847 55.41 0.803168 0.595753 0 3933 3 
0 -37.2936 18.865 85.4144 0.665873 0.746065 0 3933 3 
0 -37.7144 19.3799 50.461 0.863723 0.503966 0 3933 3 
0 -37.1097 18.7184 66.872 0.579405 0.81504 0 3933 3 
0 -37.4455 19.0149 53.8547 0.737271 0.675597 0 3933 3 
0 -37.7845 19.5104 58.9363 0.896715 0.442609 0 3933 3 
0 -38.0042 39.1687 52.6209 1 0 0 3961 1 
0 -38.0042 50.6619 80.2949 1 0 0 3961 1 
0 -38.0042 33.6012 54.5086 1 0 0 3961 1 
0 -38.0042 20.6893 44.7278 1 0 0 3961 1 
0 -38.0042 63.774 81.0863 1 0 0 3961 1 
0 -38.0042 35.993 59.2848 1 0 0 3961 1 
0 -38.0042 34.3538 80.8481 1 0 0 3961 1 
0 -38.0042 82.2023 50.3922 1 0 0 3961 1 
0 -38.0042 76.9579 47.333 1 0 0 3961 1 
0 -38.0042 55.5222 57.6242 1 0 0 3961 1 
0 -38.0042 87.5269 69.4126 1 0 0 3961 1 
0 -38.0042 37.3185 44.4592 1 0 0 3961 1 
0 -38.0042 78.0336 62.8337 1 0 0 3961 1 
0 -38.0042 70.8901 74.0318 1 0 0 3961 1 
0 -38.0042 80.5207 59.7994 1 0 0 3961 1 
0 -38.0042 24.0847 58.5846 1 0 0 3961 1 
0 -38.0042 29.0896 70.212 1 0 0 3961 1 
0 -38.0042 37.0763 84.573 1 0 0 3961 1 
0 -38.0042 89.2646 72.9216 1 0 0 3961 1 
0 -38.0042 57.7336 61.3536 1 0 0 3961 1 
0 -38.0042 61.5344 48.8466 1 0 0 3961 1 
0 -38.0042 73.8445 66.2707 1 0 0 3961 1 
0 -38.0042 41.819 52.7525 1 0 0 3961 1 
0 -38.0042 85.0628 84.8629 1 0 0 3961 1 
0 -38.0042 74.0354 59.8209 1 0 0 3961 1 
0 -38.0042 70.8508 64.1806 1 0 0 3961 1 
0 -38.0042 35.0236 72.7744 1 0 0 3961 1 
0 -38.0042 73.7807 74.6436 1 0 0 3961 1 
0 -38.0042 63.8582 73.5904 1 0 0 3961 1 
0 -38.0042 72.8299 85.1559 1 0 0 3961 1 
0 -38.0042 22.7965 75.7766 1 0 0 3961 1 
0 -38.0042 68.8965 58.7377 1 0 0 3961 1 
0 -38.0042 21.8816 46.3044 1 0 0 3961 1 
0 -38.0042 79.9019 59.1014 1 0 0 3961 1 
0 -38.0042 23.0684 44.053 1 0 0 3961 1 
0 -38.0042 44.0072 68.7628 1 0 0 3961 1 
0 -38.0042 46.0479 48.5878 1 0 0 3961 1 
0 -38.0042 37.5492 53.921 1 0 0 3961 1 
0 -76.7525 -40.9699 79.8812 -1 0 0 606 1 
0 -76.7525 83.6322 16.9188 -1 0 0 606 1 
0 -76.7525 -21.8968 26.5862 -1 0 0 606 1 
0 -76.7525 28.189 67.8328 -1 0 0 606 1 
0 -76.7525 5.48018 70.3442 -1 0 0 606 1 
0 -76.7525 -40.7211 7.51253 -1 0 0 606 1 
0 -76.7525 50.1979 75.0163 -1 0 0 606 1 
0 -76.7525 18.4741 36.0958 -1 0 0 606 1 
0 -76.7525 -37.9095 73.1727 -1 0 0 606 1 
0 -76.7525 6.55536 4.91941 -1 0 0 606 1 
0 -76.7525 -66.2238 26.6991 -1 0 0 606 1 
0 -76.7525 69.9262 5.09717 -1 0 0 606 1 
0 -76.7525 44.7131 5.57725 -1 0 0 606 1 
0 -76.7525 -61.5718 79.5225 -1 0 0 606 1 
0 -76.7525 79.9369 32.7452 -1 0 0 606 1 
0 -76.7525 -29.1416 73.7781 -1 0 0 606 1 
0 -76.7525 -49.7355 24.753 -1 0 0 606 1 
0 -76.7525 -59.3674 61.1731 -1 0 0 606 1 
0 -76.7525 63.3539 1.32692 -1 0 0 606 1 
0 -76.7525 10.6071 52.7073 -1 0 0 606 1 
0 -76.7525 21.8683 36.2802 -1 0 0 606 1 
0 -76.7525 75.1617 60.9541 -1 0 0 606 1 
0 -76.7525 -31.6356 40.9251 -1 0 0 606 1 
0 -76.7525 -26.6187 36.7417 -1 0 0 606 1 
0 -76.7525 -17.9205 67.2332 -1 0 0 606 1 
0 -76.7525 43.6321 73.8049 -1 0 0 606 1 
0 -76.7525 -23.7923 9.22675 -1 0 0 606 1 
0 -76.7525 36.8526 15.539 -1 0 0 606 1 
0 -76.7525 78.6641 12.122 -1 0 0 606 1 
0 -76.7525 -3.99176 34.0434 -1 0 0 606 1 
0 -76.7525 64.0612 68.5539 -1 0 0 606 1 
0 -76.7525 15.3939 53.8296 -1 0 0 606 1 
0 -76.7525 84.9401 19.805 -1 0 0 606 1 
0 -76.7525 24.7651 52.96 -1 0 0 606 1 
0 -76.7525 8.77947 14.5998 -1 0 0 606 1 
0 -76.7525 -71.5488 34.7382 -1 0 0 606 1 
0 -76.7525 -1.56919 60.7461 -1 0 0 606 1 
0 -76.7525 -56.1033 52.7282 -1 0 0 606 1 
0 76.7525 43.0919 52.2574 1 0 0 622 1 
0 76.7525 -1.16361 22.2117 1 0 0 622 1 
0 76.7525 -11.8725 24.7994 1 0 0 622 1 
0 76.7525 73.8396 27.7009 1 0 0 622 1 
0 76.7525 -73.5432 4.60408 1 0 0 622 1 
0 76.7525 -89.2658 53.6012 1 0 0 622 1 
0 76.7525 2.7978 16.7603 1 0 0 622 1 
0 76.7525 72.8799 27.039 1 0 0 622 1 
0 76.7525 -61.8848 19.6468 1 0 0 622 1 
0 76.7525 -39.9057 58.8207 1 0 0 622 1 
0 76.7525 5.23905 72.6398 1 0 0 622 1 
0 76.7525 15.3751 85.9813 1 0 0 622 1 
0 76.7525 -67.5374 10.8022 1 0 0 622 1 
0 76.7525 13.2718 47.9144 1 0 0 622 1 
0 76.7525 59.6757 36.5505 1 0 0 622 1 
0 76.7525 32.4811 27.5854 1 0 0 622 1 
0 76.7525 -58.6781 84.5825 1 0 0 622 1 
0 76.7525 -52.9297 9.05749 1 0 0 622 1 
0 76.7525 -62.18 55.5154 1 0 0 622 1 
0 76.7525 -21.5266 1.18555 1 0 0 622 1 
0 76.7525 -92.2567 20.3853 1 0 0 622 1 
0 76.7525 -5.64245 31.0953 1 0 0 622 1 
0 76.7525 -57.8023 44.9333 1 0 0 622 1 
0 76.7525 -66.4102 14.7385 1 0 0 622 1 
0 76.7525 -24.4474 73.0663 1 0 0 622 1 
0 76.7525 56.9367 6.18454 1 0 0 622 1 
0 76.7525 71.0896 63.0435 1 0 0 622 1 
0 76.7525 32.2373 14.0437 1 0 0 622 1 
0 76.7525 -32.4188 15.9065 1 0 0 622 1 
0 76.7525 14.8672 37.8264 1 0 0 622 1 
0 76.7525 -35.786 7.03617 1 0 0 622 1 
0 76.7525 -23.0811 8.83281 1 0 0 622 1 
0 76.7525 -77.3773 0.194847 1 0 0 622 1 
0 76.7525 -44.6698 9.8614 1 0 0 622 1 
0 76.7525 -86.2616 57.4952 1 0 0 622 1 
0 76.7525 -71.0511 41.4726 1 0 0 622 1 
0 76.7525 -60.0865 62.8489 1 0 0 622 1 
0 76.7525 -55.5433 74.1081 1 0 0 622 1 
0 -37.0275 7.42314 0 0 0 -1 627 1 
0 -56.4391 -28.4754 0 0 0 -1 627 1 
0 -28.3125 52.3763 0 0 0 -1 627 1 
0 -32.5605 -5.77737 0 0 0 -1 627 1 
0 -75.3624 18.2783 0 0 0 -1 627 1 
0 -8.24857 -54.8432 0 0 0 -1 627 1 
0 -25.851 -73.782 0 0 0 -1 627 1 
0 -30.7717 29.2583 0 0 0 -1 627 1 
0 -62.5898 -42.7487 0 0 0 -1 627 1 
0 -66.8152 -14.6021 0 0 0 -1 627 1 
0 -28.8969 2.9092 0 0 0 -1 627 1 
0 -51.3288 -43.2193 0 0 0 -1 627 1 
0 63.5676 11.9395 0 0 0 -1 627 1 
0 -36.991 69.6061 0 0 0 -1 627 1 
0 28.3662 65.1533 0 0 0 -1 627 1 
0 40.3669 37.9693 0 0 0 -1 627 1 
0 39.719 69.7965 0 0 0 -1 627 1 
0 -69.2589 -29.1068 0 0 0 -1 627 1 
0 74.9095 1.48058 0 0 0 -1 627 1 
0 48.217 -59.301 0 0 0 -1 627 1 
0 55.8863 12.9319 0 0 0 -1 627 1 
0 -63.8542 65.4615 0 0 0 -1 627 1 
0 -13.8459 69.7689 0 0 0 -1 627 1 
0 66.2135 78.0658 0 0 0 -1 627 1 
0 -35.9394 -88.6558 0 0 0 -1 627 1 
0 51.1151 40.822 0 0 0 -1 627 1 
0 73.5657 14.4097 0 0 0 -1 627 1 
0 48.1034 34.119 0 0 0 -1 627 1 
0 -31.0539 -35.4912 0 0 0 -1 627 1 
0 30.5091 62.7657 0 0 0 -1 627 1 
0 64.6464 18.2339 0 0 0 -1 627 1 
0 54.4037 -86.9895 0 0 0 -1 627 1 
0 62.3025 16.1415 0 0 0 -1 627 1 
0 -18.9665 -82.1823 0 0 0 -1 627 1 
0 -1.43074 5.19985 0 0 0 -1 627 1 
0 -8.50786 -30.0728 0 0 0 -1 627 1 
0 59.6188 -20.4177 0 0 0 -1 627 1 
0 -72.6122 92.2325 0 0 0 -1 627 1 
0 -8.02969 56.1895 42.5842 0 0 1 13346 1 
0 -21.5001 33.3974 42.5842 0 0 1 13346 1 
0 -23.1365 76.7391 42.5842 0 0 1 13346 1 
0 -12.2387 49.7831 42.5842 0 0 1 13346 1 
0 -26.1755 25.8975 42.5842 0 0 1 13346 1 
0 -7.8866 78.265 42.5842 0 0 1 13346 1 
0 -11.3062 70.2828 42.5842 0 0 1 13346 1 
0 -26.8547 27.3633 42.5842 0 0 1 13346 1 
0 -33.3745 79.3255 42.5842 0 0 1 13346 1 
0 -37.3501 23.2954 42.5842 0 0 1 13346 1 
0 -29.2346 49.5568 42.5842 0 0 1 13346 1 
0 -32.5812 22.4955 42.5842 0 0 1 13346 1 
0 -21.8845 22.6949 42.5842 0 0 1 13346 1 
0 -7.11324 28.5867 42.5842 0 0 1 13346 1 
0 -16.6562 53.3704 42.5842 0 0 1 13346 1 
0 -9.69028 25.7977 42.5842 0 0 1 13346 1 
0 -18.1502 67.7155 42.5842 0 0 1 13346 1 
0 -10.6596 33.6387 42.5842 0 0 1 13346 1 
0 -33.9551 47.3331 42.5842 0 0 1 13346 1 
0 -33.5597 33.2838 42.5842 0 0 1 13346 1 
0 -25.7453 63.9662 42.5842 0 0 1 13346 1 
0 -28.249 44.1618 42.5842 0 0 1 13346 1 
0 -12.4264 71.1725 42.5842 0 0 1 13346 1 
0 -26.3165 59.7031 42.5842 0 0 1 13346 1 
0 -27.2718 48.8173 42.5842 0 0 1 13346 1 
0 -5.92218 34.6432 42.5842 0 0 1 13346 1 
0 -8.68229 90.4409 42.5842 0 0 1 13346 1 
0 -6.00241 90.9955 42.5842 0 0 1 13346 1 
0 -12.0434 54.2287 42.5842 0 0 1 13346 1 
0 -6.95658 50.2823 42.5842 0 0 1 13346 1 
0 -29.8353 67.8201 42.5842 0 0 1 13346 1 
0 -18.9653 28.265 42.5842 0 0 1 13346 1 
0 -37.7146 40.6572 42.5842 0 0 1 13346 1 
0 -9.74148 84.4489 42.5842 0 0 1 13346 1 
0 -24.0134 36.1382 42.5842 0 0 1 13346 1 
0 -18.5056 71.6457 42.5842 0 0 1 13346 1 
0 -8.9626 78.1018 42.5842 0 0 1 13346 1 
0 -27.2738 80.1522 42.5842 0 0 1 13346 1 
0 6.87562 81.9244 42.5842 0 0 1 13342 1 
0 28.8389 51.8239 42.5842 0 0 1 13342 1 
0 9.35046 23.175 42.5842 0 0 1 13342 1 
0 27.3425 44.8626 42.5842 0 0 1 13342 1 
0 19.9313 22.1568 42.5842 0 0 1 13342 1 
0 30.6559 42.035 42.5842 0 0 1 13342 1 
0 23.293 57.0382 42.5842 0 0 1 13342 1 
0 16.3438 31.1756 42.5842 0 0 1 13342 1 
0 36.7172 60.6507 42.5842 0 0 1 13342 1 
0 25.342 57.6274 42.5842 0 0 1 13342 1 
0 10.8763 28.7752 42.5842 0 0 1 13342 1 
0 26.8707 89.0588 42.5842 0 0 1 13342 1 
0 19.5737 34.0027 42.5842 0 0 1 13342 1 
0 27.0943 27.3893 42.5842 0 0 1 13342 1 
0 23.3991 88.4265 42.5842 0 0 1 13342 1 
0 24.2232 48.9099 42.5842 0 0 1 13342 1 
0 9.97764 70.6063 42.5842 0 0 1 13342 1 
0 13.3584 49.4802 42.5842 0 0 1 13342 1 
0 27.7456 81.1035 42.5842 0 0 1 13342 1 
0 11.9753 39.0829 42.5842 0 0 1 13342 1 
0 24.7084 59.3132 42.5842 0 0 1 13342 1 
0 12.027 49.7327 42.5842 0 0 1 13342 1 
0 17.8992 21.4842 42.5842 0 0 1 13342 1 
0 17.0185 55.5093 42.5842 0 0 1 13342 1 
0 22.2998 32.3073 42.5842 0 0 1 13342 1 
0 10.7239 56.6343 42.5842 0 0 1 13342 1 
0 33.4218 44.4815 42.5842 0 0 1 13342 1 
0 18.8564 78.3141 42.5842 0 0 1 13342 1 
0 19.7548 89.8381 42.5842 0 0 1 13342 1 
0 8.50582 58.8101 42.5842 0 0 1 13342 1 
0 12.0539 72.075 42.5842 0 0 1 13342 1 
0 30.0225 28.6007 42.5842 0 0 1 13342 1 
0 18.2101 62.8873 42.5842 0 0 1 13342 1 
0 25.6959 78.2201 42.5842 0 0 1 13342 1 
0 12.6018 53.1241 42.5842 0 0 1 13342 1 
0 35.8488 55.8083 42.5842 0 0 1 13342 1 
0 9.21957 25.4259 42.5842 0 0 1 13342 1 
0 19.9469 31.3682 42.5842 0 0 1 13342 1 
0 2.52147 92.6014 7.9394 0 1 0 13352 1 
0 -49.7659 92.6014 72.4296 0 1 0 13352 1 
0 -54.7246 92.6014 68.8549 0 1 0 13352 1 
0 -62.3138 92.6014 71.5094 0 1 0 13352 1 
0 -69.4316 92.6014 19.8111 0 1 0 13352 1 
0 48.389 92.6014 61.0011 0 1 0 13352 1 
0 -41.3106 92.6014 28.814 0 1 0 13352 1 
0 62.4552 92.6014 48.8857 0 1 0 13352 1 
0 46.3822 92.6014 45.1163 0 1 0 13352 1 
0 -46.9363 92.6014 79.1073 0 1 0 13352 1 
0 -23.4369 92.6014 39.4478 0 1 0 13352 1 
0 -72.5742 92.6014 5.76723 0 1 0 13352 1 
0 9.82039 92.6014 20.566 0 1 0 13352 1 
0 -52.0055 92.6014 78.8262 0 1 0 13352 1 
0 -76.7154 92.6014 29.4079 0 1 0 13352 1 
0 44.5546 92.6014 40.2707 0 1 0 13352 1 
0 -59.0551 92.6014 26.609 0 1 0 13352 1 
0 73.9289 92.6014 45.1135 0 1 0 13352 1 
0 -62.4091 92.6014 30.2136 0 1 0 13352 1 
0 -74.0633 92.6014 38.8044 0 1 0 13352 1 
0 72.9931 92.6014 23.324 0 1 0 13352 1 
0 -31.3966 92.6014 10.8308 0 1 0 13352 1 
0 -70.956 92.6014 6.94977 0 1 0 13352 1 
0 40.5481 92.6014 3.22395 0 1 0 13352 1 
0 -50.4374 92.6014 22.1014 0 1 0 13352 1 
0 63.7852 92.6014 29.3557 0 1 0 13352 1 
0 71.645 92.6014 69.6658 0 1 0 13352 1 
0 -74.7496 92.6014 79.8596 0 1 0 13352 1 
0 -41.5294 92.6014 76.6581 0 1 0 13352 1 
0 66.8589 92.6014 16.4211 0 1 0 13352 1 
0 -65.587 92.6014 41.4883 0 1 0 13352 1 
0 72.9149 92.6014 42.3185 0 1 0 13352 1 
0 60.4109 92.6014 24.3989 0 1 0 13352 1 
0 -60.5615 92.6014 47.3736 0 1 0 13352 1 
0 53.6446 92.6014 57.3504 0 1 0 13352 1 
0 -50.8286 92.6014 32.7632 0 1 0 13352 1 
0 32.0272 92.6014 23.7327 0 1 0 13352 1 
0 -55.7966 92.6014 6.17923 0 1 0 13352 1 
0 -5.22094 -17.4222 41.8422 0.952513 0 0.304497 13248 2 
0 -3.68047 -35.6607 39.4494 0.671469 0 0.741033 13248 2 
0 -1.46483 -69.0953 38.2293 0.267244 0 0.963629 13248 2 
0 -2.2795 -49.8793 38.5264 0.415875 0 0.909422 13248 2 
0 -3.16073 4.13361 47.9893 0.576646 0 -0.816994 13248 2 
0 -4.58232 6.46465 46.5188 0.836004 0 -0.548724 13248 2 
0 -0.0104228 -0.144585 38.03 0 0 0.999998 13248 2 
0 -5.41215 -41.6275 42.6438 0.987399 0 0.158248 13248 2 
0 -4.79066 -1.57063 46.1745 0.874013 0 -0.485903 13248 2 
0 -4.17173 13.2926 39.9558 0.761095 0 0.64864 13248 2 
0 -5.29004 -8.43405 42.0762 0.965121 0 0.261805 13248 2 
0 -5.48088 18.4418 43.5722 0.999938 0 -0.0111365 13248 2 
0 -5.24585 60.6104 41.9222 0.957059 0 0.289892 13248 2 
0 -5.48112 10.4453 43.5439 0.999982 0 0 13248 2 
0 -3.86666 41.31 39.6262 0.705438 0 0.708771 13248 2 
0 -4.78809 47.4418 40.8432 0.873544 0 0.486744 13248 2 
0 -1.44549 -40.8094 38.224 0.263716 0 0.9646 13248 2 
0 -4.35577 -73.67 40.1839 0.794672 0 0.607039 13248 2 
0 -3.72143 -25.908 39.4869 0.678942 0 0.734192 13248 2 
0 -5.06938 -31.5841 41.4267 0.924862 0 0.380302 13248 2 
0 -3.35585 -60.4222 47.845 0.612245 0 -0.790668 13248 2 
0 -5.41653 0.201744 44.3508 0.988198 0 -0.153181 13248 2 
0 -3.31505 -26.2718 47.8763 0.604802 0 -0.796376 13248 2 
0 -5.41664 -23.513 42.6722 0.988218 0 0.153054 13248 2 
0 -4.66108 -31.0993 46.3953 0.850373 0 -0.526181 13248 2 
0 -2.62098 16.3631 38.6972 0.478175 0 0.878265 13248 2 
0 5.32684 -43.9875 44.8029 -0.971835 0 -0.235664 13248 2 
0 -0.133557 -20.017 38.0316 0.0243663 0 0.999703 13248 2 
0 -3.68832 -54.3717 47.5658 0.672901 0 -0.739733 13248 2 
0 -1.85759 57.7528 38.3543 0.3389 0 0.940822 13248 2 
0 -1.76276 35.7721 38.3211 0.3216 0 0.946876 13248 2 
0 -0.163238 51.7374 38.0324 0.0297813 0 0.999556 13248 2 
0 -5.48075 -79.4721 43.4391 0.999914 0 0.0131506 13248 2 
0 -2.57424 -61.1467 38.6721 0.469648 0 0.882854 13248 2 
0 -4.00297 71.2913 39.7668 0.730307 0 0.683119 13248 2 
0 -0.241224 5.21608 38.0353 0.0440092 0 0.999031 13248 2 
0 -4.76727 84.5835 40.8062 0.869746 0 0.493499 13248 2 
0 -5.13945 -74.2901 41.606 0.937647 0 0.34759 13248 2 
0 -51.0332 -92.6014 68.8712 0 -1 0 13359 1 
0 -34.676 -92.6014 1.96732 0 -1 0 13359 1 
0 -65.3014 -92.6014 45.4832 0 -1 0 13359 1 
0 -19.5023 -92.6014 48.8359 0 -1 0 13359 1 
0 -74.2543 -92.6014 16.275 0 -1 0 13359 1 
0 -40.153 -92.6014 82.3278 0 -1 0 13359 1 
0 -39.7671 -92.6014 8.02766 0 -1 0 13359 1 
0 -44.0403 -92.6014 67.6737 0 -1 0 13359 1 
0 -16.0282 -92.6014 76.9087 0 -1 0 13359 1 
0 65.4717 -92.6014 18.846 0 -1 0 13359 1 
0 -56.1837 -92.6014 11.004 0 -1 0 13359 1 
0 -15.7108 -92.6014 40.3847 0 -1 0 13359 1 
0 -13.7774 -92.6014 63.2029 0 -1 0 13359 1 
0 -24.9091 -92.6014 40.4791 0 -1 0 13359 1 
0 -65.3189 -92.6014 12.8802 0 -1 0 13359 1 
0 55.7856 -92.6014 7.853 0 -1 0 13359 1 
0 -35.9422 -92.6014 9.45117 0 -1 0 13359 1 
0 37.096 -92.6014 10.4549 0 -1 0 13359 1 
0 18.0001 -92.6014 14.7628 0 -1 0 13359 1 
0 32.4705 -92.6014 41.5367 0 -1 0 13359 1 
0 58.7269 -92.6014 25.6086 0 -1 0 13359 1 
0 -44.2264 -92.6014 82.1803 0 -1 0 13359 1 
0 -59.9157 -92.6014 7.8792 0 -1 0 13359 1 
0 44.3095 -92.6014 45.1756 0 -1 0 13359 1 
0 -50.4315 -92.6014 19.1616 0 -1 0 13359 1 
0 48.6846 -92.6014 78.5542 0 -1 0 13359 1 
0 0.952535 -92.6014 82.4164 0 -1 0 13359 1 
0 -6.39639 -92.6014 15.9785 0 -1 0 13359 1 
0 55.7143 -92.6014 66.2768 0 -1 0 13359 1 
0 -45.7326 -92.6014 64.4617 0 -1 0 13359 1 
0 -5.76818 -92.6014 2.66438 0 -1 0 13359 1 
0 14.4851 -92.6014 55.6496 0 -1 0 13359 1 
0 -69.4889 -92.6014 57.1718 0 -1 0 13359 1 
0 -65.2971 -92.6014 35.0503 0 -1 0 13359 1 
0 76.3656 -92.6014 51.784 0 -1 0 13359 1 
0 40.9514 -92.6014 22.6567 0 -1 0 13359 1 
0 36.6159 -92.6014 4.58168 0 -1 0 13359 1 
0 -62.1528 -92.6014 50.9266 0 -1 0 13359 1 
0 36.5876 18.447 48.2917 -0.333874 0.942618 0 20279 3 
0 36.8223 18.5464 47.7123 -0.444264 0.895896 0 20279 3 
0 36.8858 18.5792 45.4377 -0.474093 0.880475 0 20279 3 
0 37.4337 19.0022 48.6664 -0.731741 0.681583 0 20279 3 
0 37.9478 19.9651 52.8228 -0.973478 0.228779 0 20279 3 
0 38.0042 20.4408 45.0947 -0.999987 0 0 20279 3 
0 36.7078 18.4938 45.5228 -0.390388 0.920651 0 20279 3 
0 37.8736 19.7178 47.2156 -0.938582 0.345057 0 20279 3 
0 37.596 19.1989 49.2813 -0.808081 0.589072 0 20279 3 
0 37.3734 18.94 51.7915 -0.703369 0.710825 0 20279 3 
0 37.6695 19.3065 46.7692 -0.842632 0.53849 0 20279 3 
0 37.8865 19.7541 45.5933 -0.94468 0.327993 0 20279 3 
0 35.9271 18.3256 53.2695 -0.0232962 0.999729 0 20279 3 
0 36.6772 18.4811 43.2113 -0.376019 0.926612 0 20279 3 
0 37.1872 18.7761 47.992 -0.615834 0.787876 0 20279 3 
0 37.4947 19.0706 51.107 -0.760442 0.649406 0 20279 3 
0 37.8214 19.589 48.49 -0.914039 0.405625 0 20279 3 
0 36.4897 18.415 42.6726 -0.287861 0.957672 0 20279 3 
0 37.9898 20.2048 51.7263 -0.993242 0.116061 0 20279 3 
0 36.6208 18.4591 47.8122 -0.349485 0.936942 0 20279 3 
0 37.2124 18.7962 45.1305 -0.627698 0.778457 0 20279 3 
0 37.8798 19.735 49.545 -0.9415 0.337013 0 20279 3 
0 36.2443 18.3569 52.7105 -0.172455 0.985017 0 20279 3 
0 37.3043 18.8746 48.1485 -0.670901 0.741547 0 20279 3 
0 37.346 18.9134 52.0637 -0.690495 0.723338 0 20279 3 
0 37.697 19.3507 47.0981 -0.855569 0.517689 0 20279 3 
0 37.3535 18.9205 52.4792 -0.694006 0.719969 0 20279 3 
0 37.8032 19.5492 44.1626 -0.905484 0.424379 0 20279 3 
0 37.5403 19.1258 52.2202 -0.781862 0.623452 0 20279 3 
0 38.0041 20.4296 46.4008 -0.999946 0.0103549 0 20279 3 
0 36.6162 18.4574 52.8804 -0.347328 0.937744 0 20279 3 
0 37.6247 19.2392 52.5618 -0.821543 0.570146 0 20279 3 
0 36.1899 18.3481 50.887 -0.146901 0.989151 0 20279 3 
0 36.0845 18.3351 45.0203 -0.0973048 0.995255 0 20279 3 
0 36.0916 18.3358 48.6214 -0.100644 0.994923 0 20279 3 
0 37.3735 18.9402 48.9326 -0.703454 0.710741 0 20279 3 
0 37.8069 19.5571 52.0318 -0.907216 0.420664 0 20279 3 
0 37.9622 20.0311 42.6122 -0.980247 0.197776 0 20279 3 
0 38.0042 70.3863 57.6973 -1 0 0 20281 1 
0 38.0042 90.5896 75.9219 -1 0 0 20281 1 
0 38.0042 54.4159 67.0368 -1 0 0 20281 1 
0 38.0042 59.8936 75.5214 -1 0 0 20281 1 
0 38.0042 54.0944 63.8206 -1 0 0 20281 1 
0 38.0042 62.0715 54.622 -1 0 0 20281 1 
0 38.0042 64.8462 64.5893 -1 0 0 20281 1 
0 38.0042 53.8564 65.8742 -1 0 0 20281 1 
0 38.0042 85.5346 63.7912 -1 0 0 20281 1 
0 38.0042 45.0504 58.721 -1 0 0 20281 1 
0 38.0042 71.5486 76.5246 -1 0 0 20281 1 
0 38.0042 42.2363 80.1797 -1 0 0 20281 1 
0 38.0042 65.6693 75.9213 -1 0 0 20281 1 
0 38.0042 53.6216 50.8905 -1 0 0 20281 1 
0 38.0042 67.705 64.6137 -1 0 0 20281 1 
0 38.0042 55.9115 65.0284 -1 0 0 20281 1 
0 38.0042 63.8754 49.1592 -1 0 0 20281 1 
0 38.0042 57.2581 50.5949 -1 0 0 20281 1 
0 38.0042 61.6599 64.4808 -1 0 0 20281 1 
0 38.0042 80.0481 43.6404 -1 0 0 20281 1 
0 38.0042 47.5173 59.6219 -1 0 0 20281 1 
0 38.0042 67.833 65.0873 -1 0 0 20281 1 
0 38.0042 56.4959 55.7901 -1 0 0 20281 1 
0 38.0042 29.0425 47.7372 -1 0 0 20281 1 
0 38.0042 52.1416 52.521 -1 0 0 20281 1 
0 38.0042 38.1782 67.6314 -1 0 0 20281 1 
0 38.0042 61.0764 56.2515 -1 0 0 20281 1 
0 38.0042 77.9204 51.6448 -1 0 0 20281 1 
0 38.0042 72.9642 83.4824 -1 0 0 20281 1 
0 38.0042 58.7433 80.6987 -1 0 0 20281 1 
0 38.0042 87.5739 78.6288 -1 0 0 20281 1 
0 38.0042 84.314 68.8623 -1 0 0 20281 1 
0 38.0042 72.2268 51.7005 -1 0 0 20281 1 
0 38.0042 67.4226 79.0112 -1 0 0 20281 1 
0 38.0042 83.8739 59.2445 -1 0 0 20281 1 
0 38.0042 56.2117 63.3753 -1 0 0 20281 1 
0 38.0042 56.3288 46.3772 -1 0 0 20281 1 
0 38.0042 37.7096 74.5182 -1 0 0 20281 1 
0 44.092 34.2241 55.9912 0 -1 0 20810 1 
0 46.8976 34.2241 58.541 0 -1 0 20810 1 
0 38.5997 34.2241 84.1023 0 -1 0 20810 1 
0 44.031 34.2241 54.5658 0 -1 0 20810 1 
0 41.5253 34.2241 60.7644 0 -1 0 20810 1 
0 40.5004 34.2241 63.8824 0 -1 0 20810 1 
0 42.348 34.2241 78.7284 0 -1 0 20810 1 
0 38.5914 34.2241 74.0066 0 -1 0 20810 1 
0 38.5407 34.2241 82.439 0 -1 0 20810 1 
0 48.3473 34.2241 83.0867 0 -1 0 20810 1 
0 50.4065 34.2241 71.4978 0 -1 0 20810 1 
0 39.3858 34.2241 83.2355 0 -1 0 20810 1 
0 46.4417 34.2241 59.63 0 -1 0 20810 1 
0 50.2691 34.2241 66.4695 0 -1 0 20810 1 
0 42.5556 34.2241 60.0922 0 -1 0 20810 1 
0 38.3704 34.2241 56.176 0 -1 0 20810 1 
0 40.1229 34.2241 63.9844 0 -1 0 20810 1 
0 39.5365 34.2241 73.2556 0 -1 0 20810 1 
0 48.7837 34.2241 68.0024 0 -1 0 20810 1 
0 49.06 34.2241 76.0691 0 -1 0 20810 1 
0 39.1474 34.2241 59.3511 0 -1 0 20810 1 
0 48.3442 34.2241 75.7478 0 -1 0 20810 1 
0 44.3819 34.2241 58.4017 0 -1 0 20810 1 
0 43.394 34.2241 62.4759 0 -1 0 20810 1 
0 43.8283 34.2241 58.2146 0 -1 0 20810 1 
0 49.1452 34.2241 74.0614 0 -1 0 20810 1 
0 49.0166 34.2241 59.4577 0 -1 0 20810 1 
0 48.8565 34.2241 84.353 0 -1 0 20810 1 
0 49.9485 34.2241 66.0587 0 -1 0 20810 1 
0 41.1412 34.2241 53.5065 0 -1 0 20810 1 
0 42.9436 34.2241 69.1045 0 -1 0 20810 1 
0 44.9268 34.2241 64.6883 0 -1 0 20810 1 
0 43.6767 34.2241 58.4532 0 -1 0 20810 1 
0 43.261 34.2241 74.0111 0 -1 0 20810 1 
0 41.0078 34.2241 71.5468 0 -1 0 20810 1 
0 45.5986 34.2241 77.6217 0 -1 0 20810 1 
0 46.0832 34.2241 74.9181 0 -1 0 20810 1 
0 46.6544 34.2241 63.8685 0 -1 0 20810 1 
0 51.3796 34.0621 66.4366 -0.513603 -0.858028 0 20772 3 
0 51.4723 34.0003 65.9158 -0.594848 -0.803838 0 20772 3 
0 51.8957 33.3785 62.2478 -0.965922 -0.258835 0 20772 3 
0 50.8753 34.2211 64.1313 -0.0715334 -0.997438 0 20772 3 
0 51.9346 33.0851 71.1863 -0.999999 0 0 20772 3 
0 51.5275 33.9568 69.3495 -0.643169 -0.765724 0 20772 3 
0 51.6916 33.787 77.1565 -0.78702 -0.616928 0 20772 3 
0 51.8408 33.5361 84.5208 -0.91781 -0.39702 0 20772 3 
0 51.8751 33.4466 72.7489 -0.947919 -0.318512 0 20772 3 
0 51.8957 33.3784 62.1447 -0.965946 -0.258743 0 20772 3 
0 51.7182 33.7516 65.8775 -0.81039 -0.585891 0 20772 3 
0 51.9099 33.3193 81.4836 -0.978351 -0.206954 0 20772 3 
0 51.9268 33.216 62.2109 -0.993195 -0.116466 0 20772 3 
0 50.9312 34.2157 78.6444 -0.120534 -0.992709 0 20772 3 
0 51.8082 33.605 75.5002 -0.889261 -0.4574 0 20772 3 
0 51.499 33.9799 63.7773 -0.618229 -0.785998 0 20772 3 
0 51.9343 33.1072 58.3441 -0.999779 -0.0210446 0 20772 3 
0 51.415 34.0401 67.7272 -0.544556 -0.838725 0 20772 3 
0 51.9272 33.2122 83.3253 -0.99358 -0.113132 0 20772 3 
0 50.9492 34.2134 61.3693 -0.136317 -0.990665 0 20772 3 
0 51.385 34.0589 74.6351 -0.518264 -0.855221 0 20772 3 
0 51.2037 34.1478 53.5884 -0.35939 -0.933187 0 20772 3 
0 51.1712 34.1598 55.9864 -0.330934 -0.943654 0 20772 3 
0 51.7769 33.6618 58.6603 -0.861833 -0.507193 0 20772 3 
0 51.8895 33.4006 77.8749 -0.960521 -0.278206 0 20772 3 
0 51.0888 34.1852 65.6551 -0.258671 -0.965965 0 20772 3 
0 51.1414 34.1698 71.2788 -0.304755 -0.952431 0 20772 3 
0 51.8535 33.5055 64.1268 -0.928964 -0.370171 0 20772 3 
0 51.2355 34.135 77.2861 -0.387295 -0.921956 0 20772 3 
0 51.87 33.4616 85.5597 -0.943383 -0.331705 0 20772 3 
0 50.9831 34.2082 68.355 -0.166004 -0.986125 0 20772 3 
0 51.6842 33.7963 66.3915 -0.780545 -0.6251 0 20772 3 
0 51.6106 33.8795 84.2972 -0.716083 -0.698015 0 20772 3 
0 51.3821 34.0606 54.403 -0.515781 -0.85672 0 20772 3 
0 51.9285 33.2011 76.273 -0.994641 -0.103387 0 20772 3 
0 51.2564 34.126 84.4381 -0.405559 -0.914069 0 20772 3 
0 51.8929 33.3888 70.122 -0.963453 -0.267876 0 20772 3 
0 51.2995 34.1058 60.1297 -0.443383 -0.896332 0 20772 3 
0 51.9346 6.75553 71.9797 -1 0 0 21669 1 
0 51.9346 -19.4896 73.6351 -1 0 0 21669 1 
0 51.9346 -20.0998 67.052 -1 0 0 21669 1 
0 51.9346 -22.5354 71.6954 -1 0 0 21669 1 
0 51.9346 -13.6129 58.7875 -1 0 0 21669 1 
0 51.9346 30.0685 57.7904 -1 0 0 21669 1 
0 51.9346 17.7848 59.3064 -1 0 0 21669 1 
0 51.9346 8.48735 60.2576 -1 0 0 21669 1 
0 51.9346 14.1039 62.0888 -1 0 0 21669 1 
0 51.9346 19.2175 65.4216 -1 0 0 21669 1 
0 51.9346 8.90773 78.9183 -1 0 0 21669 1 
0 51.9346 -5.68454 86.9146 -1 0 0 21669 1 
0 51.9346 24.5637 76.9697 -1 0 0 21669 1 
0 51.9346 2.01099 60.9181 -1 0 0 21669 1 
0 51.9346 -7.13781 61.5714 -1 0 0 21669 1 
0 51.9346 3.38461 78.839 -1 0 0 21669 1 
0 51.9346 16.5204 73.3909 -1 0 0 21669 1 
0 51.9346 8.78217 68.2561 -1 0 0 21669 1 
0 51.9346 -5.78568 77.4441 -1 0 0 21669 1 
0 51.9346 -11.6289 76.1826 -1 0 0 21669 1 
0 51.9346 4.60808 76.6629 -1 0 0 21669 1 
0 51.9346 5.83804 74.3392 -1 0 0 21669 1 
0 51.9346 -0.283045 71.2984 -1 0 0 21669 1 
0 51.9346 -11.4554 86.7978 -1 0 0 21669 1 
0 51.9346 -36.6479 69.1698 -1 0 0 21669 1 
0 51.9346 18.1096 55.0957 -1 0 0 21669 1 
0 51.9346 -19.124 73.7122 -1 0 0 21669 1 
0 51.9346 -8.70484 63.9988 -1 0 0 21669 1 
0 51.9346 0.796943 56.15 -1 0 0 21669 1 
0 51.9346 3.14786 60.1793 -1 0 0 21669 1 
0 51.9346 -5.39035 66.9585 -1 0 0 21669 1 
0 51.9346 18.253 86.3855 -1 0 0 21669 1 
0 51.9346 -26.074 64.9849 -1 0 0 21669 1 
0 51.9346 3.16359 80.4237 -1 0 0 21669 1 
0 51.9346 4.6368 62.9976 -1 0 0 21669 1 
0 51.9346 -13.3573 69.839 -1 0 0 21669 1 
0 51.9346 -5.05017 55.1954 -1 0 0 21669 1 
0 51.9346 -19.6098 79.4427 -1 0 0 21669 1 
0 51.4252 -39.7816 63.2485 -0.553511 0.832842 0 21635 3 
0 51.6003 -39.6382 80.0642 -0.707056 0.707157 0 21635 3 
0 51.9274 -38.959 55.667 -0.99372 0.111894 0 21635 3 
0 51.0895 -39.9332 69.7992 -0.259297 0.965798 0 21635 3 
0 51.9333 -38.8843 65.8205 -0.998923 0.0463887 0 21635 3 
0 51.3735 -39.8139 70.37 -0.508245 0.861212 0 21635 3 
0 51.8343 -39.2991 79.1154 -0.912094 0.409981 0 21635 3 
0 51.9257 -38.9736 74.8598 -0.992204 0.124627 0 21635 3 
0 51.3658 -39.8184 74.9122 -0.50148 0.865169 0 21635 3 
0 51.895 -39.1292 63.3966 -0.96533 0.261034 0 21635 3 
0 51.2627 -39.8714 69.3734 -0.411139 0.911573 0 21635 3 
0 51.1232 -39.9236 58.2761 -0.288801 0.957389 0 21635 3 
0 50.8865 -39.9685 77.9761 -0.0813798 0.996683 0 21635 3 
0 50.821 -39.9719 67.6095 -0.0239414 0.999713 0 21635 3 
0 51.1702 -39.9083 55.3093 -0.330007 0.943979 0 21635 3 
0 50.86 -39.9703 57.0775 -0.058115 0.99831 0 21635 3 
0 51.8541 -39.2522 69.9498 -0.929486 0.368857 0 21635 3 
0 51.7368 -39.4733 59.0715 -0.826689 0.56266 0 21635 3 
0 51.9275 -38.9578 84.2813 -0.99384 0.110822 0 21635 3 
0 50.834 -39.9716 59.4845 -0.0353217 0.999376 0 21635 3 
0 51.6113 -39.6271 55.3117 -0.716618 0.697466 0 21635 3 
0 51.4481 -39.7659 79.6633 -0.573568 0.819158 0 21635 3 
0 51.5355 -39.6981 58.3672 -0.650244 0.759725 0 21635 3 
0 51.2063 -39.895 75.4467 -0.361649 0.932314 0 21635 3 
0 51.8664 -39.2198 71.2647 -0.940258 0.340463 0 21635 3 
0 51.4403 -39.7713 85.0858 -0.566814 0.823846 0 21635 3 
0 50.997 -39.954 67.1422 -0.178259 0.983984 0 21635 3 
0 51.8947 -39.1302 72.7124 -0.965085 0.261936 0 21635 3 
0 51.3006 -39.8535 64.6339 -0.444285 0.895886 0 21635 3 
0 51.607 -39.6315 72.734 -0.71288 0.701286 0 21635 3 
0 51.5394 -39.6948 67.1747 -0.653625 0.756819 0 21635 3 
0 51.4067 -39.7936 78.9381 -0.537319 0.843379 0 21635 3 
0 51.5076 -39.7213 53.4982 -0.625717 0.78005 0 21635 3 
0 51.103 -39.9295 80.6332 -0.271129 0.962543 0 21635 3 
0 51.8761 -39.1919 60.9526 -0.948763 0.315989 0 21635 3 
0 50.8724 -39.9695 58.0051 -0.0689989 0.997617 0 21635 3 
0 51.4677 -39.7519 80.4012 -0.590814 0.806808 0 21635 3 
0 51.4685 -39.7513 80.9951 -0.591471 0.806326 0 21635 3 
0 14.6519 -39.9723 63.8751 0 1 0 21841 1 
0 13.555 -39.9723 72.2317 0 1 0 21841 1 
0 44.2764 -39.9723 75.9264 0 1 0 21841 1 
0 35.8681 -39.9723 84.5075 0 1 0 21841 1 
0 12.6797 -39.9723 68.197 0 1 0 21841 1 
0 42.0814 -39.9723 64.454 0 1 0 21841 1 
0 22.9311 -39.9723 79.1983 0 1 0 21841 1 
0 27.1802 -39.9723 73.1881 0 1 0 21841 1 
0 27.1763 -39.9723 83.7317 0 1 0 21841 1 
0 20.3833 -39.9723 79.6168 0 1 0 21841 1 
0 20.5481 -39.9723 82.6272 0 1 0 21841 1 
0 44.8018 -39.9723 74.7629 0 1 0 21841 1 
0 31.6075 -39.9723 60.8863 0 1 0 21841 1 
0 48.5625 -39.9723 80.8452 0 1 0 21841 1 
0 16.833 -39.9723 67.1865 0 1 0 21841 1 
0 42.4679 -39.9723 58.0171 0 1 0 21841 1 
0 47.8014 -39.9723 64.2001 0 1 0 21841 1 
0 16.5736 -39.9723 57.9256 0 1 0 21841 1 
0 12.9453 -39.9723 61.6284 0 1 0 21841 1 
0 27.7971 -39.9723 54.2327 0 1 0 21841 1 
0 15.9135 -39.9723 54.7245 0 1 0 21841 1 
0 26.1885 -39.9723 78.1331 0 1 0 21841 1 
0 17.1779 -39.9723 68.7263 0 1 0 21841 1 
0 14.5829 -39.9723 60.3024 0 1 0 21841 1 
0 4.18365 -39.9723 64.6342 0 1 0 21841 1 
0 23.0667 -39.9723 55.3467 0 1 0 21841 1 
0 17.8411 -39.9723 85.2019 0 1 0 21841 1 
0 22.1489 -39.9723 53.4941 0 1 0 21841 1 
0 39.1275 -39.9723 68.6749 0 1 0 21841 1 
0 11.6942 -39.9723 71.5938 0 1 0 21841 1 
0 37.6892 -39.9723 74.974 0 1 0 21841 1 
0 48.6113 -39.9723 62.2815 0 1 0 21841 1 
0 18.2826 -39.9723 59.4713 0 1 0 21841 1 
0 48.0785 -39.9723 64.7389 0 1 0 21841 1 
0 43.3185 -39.9723 64.2204 0 1 0 21841 1 
0 44.841 -39.9723 84.0261 0 1 0 21841 1 
0 45.908 -39.9723 70.2609 0 1 0 21841 1 
0 26.4089 -39.9723 73.5433 0 1 0 21841 1 
0 39.1695 -20.6804 53.3304 0 0 1 21845 1 
0 13.5343 -36.2089 53.3304 0 0 1 21845 1 
0 48.9674 -34.6992 53.3304 0 0 1 21845 1 
0 43.5615 -8.58206 53.3304 0 0 1 21845 1 
0 10.0452 -24.5708 53.3304 0 0 1 21845 1 
0 32.6609 4.92386 53.3304 0 0 1 21845 1 
0 38.1283 -33.2164 53.3304 0 0 1 21845 1 
0 38.7024 -24.0772 53.3304 0 0 1 21845 1 
0 41.7246 -17.0221 53.3304 0 0 1 21845 1 
0 41.4969 7.88864 53.3304 0 0 1 21845 1 
0 25.6604 -36.8113 53.3304 0 0 1 21845 1 
0 38.9985 -12.3237 53.3304 0 0 1 21845 1 
0 41.8628 5.08391 53.3304 0 0 1 21845 1 
0 33.1067 -19.9548 53.3304 0 0 1 21845 1 
0 31.2985 14.8659 53.3304 0 0 1 21845 1 
0 46.8214 10.195 53.3304 0 0 1 21845 1 
0 48.9898 2.30028 53.3304 0 0 1 21845 1 
0 29.4855 8.8807 53.3304 0 0 1 21845 1 
0 26.7817 5.58225 53.3304 0 0 1 21845 1 
0 44.1693 -3.11833 53.3304 0 0 1 21845 1 
0 26.8291 -10.9627 53.3304 0 0 1 21845 1 
0 28.5274 -4.61634 53.3304 0 0 1 21845 1 
0 37.6587 7.05282 53.3304 0 0 1 21845 1 
0 21.2566 -16.3175 53.3304 0 0 1 21845 1 
0 40.2867 13.8719 53.3304 0 0 1 21845 1 
0 42.7603 -5.94842 53.3304 0 0 1 21845 1 
0 42.7676 -23.4598 53.3304 0 0 1 21845 1 
0 20.4536 9.49543 53.3304 0 0 1 21845 1 
0 43.2041 -19.594 53.3304 0 0 1 21845 1 
0 10.4064 -10.4278 53.3304 0 0 1 21845 1 
0 12.1509 -20.4719 53.3304 0 0 1 21845 1 
0 40.0864 -14.2055 53.3304 0 0 1 21845 1 
0 38.4901 -2.76518 53.3304 0 0 1 21845 1 
0 18.423 5.67762 53.3304 0 0 1 21845 1 
0 20.51 1.73292 53.3304 0 0 1 21845 1 
0 41.681 9.45847 53.3304 0 0 1 21845 1 
0 42.6804 -20.8883 53.3304 0 0 1 21845 1 
0 7.04076 -0.338966 53.3304 0 0 1 21845 1 
0 2.43614 -39.1012 85.1284 0.971633 0.236496 0 21807 3 
0 2.40578 -38.8989 84.7901 0.998248 0.0591703 0 21807 3 
0 2.74367 -39.6438 78.3091 0.70209 0.712089 0 21807 3 
0 2.99463 -39.8309 75.4756 0.482113 0.876109 0 21807 3 
0 2.61865 -39.4978 78.237 0.811666 0.584122 0 21807 3 
0 2.82527 -39.7169 59.7348 0.630567 0.776135 0 21807 3 
0 3.16136 -39.9059 55.1969 0.335974 0.941871 0 21807 3 
0 3.41484 -39.9649 76.7118 0.113798 0.993504 0 21807 3 
0 2.50633 -39.3041 68.1341 0.910118 0.414349 0 21807 3 
0 3.53067 -39.9722 69.4182 0.0122719 0.999925 0 21807 3 
0 3.51637 -39.9719 68.3771 0.0248056 0.999692 0 21807 3 
0 2.50096 -39.2921 53.6547 0.914825 0.40385 0 21807 3 
0 2.404 -38.8538 75.8952 0.999806 0.0197024 0 21807 3 
0 2.50032 -39.2907 59.509 0.915386 0.402578 0 21807 3 
0 2.5398 -39.3716 69.626 0.880782 0.473523 0 21807 3 
0 2.43004 -39.0748 61.9889 0.976981 0.213328 0 21807 3 
0 2.45029 -39.1538 74.534 0.959231 0.282624 0 21807 3 
0 2.70235 -39.6009 68.0102 0.738307 0.674465 0 21807 3 
0 2.74614 -39.6462 75.7203 0.699919 0.714223 0 21807 3 
0 2.569 -39.4227 62.5675 0.855184 0.518325 0 21807 3 
0 2.5082 -39.3082 65.2667 0.908472 0.417945 0 21807 3 
0 3.02631 -39.8477 80.4394 0.454349 0.890824 0 21807 3 
0 3.26949 -39.9386 53.723 0.241197 0.970476 0 21807 3 
0 2.63953 -39.5259 77.6113 0.793366 0.608745 0 21807 3 
0 3.29286 -39.9441 73.4786 0.220721 0.975337 0 21807 3 
0 3.45207 -39.9685 58.1306 0.0811662 0.996701 0 21807 3 
0 3.23661 -39.9299 69.7676 0.270023 0.962854 0 21807 3 
0 3.13398 -39.8958 77.4889 0.359973 0.932963 0 21807 3 
0 2.45322 -39.1636 70.1791 0.956666 0.291188 0 21807 3 
0 2.73597 -39.6361 59.7573 0.708834 0.705376 0 21807 3 
0 3.32963 -39.9518 82.5173 0.188486 0.982076 0 21807 3 
0 3.43094 -39.9666 76.009 0.0996898 0.995019 0 21807 3 
0 2.6078 -39.4825 56.7571 0.821174 0.570678 0 21807 3 
0 2.6641 -39.5568 78.2131 0.771825 0.635835 0 21807 3 
0 2.41517 -38.9922 56.8945 0.990014 0.140972 0 21807 3 
0 3.25887 -39.9359 78.8913 0.250513 0.968113 0 21807 3 
0 3.47684 -39.9702 62.6377 0.0594565 0.998231 0 21807 3 
0 2.75802 -39.6577 70.8868 0.689506 0.72428 0 21807 3 
0 2.40378 -3.94805 61.4741 1 0 0 33477 1 
0 2.40378 -37.2961 55.1634 1 0 0 33477 1 
0 2.40378 7.12451 55.9114 1 0 0 33477 1 
0 2.40378 -33.5898 56.3833 1 0 0 33477 1 
0 2.40378 -33.6209 79.6131 1 0 0 33477 1 
0 2.40378 -25.4456 55.1776 1 0 0 33477 1 
0 2.40378 -32.9989 75.646 1 0 0 33477 1 
0 2.40378 -17.9063 56.9683 1 0 0 33477 1 
0 2.40378 -26.834 70.0402 1 0 0 33477 1 
0 2.40378 -16.6948 56.7751 1 0 0 33477 1 
0 2.40378 -21.7826 68.9007 1 0 0 33477 1 
0 2.40378 -10.8892 54.5054 1 0 0 33477 1 
0 2.40378 -24.113 76.5564 1 0 0 33477 1 
0 2.40378 -31.4059 76.1086 1 0 0 33477 1 
0 2.40378 -30.979 80.3926 1 0 0 33477 1 
0 2.40378 2.91196 56.2147 1 0 0 33477 1 
0 2.40378 -7.91735 59.44 1 0 0 33477 1 
0 2.40378 13.4209 55.9018 1 0 0 33477 1 
0 2.40378 -22.773 60.8143 1 0 0 33477 1 
0 2.40378 16.5962 60.6917 1 0 0 33477 1 
0 2.40378 0.184961 53.8662 1 0 0 33477 1 
0 2.40378 -21.7363 67.5878 1 0 0 33477 1 
0 2.40378 -25.3475 55.875 1 0 0 33477 1 
0 2.40378 15.0547 60.3156 1 0 0 33477 1 
0 2.40378 -30.3389 63.2324 1 0 0 33477 1 
0 2.40378 -32.8851 68.6241 1 0 0 33477 1 
0 2.40378 -21.9014 63.4378 1 0 0 33477 1 
0 2.40378 -19.8006 57.8583 1 0 0 33477 1 
0 2.40378 -16.5604 59.865 1 0 0 33477 1 
0 2.40378 -24.5153 83.2355 1 0 0 33477 1 
0 2.40378 -26.2302 72.7429 1 0 0 33477 1 
0 2.40378 -13.9667 57.9503 1 0 0 33477 1 
0 2.40378 -34.7185 62.7332 1 0 0 33477 1 
0 2.40378 -20.2646 57.1256 1 0 0 33477 1 
0 2.40378 -6.64652 57.99 1 0 0 33477 1 
0 2.40378 3.88023 56.4015 1 0 0 33477 1 
0 2.40378 4.26015 58.172 1 0 0 33477 1 
0 2.40378 -10.3359 57.7024 1 0 0 33477 1 
0 12.2882 18.325 46.4976 0 1 0 33485 1 
0 17.7546 18.325 49.1683 0 1 0 33485 1 
0 -7.25491 18.325 52.5415 0 1 0 33485 1 
0 -35.4234 18.325 59.1409 0 1 0 33485 1 
0 -19.0344 18.325 53.5219 0 1 0 33485 1 
0 -12.7673 18.325 60.907 0 1 0 33485 1 
0 24.8243 18.325 47.2225 0 1 0 33485 1 
0 17.6174 18.325 50.3367 0 1 0 33485 1 
0 -17.1642 18.325 63.2143 0 1 0 33485 1 
0 12.1356 18.325 45.6566 0 1 0 33485 1 
0 -6.40725 18.325 52.9818 0 1 0 33485 1 
0 -0.054199 18.325 63.1096 0 1 0 33485 1 
0 17.9791 18.325 46.0623 0 1 0 33485 1 
0 -13.5622 18.325 52.4155 0 1 0 33485 1 
0 -15.0068 18.325 45.7402 0 1 0 33485 1 
0 11.5208 18.325 47.2438 0 1 0 33485 1 
0 -2.28831 18.325 53.634 0 1 0 33485 1 
0 -26.4538 18.325 61.2401 0 1 0 33485 1 
0 -20.9365 18.325 47.4325 0 1 0 33485 1 
0 -10.2239 18.325 58.2107 0 1 0 33485 1 
0 17.0544 18.325 46.9316 0 1 0 33485 1 
0 -9.55837 18.325 57.4904 0 1 0 33485 1 
0 -26.3716 18.325 54.3552 0 1 0 33485 1 
0 24.1437 18.325 47.149 0 1 0 33485 1 
0 -20.2261 18.325 52.5789 0 1 0 33485 1 
0 2.39534 18.325 54.5715 0 1 0 33485 1 
0 -32.407 18.325 46.2568 0 1 0 33485 1 
0 -21.8657 18.325 47.1398 0 1 0 33485 1 
0 -30.2651 18.325 49.3334 0 1 0 33485 1 
0 19.8319 18.325 50.663 0 1 0 33485 1 
0 -30.3836 18.325 61.765 0 1 0 33485 1 
0 -32.904 18.325 56.613 0 1 0 33485 1 
0 -19.5145 18.325 57.2323 0 1 0 33485 1 
0 -28.1506 18.325 47.6355 0 1 0 33485 1 
0 -0.656045 18.325 54.3571 0 1 0 33485 1 
0 -19.1638 18.325 53.0867 0 1 0 33485 1 
0 -23.0379 18.325 48.136 0 1 0 33485 1 
0 10.263 18.325 48.3974 0 1 0 33485 1 
0 -55.2585 57.081 87.0223 0 0 1 34674 1 
0 -68.451 38.2739 87.0223 0 0 1 34674 1 
0 68.7094 -61.8982 87.0223 0 0 1 34674 1 
0 -37.2237 -57.0523 87.0223 0 0 1 34674 1 
0 53.4927 -89.2776 87.0223 0 0 1 34674 1 
0 63.6468 17.2286 87.0223 0 0 1 34674 1 
0 72.5794 65.9007 87.0223 0 0 1 34674 1 
0 4.23591 -67.3283 87.0223 0 0 1 34674 1 
0 -22.962 -69.064 87.0223 0 0 1 34674 1 
0 -23.4789 -38.4302 87.0223 0 0 1 34674 1 
0 -50.0037 -25.1506 87.0223 0 0 1 34674 1 
0 -43.0489 86.2936 87.0223 0 0 1 34674 1 
0 -70.3654 -6.49492 87.0223 0 0 1 34674 1 
0 53.7928 28.7007 87.0223 0 0 1 34674 1 
0 -72.4829 -11.1322 87.0223 0 0 1 34674 1 
0 -50.2096 77.4972 87.0223 0 0 1 34674 1 
0 -26.4184 -54.935 87.0223 0 0 1 34674 1 
0 -12.7135 -37.8105 87.0223 0 0 1 34674 1 
0 -57.7978 51.197 87.0223 0 0 1 34674 1 
0 52.4103 57.5912 87.0223 0 0 1 34674 1 
0 -8.23947 -28.7008 87.0223 0 0 1 34674 1 
0 -16.4472 -79.4282 87.0223 0 0 1 34674 1 
0 -72.7216 73.3453 87.0223 0 0 1 34674 1 
0 -4.63204 -90.3571 87.0223 0 0 1 34674 1 
0 -67.1098 78.9758 87.0223 0 0 1 34674 1 
0 63.0813 -31.6134 87.0223 0 0 1 34674 1 
0 33.7562 -63.0691 87.0223 0 0 1 34674 1 
0 -22.9026 -56.8101 87.0223 0 0 1 34674 1 
0 -43.7757 22.6591 87.0223 0 0 1 34674 1 
0 -50.3701 33.2171 87.0223 0 0 1 34674 1 
0 -68.9334 -35.2801 87.0223 0 0 1 34674 1 
0 61.9431 -57.99 87.0223 0 0 1 34674 1 
0 49.5976 74.8083 87.0223 0 0 1 34674 1 
0 -6.24098 -47.5793 87.0223 0 0 1 34674 1 
0 56.7402 -18.3906 87.0223 0 0 1 34674 1 
0 -68.5021 -64.8514 87.0223 0 0 1 34674 1 
0 -43.038 82.3446 87.0223 0 0 1 34674 1 
0 34.0345 -85.4507 87.0223 0 0 1 34674 1 
0 -14.6064 -18.3069 63.6027 0 0 1 34680 1 
0 -5.87725 -11.8737 63.6027 0 0 1 34680 1 
0 -28.526 5.24196 63.6027 0 0 1 34680 1 
0 -10.3425 9.26269 63.6027 0 0 1 34680 1 
0 -24.0283 1.28215 63.6027 0 0 1 34680 1 
0 -8.20349 -3.86474 63.6027 0 0 1 34680 1 
0 -29.2005 -16.1663 63.6027 0 0 1 34680 1 
0 -9.96275 14.2749 63.6027 0 0 1 34680 1 
0 -20.7701 -2.0021 63.6027 0 0 1 34680 1 
0 -25.7775 -12.9506 63.6027 0 0 1 34680 1 
0 -9.88665 -10.1819 63.6027 0 0 1 34680 1 
0 -23.8762 -18.4953 63.6027 0 0 1 34680 1 
0 -4.27741 -8.56059 63.6027 0 0 1 34680 1 
0 -16.4563 12.127 63.6027 0 0 1 34680 1 
0 -24.3346 4.13868 63.6027 0 0 1 34680 1 
0 -4.22055 6.63181 63.6027 0 0 1 34680 1 
0 -32.9675 -17.7576 63.6027 0 0 1 34680 1 
0 1.68219 17.6947 63.6027 0 0 1 34680 1 
0 -20.056 -6.82709 63.6027 0 0 1 34680 1 
0 -14.0252 -3.4466 63.6027 0 0 1 34680 1 
0 -3.21165 11.7824 63.6027 0 0 1 34680 1 
0 -8.8129 13.6355 63.6027 0 0 1 34680 1 
0 -6.29512 -12.8527 63.6027 0 0 1 34680 1 
0 1.81541 3.9796 63.6027 0 0 1 34680 1 
0 -11.2715 17.8011 63.6027 0 0 1 34680 1 
0 -24.3137 13.4541 63.6027 0 0 1 34680 1 
0 -30.9139 -2.21104 63.6027 0 0 1 34680 1 
0 -30.0044 -2.02229 63.6027 0 0 1 34680 1 
0 1.71698 11.8555 63.6027 0 0 1 34680 1 
0 -1.13286 9.8883 63.6027 0 0 1 34680 1 
0 -5.11933 5.4194 63.6027 0 0 1 34680 1 
0 -26.2064 -14.377 63.6027 0 0 1 34680 1 
0 -6.96053 1.96084 63.6027 0 0 1 34680 1 
0 -12.3204 2.87667 63.6027 0 0 1 34680 1 
0 -32.4757 14.175 63.6027 0 0 1 34680 1 
0 -24.9045 14.6215 63.6027 0 0 1 34680 1 
0 -15.2061 -3.7175 63.6027 0 0 1 34680 1 
0 -26.4723 1.2677 63.6027 0 0 1 34680 1 
0 -34.1842 -11.0141 71.5644 1 0 0 34684 1 
0 -34.1842 14.5934 67.3766 1 0 0 34684 1 
0 -34.1842 12.8078 66.7499 1 0 0 34684 1 
0 -34.1842 12.1235 73.0835 1 0 0 34684 1 
0 -34.1842 3.66156 64.0304 1 0 0 34684 1 
0 -34.1842 -8.99915 85.8528 1 0 0 34684 1 
0 -34.1842 6.7843 80.2561 1 0 0 34684 1 
0 -34.1842 1.67035 69.8012 1 0 0 34684 1 
0 -34.1842 -9.32278 82.5201 1 0 0 34684 1 
0 -34.1842 -10.2097 67.3039 1 0 0 34684 1 
0 -34.1842 -14.2061 73.5806 1 0 0 34684 1 
0 -34.1842 0.0158259 83.7219 1 0 0 34684 1 
0 -34.1842 -17.8868 83.9755 1 0 0 34684 1 
0 -34.1842 13.5932 68.4435 1 0 0 34684 1 
0 -34.1842 -5.45429 68.6172 1 0 0 34684 1 
0 -34.1842 -18.6164 79.0674 1 0 0 34684 1 
0 -34.1842 14.9768 70.0855 1 0 0 34684 1 
0 -34.1842 0.166494 67.9847 1 0 0 34684 1 
0 -34.1842 10.875 83.1754 1 0 0 34684 1 
0 -34.1842 1.73065 83.3426 1 0 0 34684 1 
0 -34.1842 -13.0413 83.8292 1 0 0 34684 1 
0 -34.1842 -6.28621 73.4698 1 0 0 34684 1 
0 -34.1842 9.50355 83.0793 1 0 0 34684 1 
0 -34.1842 0.773645 77.8262 1 0 0 34684 1 
0 -34.1842 -10.8502 64.5412 1 0 0 34684 1 
0 -34.1842 13.4895 70.8415 1 0 0 34684 1 
0 -34.1842 -2.89621 72.8761 1 0 0 34684 1 
0 -34.1842 -9.23141 83.8398 1 0 0 34684 1 
0 -34.1842 6.18108 68.501 1 0 0 34684 1 
0 -34.1842 -10.7184 82.7446 1 0 0 34684 1 
0 -34.1842 -16.5328 66.5697 1 0 0 34684 1 
0 -34.1842 8.65208 86.249 1 0 0 34684 1 
0 -34.1842 9.32255 68.5989 1 0 0 34684 1 
0 -34.1842 11.1683 79.3892 1 0 0 34684 1 
0 -34.1842 17.5386 72.9257 1 0 0 34684 1 
0 -34.1842 -10.9113 65.4544 1 0 0 34684 1 
0 -34.1842 2.08727 63.6498 1 0 0 34684 1 
0 -34.1842 -9.44586 79.5514 1 0 0 34684 1 
0 -26.6735 -21.5958 83.3279 0 1 0 34688 1 
0 -2.32669 -21.5958 71.9318 0 1 0 34688 1 
0 -5.55229 -21.5958 84.6178 0 1 0 34688 1 
0 -16.5502 -21.5958 81.1789 0 1 0 34688 1 
0 -5.23533 -21.5958 81.6087 0 1 0 34688 1 
0 -7.06367 -21.5958 85.7827 0 1 0 34688 1 
0 -28.5649 -21.5958 70.7125 0 1 0 34688 1 
0 -30.544 -21.5958 70.7968 0 1 0 34688 1 
0 -26.8981 -21.5958 86.6406 0 1 0 34688 1 
0 -19.5275 -21.5958 86.298 0 1 0 34688 1 
0 -23.4667 -21.5958 75.6355 0 1 0 34688 1 
0 -4.20363 -21.5958 83.259 0 1 0 34688 1 
0 -22.7757 -21.5958 66.1166 0 1 0 34688 1 
0 -16.5994 -21.5958 85.6699 0 1 0 34688 1 
0 -15.7826 -21.5958 82.4323 0 1 0 34688 1 
0 -4.19467 -21.5958 71.6407 0 1 0 34688 1 
0 -12.2012 -21.5958 75.5647 0 1 0 34688 1 
0 -20.7065 -21.5958 71.7093 0 1 0 34688 1 
0 -19.1862 -21.5958 72.2635 0 1 0 34688 1 
0 -33.1707 -21.5958 63.9475 0 1 0 34688 1 
0 -20.4659 -21.5958 63.7923 0 1 0 34688 1 
0 -2.51929 -21.5958 84.7201 0 1 0 34688 1 
0 -31.5624 -21.5958 76.3985 0 1 0 34688 1 
0 -26.7079 -21.5958 86.7443 0 1 0 34688 1 
0 -26.5929 -21.5958 78.5631 0 1 0 34688 1 
0 -29.3998 -21.5958 70.8283 0 1 0 34688 1 
0 -21.51 -21.5958 67.4558 0 1 0 34688 1 
0 -4.00352 -21.5958 69.7856 0 1 0 34688 1 
0 -17.3971 -21.5958 71.9387 0 1 0 34688 1 
0 -4.83601 -21.5958 75.1408 0 1 0 34688 1 
0 -14.4681 -21.5958 85.169 0 1 0 34688 1 
0 -25.893 -21.5958 76.9343 0 1 0 34688 1 
0 -7.99472 -21.5958 84.1099 0 1 0 34688 1 
0 -5.82354 -21.5958 70.538 0 1 0 34688 1 
0 -8.95573 -21.5958 67.8746 0 1 0 34688 1 
0 -20.035 -21.5958 83.9517 0 1 0 34688 1 
0 -12.7965 -21.5958 69.3435 0 1 0 34688 1 
0 1.41336 -21.5958 76.1892 0 1 0 34688 1 
0 -33.1978 -21.5957 84.6789 0.0136153 0.999907 0 34650 3 
0 -34.0037 -21.1688 83.3768 0.819528 0.573039 0 34650 3 
0 -33.2023 -21.5956 65.704 0.0181209 0.999836 0 34650 3 
0 -34.0799 -21.0403 68.7849 0.895789 0.444479 0 34650 3 
0 -33.2786 -21.5913 83.8489 0.0944901 0.995526 0 34650 3 
0 -33.6971 -21.4542 85.9077 0.512903 0.858447 0 34650 3 
0 -34.1548 -20.8363 79.507 0.970632 0.240569 0 34650 3 
0 -33.9118 -21.2817 83.8515 0.727642 0.685957 0 34650 3 
0 -33.7943 -21.388 66.6517 0.610189 0.792256 0 34650 3 
0 -33.5282 -21.5347 79.9246 0.344021 0.938962 0 34650 3 
0 -33.8095 -21.3761 84.2132 0.625342 0.780351 0 34650 3 
0 -33.3425 -21.5832 65.9141 0.158319 0.987388 0 34650 3 
0 -33.6191 -21.4962 65.0252 0.43492 0.900469 0 34650 3 
0 -33.3702 -21.5783 76.3914 0.186085 0.982534 0 34650 3 
0 -33.9937 -21.1828 83.9885 0.809545 0.587057 0 34650 3 
0 -34.0032 -21.1695 85.2886 0.819034 0.573746 0 34650 3 
0 -34.1771 -20.7147 74.9356 0.992898 0.118965 0 34650 3 
0 -33.7012 -21.4517 69.3502 0.517032 0.855966 0 34650 3 
0 -33.6538 -21.4786 78.9047 0.469675 0.882839 0 34650 3 
0 -34.1461 -20.869 77.2329 0.961962 0.273184 0 34650 3 
0 -34.0771 -21.0459 75.4274 0.892948 0.45016 0 34650 3 
0 -33.4195 -21.5677 70.8434 0.235331 0.971915 0 34650 3 
0 -34.0953 -21.0078 85.1522 0.911158 0.412057 0 34650 3 
0 -33.1901 -21.5958 75.8167 0 0.999983 0 34650 3 
0 -33.8922 -21.3019 72.887 0.708071 0.706141 0 34650 3 
0 -33.3859 -21.5752 81.5325 0.201769 0.979433 0 34650 3 
0 -33.4305 -21.565 67.1263 0.246358 0.969179 0 34650 3 
0 -33.9693 -21.2151 75.0022 0.785152 0.619303 0 34650 3 
0 -34.1832 -20.6391 83.4408 0.999063 0.0432751 0 34650 3 
0 -33.5519 -21.5257 66.3079 0.367786 0.92991 0 34650 3 
0 -33.7047 -21.4496 79.9277 0.520516 0.853852 0 34650 3 
0 -33.4833 -21.55 76.8491 0.299134 0.954211 0 34650 3 
0 -34.0807 -21.0387 84.8159 0.896576 0.44289 0 34650 3 
0 -34.08 -21.0401 66.1838 0.895885 0.444286 0 34650 3 
0 -33.7134 -21.4443 86.839 0.529228 0.84848 0 34650 3 
0 -33.233 -21.5946 86.2562 0.0488787 0.998805 0 34650 3 
0 -33.5844 -21.5122 79.6778 0.400229 0.916415 0 34650 3 
0 -33.3231 -21.5861 70.1439 0.138931 0.990302 0 34650 3 
